C,NEMP.WORLD,NEXT_DAY_ACTUAL_GEN,AEMO,PUBLIC,2016/06/20,04:10:20,0000000272322596,NEXT_DAY_ACTUAL_GEN,0000000272322596
I,METER_DATA,GEN_DUID,1,INTERVAL_DATETIME,DUID,MWH_READING,LASTCHANGED
D,METER_DATA,GEN_DUID,1,"2016/06/19 04:05:00",BBDISEL1,0,"2016/06/19 04:00:05"
D,METER_DATA,GEN_DUID,1,"2016/06/19 04:05:00",BUTLERSG,7.799998,"2016/06/19 04:00:05"
D,METER_DATA,GEN_DUID,1,"2016/06/19 04:05:00",CALL_A_4,0,"2016/06/19 04:00:05"
D,METER_DATA,GEN_DUID,1,"2016/06/19 04:05:00",CAPTL_WF,29.032005,"2016/06/19 04:00:05"
D,METER_DATA,GEN_DUID,1,"2016/06/19 04:05:00",CATAGUN1,0,"2016/06/19 04:00:05"
D,METER_DATA,GEN_DUID,1,"2016/06/19 04:05:00",CATHROCK,17.41,"2016/06/19 04:00:05"
D,METER_DATA,GEN_DUID,1,"2016/06/19 04:05:00",CHALLHWF,7.30,"2016/06/19 04:00:05"
D,METER_DATA,GEN_DUID,1,"2016/06/19 04:05:00",CLOVER,-0.01,"2016/06/19 04:00:05"
D,METER_DATA,GEN_DUID,1,"2016/06/19 04:05:00",CLUNY,13.775560,"2016/06/19 04:00:05"
D,METER_DATA,GEN_DUID,1,"2016/06/19 04:05:00",CNUNDAWF,2.002336,"2016/06/19 04:00:05"
D,METER_DATA,GEN_DUID,1,"2016/06/19 04:05:00",CULLRGWF,13.05,"2016/06/19 04:00:05"
D,METER_DATA,GEN_DUID,1,"2016/06/19 04:05:00",ERGT01,0,"2016/06/19 04:00:05"
D,METER_DATA,GEN_DUID,1,"2016/06/19 04:05:00",GB01,0.139076,"2016/06/19 04:00:05"
D,METER_DATA,GEN_DUID,1,"2016/06/19 04:05:00",GEORGTN1,0,"2016/06/19 04:00:05"
D,METER_DATA,GEN_DUID,1,"2016/06/19 04:05:00",GEORGTN2,0,"2016/06/19 04:00:05"
D,METER_DATA,GEN_DUID,1,"2016/06/19 04:05:00",GERMCRK,38.200001,"2016/06/19 04:00:05"
D,METER_DATA,GEN_DUID,1,"2016/06/19 04:05:00",INVICTA,14.35,"2016/06/19 04:00:05"
D,METER_DATA,GEN_DUID,1,"2016/06/19 04:05:00",LKBONNY1,4.554778,"2016/06/19 04:00:05"
D,METER_DATA,GEN_DUID,1,"2016/06/19 04:05:00",MBAHNTH,59.531254,"2016/06/19 04:00:05"
D,METER_DATA,GEN_DUID,1,"2016/06/19 04:05:00",MEADOWB2,0,"2016/06/19 04:00:05"
D,METER_DATA,GEN_DUID,1,"2016/06/19 04:05:00",MLWF1,2.10,"2016/06/19 04:00:05"
D,METER_DATA,GEN_DUID,1,"2016/06/19 04:05:00",MTMILLAR,19.860861,"2016/06/19 04:00:05"
D,METER_DATA,GEN_DUID,1,"2016/06/19 04:05:00",PALOONA,21.859999,"2016/06/19 04:00:05"
D,METER_DATA,GEN_DUID,1,"2016/06/19 04:05:00",PORTLAT1,0,"2016/06/19 04:00:05"
D,METER_DATA,GEN_DUID,1,"2016/06/19 04:05:00",PORTWF,0.20,"2016/06/19 04:00:05"
D,METER_DATA,GEN_DUID,1,"2016/06/19 04:05:00",QUERIVE1,-0.12,"2016/06/19 04:00:05"
D,METER_DATA,GEN_DUID,1,"2016/06/19 04:05:00",REPULSE,29.611469,"2016/06/19 04:00:05"
D,METER_DATA,GEN_DUID,1,"2016/06/19 04:05:00",ROWALLAN,9.9471,"2016/06/19 04:00:05"
D,METER_DATA,GEN_DUID,1,"2016/06/19 04:05:00",ROYALLA1,0,"2016/06/19 04:00:05"
D,METER_DATA,GEN_DUID,1,"2016/06/19 04:05:00",RPCG,-0.20,"2016/06/19 04:00:05"
D,METER_DATA,GEN_DUID,1,"2016/06/19 04:05:00",RUBICON,0,"2016/06/19 04:00:05"
D,METER_DATA,GEN_DUID,1,"2016/06/19 04:05:00",STARHLWF,0.199942,"2016/06/19 04:00:05"
D,METER_DATA,GEN_DUID,1,"2016/06/19 04:05:00",WAUBRAWF,15.4360,"2016/06/19 04:00:05"
D,METER_DATA,GEN_DUID,1,"2016/06/19 04:05:00",WOOLNTH1,46.410019,"2016/06/19 04:00:05"
D,METER_DATA,GEN_DUID,1,"2016/06/19 04:05:00",WPWF,3,"2016/06/19 04:00:05"
D,METER_DATA,GEN_DUID,1,"2016/06/19 04:05:00",YAMBUKWF,0,"2016/06/19 04:00:05"
D,METER_DATA,GEN_DUID,1,"2016/06/19 04:10:00",BBDISEL1,0,"2016/06/19 04:05:05"
D,METER_DATA,GEN_DUID,1,"2016/06/19 04:10:00",BUTLERSG,7.799998,"2016/06/19 04:05:05"
D,METER_DATA,GEN_DUID,1,"2016/06/19 04:10:00",CALL_A_4,0,"2016/06/19 04:05:05"
D,METER_DATA,GEN_DUID,1,"2016/06/19 04:10:00",CAPTL_WF,19.727997,"2016/06/19 04:05:05"
D,METER_DATA,GEN_DUID,1,"2016/06/19 04:10:00",CATAGUN1,0,"2016/06/19 04:05:05"
D,METER_DATA,GEN_DUID,1,"2016/06/19 04:10:00",CATHROCK,17.379999,"2016/06/19 04:05:05"
D,METER_DATA,GEN_DUID,1,"2016/06/19 04:10:00",CHALLHWF,7.10,"2016/06/19 04:05:05"
D,METER_DATA,GEN_DUID,1,"2016/06/19 04:10:00",CLOVER,-0.01,"2016/06/19 04:05:05"
D,METER_DATA,GEN_DUID,1,"2016/06/19 04:10:00",CLUNY,14.632960,"2016/06/19 04:05:05"
D,METER_DATA,GEN_DUID,1,"2016/06/19 04:10:00",CNUNDAWF,2.002336,"2016/06/19 04:05:05"
D,METER_DATA,GEN_DUID,1,"2016/06/19 04:10:00",CULLRGWF,14.69,"2016/06/19 04:05:05"
D,METER_DATA,GEN_DUID,1,"2016/06/19 04:10:00",ERGT01,0,"2016/06/19 04:05:05"
D,METER_DATA,GEN_DUID,1,"2016/06/19 04:10:00",GB01,0.139076,"2016/06/19 04:05:05"
D,METER_DATA,GEN_DUID,1,"2016/06/19 04:10:00",GEORGTN1,0,"2016/06/19 04:05:05"
D,METER_DATA,GEN_DUID,1,"2016/06/19 04:10:00",GEORGTN2,0,"2016/06/19 04:05:05"
D,METER_DATA,GEN_DUID,1,"2016/06/19 04:10:00",GERMCRK,38.400002,"2016/06/19 04:05:05"
D,METER_DATA,GEN_DUID,1,"2016/06/19 04:10:00",INVICTA,14.35,"2016/06/19 04:05:05"
D,METER_DATA,GEN_DUID,1,"2016/06/19 04:10:00",LKBONNY1,5.537180,"2016/06/19 04:05:05"
D,METER_DATA,GEN_DUID,1,"2016/06/19 04:10:00",MBAHNTH,59.531254,"2016/06/19 04:05:05"
D,METER_DATA,GEN_DUID,1,"2016/06/19 04:10:00",MEADOWB2,0,"2016/06/19 04:05:05"
D,METER_DATA,GEN_DUID,1,"2016/06/19 04:10:00",MLWF1,1.89,"2016/06/19 04:05:05"
D,METER_DATA,GEN_DUID,1,"2016/06/19 04:10:00",MTMILLAR,17.888912,"2016/06/19 04:05:05"
D,METER_DATA,GEN_DUID,1,"2016/06/19 04:10:00",PALOONA,21.859999,"2016/06/19 04:05:05"
D,METER_DATA,GEN_DUID,1,"2016/06/19 04:10:00",PORTLAT1,0,"2016/06/19 04:05:05"
D,METER_DATA,GEN_DUID,1,"2016/06/19 04:10:00",PORTWF,0.70,"2016/06/19 04:05:05"
D,METER_DATA,GEN_DUID,1,"2016/06/19 04:10:00",QUERIVE1,-0.12,"2016/06/19 04:05:05"
D,METER_DATA,GEN_DUID,1,"2016/06/19 04:10:00",REPULSE,27.991795,"2016/06/19 04:05:05"
D,METER_DATA,GEN_DUID,1,"2016/06/19 04:10:00",ROWALLAN,9.7483,"2016/06/19 04:05:05"
D,METER_DATA,GEN_DUID,1,"2016/06/19 04:10:00",ROYALLA1,0,"2016/06/19 04:05:05"
D,METER_DATA,GEN_DUID,1,"2016/06/19 04:10:00",RPCG,-0.20,"2016/06/19 04:05:05"
D,METER_DATA,GEN_DUID,1,"2016/06/19 04:10:00",RUBICON,0,"2016/06/19 04:05:05"
D,METER_DATA,GEN_DUID,1,"2016/06/19 04:10:00",STARHLWF,0.199942,"2016/06/19 04:05:05"
D,METER_DATA,GEN_DUID,1,"2016/06/19 04:10:00",WAUBRAWF,14.4360,"2016/06/19 04:05:05"
D,METER_DATA,GEN_DUID,1,"2016/06/19 04:10:00",WOOLNTH1,44.810013,"2016/06/19 04:05:05"
D,METER_DATA,GEN_DUID,1,"2016/06/19 04:10:00",WPWF,6,"2016/06/19 04:05:05"
D,METER_DATA,GEN_DUID,1,"2016/06/19 04:10:00",YAMBUKWF,0,"2016/06/19 04:05:05"
D,METER_DATA,GEN_DUID,1,"2016/06/19 04:15:00",BBDISEL1,0,"2016/06/19 04:10:04"
D,METER_DATA,GEN_DUID,1,"2016/06/19 04:15:00",BUTLERSG,7.799998,"2016/06/19 04:10:04"
D,METER_DATA,GEN_DUID,1,"2016/06/19 04:15:00",CALL_A_4,0,"2016/06/19 04:10:04"
D,METER_DATA,GEN_DUID,1,"2016/06/19 04:15:00",CAPTL_WF,18.940002,"2016/06/19 04:10:04"
D,METER_DATA,GEN_DUID,1,"2016/06/19 04:15:00",CATAGUN1,0,"2016/06/19 04:10:04"
D,METER_DATA,GEN_DUID,1,"2016/06/19 04:15:00",CATHROCK,16.749998,"2016/06/19 04:10:04"
D,METER_DATA,GEN_DUID,1,"2016/06/19 04:15:00",CHALLHWF,7.40,"2016/06/19 04:10:04"
D,METER_DATA,GEN_DUID,1,"2016/06/19 04:15:00",CLOVER,-0.01,"2016/06/19 04:10:04"
D,METER_DATA,GEN_DUID,1,"2016/06/19 04:15:00",CLUNY,14.8616,"2016/06/19 04:10:04"
D,METER_DATA,GEN_DUID,1,"2016/06/19 04:15:00",CNUNDAWF,2.402803,"2016/06/19 04:10:04"
D,METER_DATA,GEN_DUID,1,"2016/06/19 04:15:00",CULLRGWF,14.20,"2016/06/19 04:10:04"
D,METER_DATA,GEN_DUID,1,"2016/06/19 04:15:00",ERGT01,0,"2016/06/19 04:10:04"
D,METER_DATA,GEN_DUID,1,"2016/06/19 04:15:00",GB01,0.139076,"2016/06/19 04:10:04"
D,METER_DATA,GEN_DUID,1,"2016/06/19 04:15:00",GEORGTN1,0,"2016/06/19 04:10:04"
D,METER_DATA,GEN_DUID,1,"2016/06/19 04:15:00",GEORGTN2,0,"2016/06/19 04:10:04"
D,METER_DATA,GEN_DUID,1,"2016/06/19 04:15:00",GERMCRK,38.400002,"2016/06/19 04:10:04"
D,METER_DATA,GEN_DUID,1,"2016/06/19 04:15:00",INVICTA,14.35,"2016/06/19 04:10:04"
D,METER_DATA,GEN_DUID,1,"2016/06/19 04:15:00",LKBONNY1,5.805109,"2016/06/19 04:10:04"
D,METER_DATA,GEN_DUID,1,"2016/06/19 04:15:00",MBAHNTH,59.531254,"2016/06/19 04:10:04"
D,METER_DATA,GEN_DUID,1,"2016/06/19 04:15:00",MEADOWB2,0,"2016/06/19 04:10:04"
D,METER_DATA,GEN_DUID,1,"2016/06/19 04:15:00",MLWF1,1.7850,"2016/06/19 04:10:04"
D,METER_DATA,GEN_DUID,1,"2016/06/19 04:15:00",MTMILLAR,18.536306,"2016/06/19 04:10:04"
D,METER_DATA,GEN_DUID,1,"2016/06/19 04:15:00",PALOONA,21.859999,"2016/06/19 04:10:04"
D,METER_DATA,GEN_DUID,1,"2016/06/19 04:15:00",PORTLAT1,0,"2016/06/19 04:10:04"
D,METER_DATA,GEN_DUID,1,"2016/06/19 04:15:00",PORTWF,1.60,"2016/06/19 04:10:04"
D,METER_DATA,GEN_DUID,1,"2016/06/19 04:15:00",QUERIVE1,-0.11,"2016/06/19 04:10:04"
D,METER_DATA,GEN_DUID,1,"2016/06/19 04:15:00",REPULSE,28.677774,"2016/06/19 04:10:04"
D,METER_DATA,GEN_DUID,1,"2016/06/19 04:15:00",ROWALLAN,9.9542,"2016/06/19 04:10:04"
D,METER_DATA,GEN_DUID,1,"2016/06/19 04:15:00",ROYALLA1,0,"2016/06/19 04:10:04"
D,METER_DATA,GEN_DUID,1,"2016/06/19 04:15:00",RPCG,-0.20,"2016/06/19 04:10:04"
D,METER_DATA,GEN_DUID,1,"2016/06/19 04:15:00",RUBICON,0,"2016/06/19 04:10:04"
D,METER_DATA,GEN_DUID,1,"2016/06/19 04:15:00",STARHLWF,0.199942,"2016/06/19 04:10:04"
D,METER_DATA,GEN_DUID,1,"2016/06/19 04:15:00",WAUBRAWF,13.2040,"2016/06/19 04:10:04"
D,METER_DATA,GEN_DUID,1,"2016/06/19 04:15:00",WOOLNTH1,43.940018,"2016/06/19 04:10:04"
D,METER_DATA,GEN_DUID,1,"2016/06/19 04:15:00",WPWF,9,"2016/06/19 04:10:04"
D,METER_DATA,GEN_DUID,1,"2016/06/19 04:15:00",YAMBUKWF,-0.20,"2016/06/19 04:10:04"
D,METER_DATA,GEN_DUID,1,"2016/06/19 04:20:00",BBDISEL1,0,"2016/06/19 04:15:04"
D,METER_DATA,GEN_DUID,1,"2016/06/19 04:20:00",BUTLERSG,7.799998,"2016/06/19 04:15:04"
D,METER_DATA,GEN_DUID,1,"2016/06/19 04:20:00",CALL_A_4,0,"2016/06/19 04:15:04"
D,METER_DATA,GEN_DUID,1,"2016/06/19 04:20:00",CAPTL_WF,19.272003,"2016/06/19 04:15:04"
D,METER_DATA,GEN_DUID,1,"2016/06/19 04:20:00",CATAGUN1,0,"2016/06/19 04:15:04"
D,METER_DATA,GEN_DUID,1,"2016/06/19 04:20:00",CATHROCK,17.58,"2016/06/19 04:15:04"
D,METER_DATA,GEN_DUID,1,"2016/06/19 04:20:00",CHALLHWF,6.90,"2016/06/19 04:15:04"
D,METER_DATA,GEN_DUID,1,"2016/06/19 04:20:00",CLOVER,-0.01,"2016/06/19 04:15:04"
D,METER_DATA,GEN_DUID,1,"2016/06/19 04:20:00",CLUNY,15.890480,"2016/06/19 04:15:04"
D,METER_DATA,GEN_DUID,1,"2016/06/19 04:20:00",CNUNDAWF,2.803270,"2016/06/19 04:15:04"
D,METER_DATA,GEN_DUID,1,"2016/06/19 04:20:00",CULLRGWF,13.84,"2016/06/19 04:15:04"
D,METER_DATA,GEN_DUID,1,"2016/06/19 04:20:00",ERGT01,0,"2016/06/19 04:15:04"
D,METER_DATA,GEN_DUID,1,"2016/06/19 04:20:00",GB01,0.139076,"2016/06/19 04:15:04"
D,METER_DATA,GEN_DUID,1,"2016/06/19 04:20:00",GEORGTN1,0,"2016/06/19 04:15:04"
D,METER_DATA,GEN_DUID,1,"2016/06/19 04:20:00",GEORGTN2,0,"2016/06/19 04:15:04"
D,METER_DATA,GEN_DUID,1,"2016/06/19 04:20:00",GERMCRK,38.599998,"2016/06/19 04:15:04"
D,METER_DATA,GEN_DUID,1,"2016/06/19 04:20:00",INVICTA,14.35,"2016/06/19 04:15:04"
D,METER_DATA,GEN_DUID,1,"2016/06/19 04:20:00",LKBONNY1,6.519584,"2016/06/19 04:15:04"
D,METER_DATA,GEN_DUID,1,"2016/06/19 04:20:00",MBAHNTH,59.531254,"2016/06/19 04:15:04"
D,METER_DATA,GEN_DUID,1,"2016/06/19 04:20:00",MEADOWB2,0,"2016/06/19 04:15:04"
D,METER_DATA,GEN_DUID,1,"2016/06/19 04:20:00",MLWF1,1.9950,"2016/06/19 04:15:04"
D,METER_DATA,GEN_DUID,1,"2016/06/19 04:20:00",MTMILLAR,18.655367,"2016/06/19 04:15:04"
D,METER_DATA,GEN_DUID,1,"2016/06/19 04:20:00",PALOONA,21.859999,"2016/06/19 04:15:04"
D,METER_DATA,GEN_DUID,1,"2016/06/19 04:20:00",PORTLAT1,0,"2016/06/19 04:15:04"
D,METER_DATA,GEN_DUID,1,"2016/06/19 04:20:00",PORTWF,1.50,"2016/06/19 04:15:04"
D,METER_DATA,GEN_DUID,1,"2016/06/19 04:20:00",QUERIVE1,-0.13,"2016/06/19 04:15:04"
D,METER_DATA,GEN_DUID,1,"2016/06/19 04:20:00",REPULSE,28.773050,"2016/06/19 04:15:04"
D,METER_DATA,GEN_DUID,1,"2016/06/19 04:20:00",ROWALLAN,10.1530,"2016/06/19 04:15:04"
D,METER_DATA,GEN_DUID,1,"2016/06/19 04:20:00",ROYALLA1,0,"2016/06/19 04:15:04"
D,METER_DATA,GEN_DUID,1,"2016/06/19 04:20:00",RPCG,-0.20,"2016/06/19 04:15:04"
D,METER_DATA,GEN_DUID,1,"2016/06/19 04:20:00",RUBICON,0,"2016/06/19 04:15:04"
D,METER_DATA,GEN_DUID,1,"2016/06/19 04:20:00",STARHLWF,0.199942,"2016/06/19 04:15:04"
D,METER_DATA,GEN_DUID,1,"2016/06/19 04:20:00",WAUBRAWF,12.4290,"2016/06/19 04:15:04"
D,METER_DATA,GEN_DUID,1,"2016/06/19 04:20:00",WOOLNTH1,47.840019,"2016/06/19 04:15:04"
D,METER_DATA,GEN_DUID,1,"2016/06/19 04:20:00",WPWF,9,"2016/06/19 04:15:04"
D,METER_DATA,GEN_DUID,1,"2016/06/19 04:20:00",YAMBUKWF,-0.30,"2016/06/19 04:15:04"
D,METER_DATA,GEN_DUID,1,"2016/06/19 04:25:00",BBDISEL1,0,"2016/06/19 04:20:04"
D,METER_DATA,GEN_DUID,1,"2016/06/19 04:25:00",BUTLERSG,7.799998,"2016/06/19 04:20:04"
D,METER_DATA,GEN_DUID,1,"2016/06/19 04:25:00",CALL_A_4,0,"2016/06/19 04:20:04"
D,METER_DATA,GEN_DUID,1,"2016/06/19 04:25:00",CAPTL_WF,19.599998,"2016/06/19 04:20:04"
D,METER_DATA,GEN_DUID,1,"2016/06/19 04:25:00",CATAGUN1,0,"2016/06/19 04:20:04"
D,METER_DATA,GEN_DUID,1,"2016/06/19 04:25:00",CATHROCK,17.15,"2016/06/19 04:20:04"
D,METER_DATA,GEN_DUID,1,"2016/06/19 04:25:00",CHALLHWF,7.40,"2016/06/19 04:20:04"
D,METER_DATA,GEN_DUID,1,"2016/06/19 04:25:00",CLOVER,-0.01,"2016/06/19 04:20:04"
D,METER_DATA,GEN_DUID,1,"2016/06/19 04:25:00",CLUNY,14.604381,"2016/06/19 04:20:04"
D,METER_DATA,GEN_DUID,1,"2016/06/19 04:25:00",CNUNDAWF,2.803270,"2016/06/19 04:20:04"
D,METER_DATA,GEN_DUID,1,"2016/06/19 04:25:00",CULLRGWF,14.32,"2016/06/19 04:20:04"
D,METER_DATA,GEN_DUID,1,"2016/06/19 04:25:00",ERGT01,0,"2016/06/19 04:20:04"
D,METER_DATA,GEN_DUID,1,"2016/06/19 04:25:00",GB01,0.139076,"2016/06/19 04:20:04"
D,METER_DATA,GEN_DUID,1,"2016/06/19 04:25:00",GEORGTN1,0,"2016/06/19 04:20:04"
D,METER_DATA,GEN_DUID,1,"2016/06/19 04:25:00",GEORGTN2,0,"2016/06/19 04:20:04"
D,METER_DATA,GEN_DUID,1,"2016/06/19 04:25:00",GERMCRK,39.200001,"2016/06/19 04:20:04"
D,METER_DATA,GEN_DUID,1,"2016/06/19 04:25:00",INVICTA,14.35,"2016/06/19 04:20:04"
D,METER_DATA,GEN_DUID,1,"2016/06/19 04:25:00",LKBONNY1,6.966130,"2016/06/19 04:20:04"
D,METER_DATA,GEN_DUID,1,"2016/06/19 04:25:00",MBAHNTH,59.531254,"2016/06/19 04:20:04"
D,METER_DATA,GEN_DUID,1,"2016/06/19 04:25:00",MEADOWB2,0,"2016/06/19 04:20:04"
D,METER_DATA,GEN_DUID,1,"2016/06/19 04:25:00",MLWF1,2.2050,"2016/06/19 04:20:04"
D,METER_DATA,GEN_DUID,1,"2016/06/19 04:25:00",MTMILLAR,15.849994,"2016/06/19 04:20:04"
D,METER_DATA,GEN_DUID,1,"2016/06/19 04:25:00",PALOONA,21.859999,"2016/06/19 04:20:04"
D,METER_DATA,GEN_DUID,1,"2016/06/19 04:25:00",PORTLAT1,0,"2016/06/19 04:20:04"
D,METER_DATA,GEN_DUID,1,"2016/06/19 04:25:00",PORTWF,1.20,"2016/06/19 04:20:04"
D,METER_DATA,GEN_DUID,1,"2016/06/19 04:25:00",QUERIVE1,-0.12,"2016/06/19 04:20:04"
D,METER_DATA,GEN_DUID,1,"2016/06/19 04:25:00",REPULSE,27.382034,"2016/06/19 04:20:04"
D,METER_DATA,GEN_DUID,1,"2016/06/19 04:25:00",ROWALLAN,10.0962,"2016/06/19 04:20:04"
D,METER_DATA,GEN_DUID,1,"2016/06/19 04:25:00",ROYALLA1,0,"2016/06/19 04:20:04"
D,METER_DATA,GEN_DUID,1,"2016/06/19 04:25:00",RPCG,-0.20,"2016/06/19 04:20:04"
D,METER_DATA,GEN_DUID,1,"2016/06/19 04:25:00",RUBICON,0,"2016/06/19 04:20:04"
D,METER_DATA,GEN_DUID,1,"2016/06/19 04:25:00",STARHLWF,0.199942,"2016/06/19 04:20:04"
D,METER_DATA,GEN_DUID,1,"2016/06/19 04:25:00",WAUBRAWF,11.6180,"2016/06/19 04:20:04"
D,METER_DATA,GEN_DUID,1,"2016/06/19 04:25:00",WOOLNTH1,48.980019,"2016/06/19 04:20:04"
D,METER_DATA,GEN_DUID,1,"2016/06/19 04:25:00",WPWF,9,"2016/06/19 04:20:04"
D,METER_DATA,GEN_DUID,1,"2016/06/19 04:25:00",YAMBUKWF,-0.30,"2016/06/19 04:20:04"
D,METER_DATA,GEN_DUID,1,"2016/06/19 04:30:00",BBDISEL1,0,"2016/06/19 04:25:05"
D,METER_DATA,GEN_DUID,1,"2016/06/19 04:30:00",BUTLERSG,7.799998,"2016/06/19 04:25:05"
D,METER_DATA,GEN_DUID,1,"2016/06/19 04:30:00",CALL_A_4,0,"2016/06/19 04:25:05"
D,METER_DATA,GEN_DUID,1,"2016/06/19 04:30:00",CAPTL_WF,26.932007,"2016/06/19 04:25:05"
D,METER_DATA,GEN_DUID,1,"2016/06/19 04:30:00",CATAGUN1,0,"2016/06/19 04:25:05"
D,METER_DATA,GEN_DUID,1,"2016/06/19 04:30:00",CATHROCK,17.519999,"2016/06/19 04:25:05"
D,METER_DATA,GEN_DUID,1,"2016/06/19 04:30:00",CHALLHWF,7.40,"2016/06/19 04:25:05"
D,METER_DATA,GEN_DUID,1,"2016/06/19 04:30:00",CLOVER,-0.01,"2016/06/19 04:25:05"
D,METER_DATA,GEN_DUID,1,"2016/06/19 04:30:00",CLUNY,14.032781,"2016/06/19 04:25:05"
D,METER_DATA,GEN_DUID,1,"2016/06/19 04:30:00",CNUNDAWF,2.803270,"2016/06/19 04:25:05"
D,METER_DATA,GEN_DUID,1,"2016/06/19 04:30:00",CULLRGWF,16.34,"2016/06/19 04:25:05"
D,METER_DATA,GEN_DUID,1,"2016/06/19 04:30:00",ERGT01,0,"2016/06/19 04:25:05"
D,METER_DATA,GEN_DUID,1,"2016/06/19 04:30:00",GB01,0.139076,"2016/06/19 04:25:05"
D,METER_DATA,GEN_DUID,1,"2016/06/19 04:30:00",GEORGTN1,0,"2016/06/19 04:25:05"
D,METER_DATA,GEN_DUID,1,"2016/06/19 04:30:00",GEORGTN2,0,"2016/06/19 04:25:05"
D,METER_DATA,GEN_DUID,1,"2016/06/19 04:30:00",GERMCRK,40.200001,"2016/06/19 04:25:05"
D,METER_DATA,GEN_DUID,1,"2016/06/19 04:30:00",INVICTA,15.3750,"2016/06/19 04:25:05"
D,METER_DATA,GEN_DUID,1,"2016/06/19 04:30:00",LKBONNY1,7.412677,"2016/06/19 04:25:05"
D,METER_DATA,GEN_DUID,1,"2016/06/19 04:30:00",MBAHNTH,59.531254,"2016/06/19 04:25:05"
D,METER_DATA,GEN_DUID,1,"2016/06/19 04:30:00",MEADOWB2,0,"2016/06/19 04:25:05"
D,METER_DATA,GEN_DUID,1,"2016/06/19 04:30:00",MLWF1,2.10,"2016/06/19 04:25:05"
D,METER_DATA,GEN_DUID,1,"2016/06/19 04:30:00",MTMILLAR,18.208889,"2016/06/19 04:25:05"
D,METER_DATA,GEN_DUID,1,"2016/06/19 04:30:00",PALOONA,21.859999,"2016/06/19 04:25:05"
D,METER_DATA,GEN_DUID,1,"2016/06/19 04:30:00",PORTLAT1,0,"2016/06/19 04:25:05"
D,METER_DATA,GEN_DUID,1,"2016/06/19 04:30:00",PORTWF,1.60,"2016/06/19 04:25:05"
D,METER_DATA,GEN_DUID,1,"2016/06/19 04:30:00",QUERIVE1,-0.12,"2016/06/19 04:25:05"
D,METER_DATA,GEN_DUID,1,"2016/06/19 04:30:00",REPULSE,26.505505,"2016/06/19 04:25:05"
D,METER_DATA,GEN_DUID,1,"2016/06/19 04:30:00",ROWALLAN,10.1388,"2016/06/19 04:25:05"
D,METER_DATA,GEN_DUID,1,"2016/06/19 04:30:00",ROYALLA1,0,"2016/06/19 04:25:05"
D,METER_DATA,GEN_DUID,1,"2016/06/19 04:30:00",RPCG,-0.20,"2016/06/19 04:25:05"
D,METER_DATA,GEN_DUID,1,"2016/06/19 04:30:00",RUBICON,0,"2016/06/19 04:25:05"
D,METER_DATA,GEN_DUID,1,"2016/06/19 04:30:00",STARHLWF,0.499854,"2016/06/19 04:25:05"
D,METER_DATA,GEN_DUID,1,"2016/06/19 04:30:00",WAUBRAWF,11.4270,"2016/06/19 04:25:05"
D,METER_DATA,GEN_DUID,1,"2016/06/19 04:30:00",WOOLNTH1,49.280018,"2016/06/19 04:25:05"
D,METER_DATA,GEN_DUID,1,"2016/06/19 04:30:00",WPWF,12,"2016/06/19 04:25:05"
D,METER_DATA,GEN_DUID,1,"2016/06/19 04:30:00",YAMBUKWF,-0.20,"2016/06/19 04:25:05"
D,METER_DATA,GEN_DUID,1,"2016/06/19 04:35:00",BBDISEL1,0,"2016/06/19 04:30:05"
D,METER_DATA,GEN_DUID,1,"2016/06/19 04:35:00",BUTLERSG,7.799998,"2016/06/19 04:30:05"
D,METER_DATA,GEN_DUID,1,"2016/06/19 04:35:00",CALL_A_4,0,"2016/06/19 04:30:05"
D,METER_DATA,GEN_DUID,1,"2016/06/19 04:35:00",CAPTL_WF,21.760002,"2016/06/19 04:30:05"
D,METER_DATA,GEN_DUID,1,"2016/06/19 04:35:00",CATAGUN1,0,"2016/06/19 04:30:05"
D,METER_DATA,GEN_DUID,1,"2016/06/19 04:35:00",CATHROCK,14.299999,"2016/06/19 04:30:05"
D,METER_DATA,GEN_DUID,1,"2016/06/19 04:35:00",CHALLHWF,7,"2016/06/19 04:30:05"
D,METER_DATA,GEN_DUID,1,"2016/06/19 04:35:00",CLOVER,-0.01,"2016/06/19 04:30:05"
D,METER_DATA,GEN_DUID,1,"2016/06/19 04:35:00",CLUNY,8.445390,"2016/06/19 04:30:05"
D,METER_DATA,GEN_DUID,1,"2016/06/19 04:35:00",CNUNDAWF,3.203737,"2016/06/19 04:30:05"
D,METER_DATA,GEN_DUID,1,"2016/06/19 04:35:00",CULLRGWF,16.190001,"2016/06/19 04:30:05"
D,METER_DATA,GEN_DUID,1,"2016/06/19 04:35:00",ERGT01,0,"2016/06/19 04:30:05"
D,METER_DATA,GEN_DUID,1,"2016/06/19 04:35:00",GB01,0.139076,"2016/06/19 04:30:05"
D,METER_DATA,GEN_DUID,1,"2016/06/19 04:35:00",GEORGTN1,0,"2016/06/19 04:30:05"
D,METER_DATA,GEN_DUID,1,"2016/06/19 04:35:00",GEORGTN2,0,"2016/06/19 04:30:05"
D,METER_DATA,GEN_DUID,1,"2016/06/19 04:35:00",GERMCRK,40,"2016/06/19 04:30:05"
D,METER_DATA,GEN_DUID,1,"2016/06/19 04:35:00",INVICTA,15.3750,"2016/06/19 04:30:05"
D,METER_DATA,GEN_DUID,1,"2016/06/19 04:35:00",LKBONNY1,7.948534,"2016/06/19 04:30:05"
D,METER_DATA,GEN_DUID,1,"2016/06/19 04:35:00",MBAHNTH,59.531254,"2016/06/19 04:30:05"
D,METER_DATA,GEN_DUID,1,"2016/06/19 04:35:00",MEADOWB2,0,"2016/06/19 04:30:05"
D,METER_DATA,GEN_DUID,1,"2016/06/19 04:35:00",MLWF1,1.9050,"2016/06/19 04:30:05"
D,METER_DATA,GEN_DUID,1,"2016/06/19 04:35:00",MTMILLAR,16.675980,"2016/06/19 04:30:05"
D,METER_DATA,GEN_DUID,1,"2016/06/19 04:35:00",PALOONA,21.859999,"2016/06/19 04:30:05"
D,METER_DATA,GEN_DUID,1,"2016/06/19 04:35:00",PORTLAT1,0,"2016/06/19 04:30:05"
D,METER_DATA,GEN_DUID,1,"2016/06/19 04:35:00",PORTWF,1.20,"2016/06/19 04:30:05"
D,METER_DATA,GEN_DUID,1,"2016/06/19 04:35:00",QUERIVE1,-0.15,"2016/06/19 04:30:05"
D,METER_DATA,GEN_DUID,1,"2016/06/19 04:35:00",REPULSE,14.672350,"2016/06/19 04:30:05"
D,METER_DATA,GEN_DUID,1,"2016/06/19 04:35:00",ROWALLAN,10.0323,"2016/06/19 04:30:05"
D,METER_DATA,GEN_DUID,1,"2016/06/19 04:35:00",ROYALLA1,0,"2016/06/19 04:30:05"
D,METER_DATA,GEN_DUID,1,"2016/06/19 04:35:00",RPCG,-0.20,"2016/06/19 04:30:05"
D,METER_DATA,GEN_DUID,1,"2016/06/19 04:35:00",RUBICON,0,"2016/06/19 04:30:05"
D,METER_DATA,GEN_DUID,1,"2016/06/19 04:35:00",STARHLWF,0.899738,"2016/06/19 04:30:05"
D,METER_DATA,GEN_DUID,1,"2016/06/19 04:35:00",WAUBRAWF,11.0820,"2016/06/19 04:30:05"
D,METER_DATA,GEN_DUID,1,"2016/06/19 04:35:00",WOOLNTH1,49.430016,"2016/06/19 04:30:05"
D,METER_DATA,GEN_DUID,1,"2016/06/19 04:35:00",WPWF,13,"2016/06/19 04:30:05"
D,METER_DATA,GEN_DUID,1,"2016/06/19 04:35:00",YAMBUKWF,0,"2016/06/19 04:30:05"
D,METER_DATA,GEN_DUID,1,"2016/06/19 04:40:00",BBDISEL1,0,"2016/06/19 04:35:05"
D,METER_DATA,GEN_DUID,1,"2016/06/19 04:40:00",BUTLERSG,7.799998,"2016/06/19 04:35:05"
D,METER_DATA,GEN_DUID,1,"2016/06/19 04:40:00",CALL_A_4,0,"2016/06/19 04:35:05"
D,METER_DATA,GEN_DUID,1,"2016/06/19 04:40:00",CAPTL_WF,19.459999,"2016/06/19 04:35:05"
D,METER_DATA,GEN_DUID,1,"2016/06/19 04:40:00",CATAGUN1,0,"2016/06/19 04:35:05"
D,METER_DATA,GEN_DUID,1,"2016/06/19 04:40:00",CATHROCK,12.299999,"2016/06/19 04:35:05"
D,METER_DATA,GEN_DUID,1,"2016/06/19 04:40:00",CHALLHWF,6.80,"2016/06/19 04:35:05"
D,METER_DATA,GEN_DUID,1,"2016/06/19 04:40:00",CLOVER,-0.01,"2016/06/19 04:35:05"
D,METER_DATA,GEN_DUID,1,"2016/06/19 04:40:00",CLUNY,8.959830,"2016/06/19 04:35:05"
D,METER_DATA,GEN_DUID,1,"2016/06/19 04:40:00",CNUNDAWF,3.504087,"2016/06/19 04:35:05"
D,METER_DATA,GEN_DUID,1,"2016/06/19 04:40:00",CULLRGWF,15.18,"2016/06/19 04:35:05"
D,METER_DATA,GEN_DUID,1,"2016/06/19 04:40:00",ERGT01,0,"2016/06/19 04:35:05"
D,METER_DATA,GEN_DUID,1,"2016/06/19 04:40:00",GB01,0.139389,"2016/06/19 04:35:05"
D,METER_DATA,GEN_DUID,1,"2016/06/19 04:40:00",GEORGTN1,0,"2016/06/19 04:35:05"
D,METER_DATA,GEN_DUID,1,"2016/06/19 04:40:00",GEORGTN2,0,"2016/06/19 04:35:05"
D,METER_DATA,GEN_DUID,1,"2016/06/19 04:40:00",GERMCRK,40,"2016/06/19 04:35:05"
D,METER_DATA,GEN_DUID,1,"2016/06/19 04:40:00",INVICTA,15.3750,"2016/06/19 04:35:05"
D,METER_DATA,GEN_DUID,1,"2016/06/19 04:40:00",LKBONNY1,7.680605,"2016/06/19 04:35:05"
D,METER_DATA,GEN_DUID,1,"2016/06/19 04:40:00",MBAHNTH,59.531254,"2016/06/19 04:35:05"
D,METER_DATA,GEN_DUID,1,"2016/06/19 04:40:00",MEADOWB2,0,"2016/06/19 04:35:05"
D,METER_DATA,GEN_DUID,1,"2016/06/19 04:40:00",MLWF1,1.98,"2016/06/19 04:35:05"
D,METER_DATA,GEN_DUID,1,"2016/06/19 04:40:00",MTMILLAR,16.594124,"2016/06/19 04:35:05"
D,METER_DATA,GEN_DUID,1,"2016/06/19 04:40:00",PALOONA,21.859999,"2016/06/19 04:35:05"
D,METER_DATA,GEN_DUID,1,"2016/06/19 04:40:00",PORTLAT1,0,"2016/06/19 04:35:05"
D,METER_DATA,GEN_DUID,1,"2016/06/19 04:40:00",PORTWF,1.30,"2016/06/19 04:35:05"
D,METER_DATA,GEN_DUID,1,"2016/06/19 04:40:00",QUERIVE1,-0.15,"2016/06/19 04:35:05"
D,METER_DATA,GEN_DUID,1,"2016/06/19 04:40:00",REPULSE,15.129669,"2016/06/19 04:35:05"
D,METER_DATA,GEN_DUID,1,"2016/06/19 04:40:00",ROWALLAN,10.0536,"2016/06/19 04:35:05"
D,METER_DATA,GEN_DUID,1,"2016/06/19 04:40:00",ROYALLA1,0,"2016/06/19 04:35:05"
D,METER_DATA,GEN_DUID,1,"2016/06/19 04:40:00",RPCG,-0.20,"2016/06/19 04:35:05"
D,METER_DATA,GEN_DUID,1,"2016/06/19 04:40:00",RUBICON,0,"2016/06/19 04:35:05"
D,METER_DATA,GEN_DUID,1,"2016/06/19 04:40:00",STARHLWF,1.299621,"2016/06/19 04:35:05"
D,METER_DATA,GEN_DUID,1,"2016/06/19 04:40:00",WAUBRAWF,9.7580,"2016/06/19 04:35:05"
D,METER_DATA,GEN_DUID,1,"2016/06/19 04:40:00",WOOLNTH1,46.030018,"2016/06/19 04:35:05"
D,METER_DATA,GEN_DUID,1,"2016/06/19 04:40:00",WPWF,13,"2016/06/19 04:35:05"
D,METER_DATA,GEN_DUID,1,"2016/06/19 04:40:00",YAMBUKWF,0,"2016/06/19 04:35:05"
D,METER_DATA,GEN_DUID,1,"2016/06/19 04:45:00",BBDISEL1,0,"2016/06/19 04:40:05"
D,METER_DATA,GEN_DUID,1,"2016/06/19 04:45:00",BUTLERSG,7.799998,"2016/06/19 04:40:05"
D,METER_DATA,GEN_DUID,1,"2016/06/19 04:45:00",CALL_A_4,0,"2016/06/19 04:40:05"
D,METER_DATA,GEN_DUID,1,"2016/06/19 04:45:00",CAPTL_WF,19.139999,"2016/06/19 04:40:05"
D,METER_DATA,GEN_DUID,1,"2016/06/19 04:45:00",CATAGUN1,0,"2016/06/19 04:40:05"
D,METER_DATA,GEN_DUID,1,"2016/06/19 04:45:00",CATHROCK,9.69,"2016/06/19 04:40:05"
D,METER_DATA,GEN_DUID,1,"2016/06/19 04:45:00",CHALLHWF,7,"2016/06/19 04:40:05"
D,METER_DATA,GEN_DUID,1,"2016/06/19 04:45:00",CLOVER,-0.01,"2016/06/19 04:40:05"
D,METER_DATA,GEN_DUID,1,"2016/06/19 04:45:00",CLUNY,8.902670,"2016/06/19 04:40:05"
D,METER_DATA,GEN_DUID,1,"2016/06/19 04:45:00",CNUNDAWF,3.504087,"2016/06/19 04:40:05"
D,METER_DATA,GEN_DUID,1,"2016/06/19 04:45:00",CULLRGWF,15.33,"2016/06/19 04:40:05"
D,METER_DATA,GEN_DUID,1,"2016/06/19 04:45:00",ERGT01,0,"2016/06/19 04:40:05"
D,METER_DATA,GEN_DUID,1,"2016/06/19 04:45:00",GB01,0.139389,"2016/06/19 04:40:05"
D,METER_DATA,GEN_DUID,1,"2016/06/19 04:45:00",GEORGTN1,0,"2016/06/19 04:40:05"
D,METER_DATA,GEN_DUID,1,"2016/06/19 04:45:00",GEORGTN2,0,"2016/06/19 04:40:05"
D,METER_DATA,GEN_DUID,1,"2016/06/19 04:45:00",GERMCRK,40,"2016/06/19 04:40:05"
D,METER_DATA,GEN_DUID,1,"2016/06/19 04:45:00",INVICTA,14.1250,"2016/06/19 04:40:05"
D,METER_DATA,GEN_DUID,1,"2016/06/19 04:45:00",LKBONNY1,7.769915,"2016/06/19 04:40:05"
D,METER_DATA,GEN_DUID,1,"2016/06/19 04:45:00",MBAHNTH,59.531254,"2016/06/19 04:40:05"
D,METER_DATA,GEN_DUID,1,"2016/06/19 04:45:00",MEADOWB2,0,"2016/06/19 04:40:05"
D,METER_DATA,GEN_DUID,1,"2016/06/19 04:45:00",MLWF1,2.85,"2016/06/19 04:40:05"
D,METER_DATA,GEN_DUID,1,"2016/06/19 04:45:00",MTMILLAR,16.921543,"2016/06/19 04:40:05"
D,METER_DATA,GEN_DUID,1,"2016/06/19 04:45:00",PALOONA,21.859999,"2016/06/19 04:40:05"
D,METER_DATA,GEN_DUID,1,"2016/06/19 04:45:00",PORTLAT1,0,"2016/06/19 04:40:05"
D,METER_DATA,GEN_DUID,1,"2016/06/19 04:45:00",PORTWF,1,"2016/06/19 04:40:05"
D,METER_DATA,GEN_DUID,1,"2016/06/19 04:45:00",QUERIVE1,-0.15,"2016/06/19 04:40:05"
D,METER_DATA,GEN_DUID,1,"2016/06/19 04:45:00",REPULSE,15.110615,"2016/06/19 04:40:05"
D,METER_DATA,GEN_DUID,1,"2016/06/19 04:45:00",ROWALLAN,10.1388,"2016/06/19 04:40:05"
D,METER_DATA,GEN_DUID,1,"2016/06/19 04:45:00",ROYALLA1,0,"2016/06/19 04:40:05"
D,METER_DATA,GEN_DUID,1,"2016/06/19 04:45:00",RPCG,-0.20,"2016/06/19 04:40:05"
D,METER_DATA,GEN_DUID,1,"2016/06/19 04:45:00",RUBICON,0,"2016/06/19 04:40:05"
D,METER_DATA,GEN_DUID,1,"2016/06/19 04:45:00",STARHLWF,1.599534,"2016/06/19 04:40:05"
D,METER_DATA,GEN_DUID,1,"2016/06/19 04:45:00",WAUBRAWF,9.6330,"2016/06/19 04:40:05"
D,METER_DATA,GEN_DUID,1,"2016/06/19 04:45:00",WOOLNTH1,40.540016,"2016/06/19 04:40:05"
D,METER_DATA,GEN_DUID,1,"2016/06/19 04:45:00",WPWF,14,"2016/06/19 04:40:05"
D,METER_DATA,GEN_DUID,1,"2016/06/19 04:45:00",YAMBUKWF,0,"2016/06/19 04:40:05"
D,METER_DATA,GEN_DUID,1,"2016/06/19 04:50:00",BBDISEL1,0,"2016/06/19 04:45:05"
D,METER_DATA,GEN_DUID,1,"2016/06/19 04:50:00",BUTLERSG,7.699998,"2016/06/19 04:45:05"
D,METER_DATA,GEN_DUID,1,"2016/06/19 04:50:00",CALL_A_4,0,"2016/06/19 04:45:05"
D,METER_DATA,GEN_DUID,1,"2016/06/19 04:50:00",CAPTL_WF,19.199997,"2016/06/19 04:45:05"
D,METER_DATA,GEN_DUID,1,"2016/06/19 04:50:00",CATAGUN1,0,"2016/06/19 04:45:05"
D,METER_DATA,GEN_DUID,1,"2016/06/19 04:50:00",CATHROCK,7.849999,"2016/06/19 04:45:05"
D,METER_DATA,GEN_DUID,1,"2016/06/19 04:50:00",CHALLHWF,5.60,"2016/06/19 04:45:05"
D,METER_DATA,GEN_DUID,1,"2016/06/19 04:50:00",CLOVER,0,"2016/06/19 04:45:05"
D,METER_DATA,GEN_DUID,1,"2016/06/19 04:50:00",CLUNY,8.874090,"2016/06/19 04:45:05"
D,METER_DATA,GEN_DUID,1,"2016/06/19 04:50:00",CNUNDAWF,3.904555,"2016/06/19 04:45:05"
D,METER_DATA,GEN_DUID,1,"2016/06/19 04:50:00",CULLRGWF,14.80,"2016/06/19 04:45:05"
D,METER_DATA,GEN_DUID,1,"2016/06/19 04:50:00",ERGT01,0,"2016/06/19 04:45:05"
D,METER_DATA,GEN_DUID,1,"2016/06/19 04:50:00",GB01,0.139389,"2016/06/19 04:45:05"
D,METER_DATA,GEN_DUID,1,"2016/06/19 04:50:00",GEORGTN1,0,"2016/06/19 04:45:05"
D,METER_DATA,GEN_DUID,1,"2016/06/19 04:50:00",GEORGTN2,0,"2016/06/19 04:45:05"
D,METER_DATA,GEN_DUID,1,"2016/06/19 04:50:00",GERMCRK,40.299999,"2016/06/19 04:45:05"
D,METER_DATA,GEN_DUID,1,"2016/06/19 04:50:00",INVICTA,14.1250,"2016/06/19 04:45:05"
D,METER_DATA,GEN_DUID,1,"2016/06/19 04:50:00",LKBONNY1,7.591296,"2016/06/19 04:45:05"
D,METER_DATA,GEN_DUID,1,"2016/06/19 04:50:00",MBAHNTH,59.531254,"2016/06/19 04:45:05"
D,METER_DATA,GEN_DUID,1,"2016/06/19 04:50:00",MEADOWB2,0,"2016/06/19 04:45:05"
D,METER_DATA,GEN_DUID,1,"2016/06/19 04:50:00",MLWF1,2.85,"2016/06/19 04:45:05"
D,METER_DATA,GEN_DUID,1,"2016/06/19 04:50:00",MTMILLAR,16.125322,"2016/06/19 04:45:05"
D,METER_DATA,GEN_DUID,1,"2016/06/19 04:50:00",PALOONA,21.859999,"2016/06/19 04:45:05"
D,METER_DATA,GEN_DUID,1,"2016/06/19 04:50:00",PORTLAT1,0,"2016/06/19 04:45:05"
D,METER_DATA,GEN_DUID,1,"2016/06/19 04:50:00",PORTWF,0.70,"2016/06/19 04:45:05"
D,METER_DATA,GEN_DUID,1,"2016/06/19 04:50:00",QUERIVE1,-0.14,"2016/06/19 04:45:05"
D,METER_DATA,GEN_DUID,1,"2016/06/19 04:50:00",REPULSE,14.843844,"2016/06/19 04:45:05"
D,METER_DATA,GEN_DUID,1,"2016/06/19 04:50:00",ROWALLAN,9.9613,"2016/06/19 04:45:05"
D,METER_DATA,GEN_DUID,1,"2016/06/19 04:50:00",ROYALLA1,0,"2016/06/19 04:45:05"
D,METER_DATA,GEN_DUID,1,"2016/06/19 04:50:00",RPCG,-0.20,"2016/06/19 04:45:05"
D,METER_DATA,GEN_DUID,1,"2016/06/19 04:50:00",RUBICON,0,"2016/06/19 04:45:05"
D,METER_DATA,GEN_DUID,1,"2016/06/19 04:50:00",STARHLWF,1.199650,"2016/06/19 04:45:05"
D,METER_DATA,GEN_DUID,1,"2016/06/19 04:50:00",WAUBRAWF,7.6170,"2016/06/19 04:45:05"
D,METER_DATA,GEN_DUID,1,"2016/06/19 04:50:00",WOOLNTH1,40.580017,"2016/06/19 04:45:05"
D,METER_DATA,GEN_DUID,1,"2016/06/19 04:50:00",WPWF,15,"2016/06/19 04:45:05"
D,METER_DATA,GEN_DUID,1,"2016/06/19 04:50:00",YAMBUKWF,0,"2016/06/19 04:45:05"
D,METER_DATA,GEN_DUID,1,"2016/06/19 04:55:00",BBDISEL1,0,"2016/06/19 04:50:04"
D,METER_DATA,GEN_DUID,1,"2016/06/19 04:55:00",BUTLERSG,7.799998,"2016/06/19 04:50:04"
D,METER_DATA,GEN_DUID,1,"2016/06/19 04:55:00",CALL_A_4,0,"2016/06/19 04:50:04"
D,METER_DATA,GEN_DUID,1,"2016/06/19 04:55:00",CAPTL_WF,29.748001,"2016/06/19 04:50:04"
D,METER_DATA,GEN_DUID,1,"2016/06/19 04:55:00",CATAGUN1,0,"2016/06/19 04:50:04"
D,METER_DATA,GEN_DUID,1,"2016/06/19 04:55:00",CATHROCK,7.98,"2016/06/19 04:50:04"
D,METER_DATA,GEN_DUID,1,"2016/06/19 04:55:00",CHALLHWF,6.20,"2016/06/19 04:50:04"
D,METER_DATA,GEN_DUID,1,"2016/06/19 04:55:00",CLOVER,-0.01,"2016/06/19 04:50:04"
D,METER_DATA,GEN_DUID,1,"2016/06/19 04:55:00",CLUNY,8.959830,"2016/06/19 04:50:04"
D,METER_DATA,GEN_DUID,1,"2016/06/19 04:55:00",CNUNDAWF,3.904555,"2016/06/19 04:50:04"
D,METER_DATA,GEN_DUID,1,"2016/06/19 04:55:00",CULLRGWF,14.15,"2016/06/19 04:50:04"
D,METER_DATA,GEN_DUID,1,"2016/06/19 04:55:00",ERGT01,0,"2016/06/19 04:50:04"
D,METER_DATA,GEN_DUID,1,"2016/06/19 04:55:00",GB01,0.139389,"2016/06/19 04:50:04"
D,METER_DATA,GEN_DUID,1,"2016/06/19 04:55:00",GEORGTN1,0,"2016/06/19 04:50:04"
D,METER_DATA,GEN_DUID,1,"2016/06/19 04:55:00",GEORGTN2,0,"2016/06/19 04:50:04"
D,METER_DATA,GEN_DUID,1,"2016/06/19 04:55:00",GERMCRK,40,"2016/06/19 04:50:04"
D,METER_DATA,GEN_DUID,1,"2016/06/19 04:55:00",INVICTA,14.1250,"2016/06/19 04:50:04"
D,METER_DATA,GEN_DUID,1,"2016/06/19 04:55:00",LKBONNY1,7.144749,"2016/06/19 04:50:04"
D,METER_DATA,GEN_DUID,1,"2016/06/19 04:55:00",MBAHNTH,59.531254,"2016/06/19 04:50:04"
D,METER_DATA,GEN_DUID,1,"2016/06/19 04:55:00",MEADOWB2,0,"2016/06/19 04:50:04"
D,METER_DATA,GEN_DUID,1,"2016/06/19 04:55:00",MLWF1,3.48,"2016/06/19 04:50:04"
D,METER_DATA,GEN_DUID,1,"2016/06/19 04:55:00",MTMILLAR,17.613585,"2016/06/19 04:50:04"
D,METER_DATA,GEN_DUID,1,"2016/06/19 04:55:00",PALOONA,21.859999,"2016/06/19 04:50:04"
D,METER_DATA,GEN_DUID,1,"2016/06/19 04:55:00",PORTLAT1,0,"2016/06/19 04:50:04"
D,METER_DATA,GEN_DUID,1,"2016/06/19 04:55:00",PORTWF,0.40,"2016/06/19 04:50:04"
D,METER_DATA,GEN_DUID,1,"2016/06/19 04:55:00",QUERIVE1,-0.15,"2016/06/19 04:50:04"
D,METER_DATA,GEN_DUID,1,"2016/06/19 04:55:00",REPULSE,14.939119,"2016/06/19 04:50:04"
D,METER_DATA,GEN_DUID,1,"2016/06/19 04:55:00",ROWALLAN,9.8619,"2016/06/19 04:50:04"
D,METER_DATA,GEN_DUID,1,"2016/06/19 04:55:00",ROYALLA1,0,"2016/06/19 04:50:04"
D,METER_DATA,GEN_DUID,1,"2016/06/19 04:55:00",RPCG,-0.20,"2016/06/19 04:50:04"
D,METER_DATA,GEN_DUID,1,"2016/06/19 04:55:00",RUBICON,0,"2016/06/19 04:50:04"
D,METER_DATA,GEN_DUID,1,"2016/06/19 04:55:00",STARHLWF,1.399592,"2016/06/19 04:50:04"
D,METER_DATA,GEN_DUID,1,"2016/06/19 04:55:00",WAUBRAWF,7.51,"2016/06/19 04:50:04"
D,METER_DATA,GEN_DUID,1,"2016/06/19 04:55:00",WOOLNTH1,42.920017,"2016/06/19 04:50:04"
D,METER_DATA,GEN_DUID,1,"2016/06/19 04:55:00",WPWF,13,"2016/06/19 04:50:04"
D,METER_DATA,GEN_DUID,1,"2016/06/19 04:55:00",YAMBUKWF,0.20,"2016/06/19 04:50:04"
D,METER_DATA,GEN_DUID,1,"2016/06/19 05:00:00",BBDISEL1,0,"2016/06/19 04:55:05"
D,METER_DATA,GEN_DUID,1,"2016/06/19 05:00:00",BUTLERSG,7.799998,"2016/06/19 04:55:05"
D,METER_DATA,GEN_DUID,1,"2016/06/19 05:00:00",CALL_A_4,0,"2016/06/19 04:55:05"
D,METER_DATA,GEN_DUID,1,"2016/06/19 05:00:00",CAPTL_WF,31.587997,"2016/06/19 04:55:05"
D,METER_DATA,GEN_DUID,1,"2016/06/19 05:00:00",CATAGUN1,0,"2016/06/19 04:55:05"
D,METER_DATA,GEN_DUID,1,"2016/06/19 05:00:00",CATHROCK,8.37,"2016/06/19 04:55:05"
D,METER_DATA,GEN_DUID,1,"2016/06/19 05:00:00",CHALLHWF,6.80,"2016/06/19 04:55:05"
D,METER_DATA,GEN_DUID,1,"2016/06/19 05:00:00",CLOVER,-0.01,"2016/06/19 04:55:05"
D,METER_DATA,GEN_DUID,1,"2016/06/19 05:00:00",CLUNY,8.674030,"2016/06/19 04:55:05"
D,METER_DATA,GEN_DUID,1,"2016/06/19 05:00:00",CNUNDAWF,3.904555,"2016/06/19 04:55:05"
D,METER_DATA,GEN_DUID,1,"2016/06/19 05:00:00",CULLRGWF,13.89,"2016/06/19 04:55:05"
D,METER_DATA,GEN_DUID,1,"2016/06/19 05:00:00",ERGT01,0,"2016/06/19 04:55:05"
D,METER_DATA,GEN_DUID,1,"2016/06/19 05:00:00",GB01,0.139389,"2016/06/19 04:55:05"
D,METER_DATA,GEN_DUID,1,"2016/06/19 05:00:00",GEORGTN1,0,"2016/06/19 04:55:05"
D,METER_DATA,GEN_DUID,1,"2016/06/19 05:00:00",GEORGTN2,0,"2016/06/19 04:55:05"
D,METER_DATA,GEN_DUID,1,"2016/06/19 05:00:00",GERMCRK,40.299999,"2016/06/19 04:55:05"
D,METER_DATA,GEN_DUID,1,"2016/06/19 05:00:00",INVICTA,14.1250,"2016/06/19 04:55:05"
D,METER_DATA,GEN_DUID,1,"2016/06/19 05:00:00",LKBONNY1,7.769915,"2016/06/19 04:55:05"
D,METER_DATA,GEN_DUID,1,"2016/06/19 05:00:00",MBAHNTH,59.531254,"2016/06/19 04:55:05"
D,METER_DATA,GEN_DUID,1,"2016/06/19 05:00:00",MEADOWB2,0,"2016/06/19 04:55:05"
D,METER_DATA,GEN_DUID,1,"2016/06/19 05:00:00",MLWF1,3.5850,"2016/06/19 04:55:05"
D,METER_DATA,GEN_DUID,1,"2016/06/19 05:00:00",MTMILLAR,19.369734,"2016/06/19 04:55:05"
D,METER_DATA,GEN_DUID,1,"2016/06/19 05:00:00",PALOONA,21.859999,"2016/06/19 04:55:05"
D,METER_DATA,GEN_DUID,1,"2016/06/19 05:00:00",PORTLAT1,0,"2016/06/19 04:55:05"
D,METER_DATA,GEN_DUID,1,"2016/06/19 05:00:00",PORTWF,0.30,"2016/06/19 04:55:05"
D,METER_DATA,GEN_DUID,1,"2016/06/19 05:00:00",QUERIVE1,-0.14,"2016/06/19 04:55:05"
D,METER_DATA,GEN_DUID,1,"2016/06/19 05:00:00",REPULSE,15.358330,"2016/06/19 04:55:05"
D,METER_DATA,GEN_DUID,1,"2016/06/19 05:00:00",ROWALLAN,9.8690,"2016/06/19 04:55:05"
D,METER_DATA,GEN_DUID,1,"2016/06/19 05:00:00",ROYALLA1,0,"2016/06/19 04:55:05"
D,METER_DATA,GEN_DUID,1,"2016/06/19 05:00:00",RPCG,-0.20,"2016/06/19 04:55:05"
D,METER_DATA,GEN_DUID,1,"2016/06/19 05:00:00",RUBICON,0,"2016/06/19 04:55:05"
D,METER_DATA,GEN_DUID,1,"2016/06/19 05:00:00",STARHLWF,1.099679,"2016/06/19 04:55:05"
D,METER_DATA,GEN_DUID,1,"2016/06/19 05:00:00",WAUBRAWF,6.5210,"2016/06/19 04:55:05"
D,METER_DATA,GEN_DUID,1,"2016/06/19 05:00:00",WOOLNTH1,42.160019,"2016/06/19 04:55:05"
D,METER_DATA,GEN_DUID,1,"2016/06/19 05:00:00",WPWF,14,"2016/06/19 04:55:05"
D,METER_DATA,GEN_DUID,1,"2016/06/19 05:00:00",YAMBUKWF,0.40,"2016/06/19 04:55:05"
D,METER_DATA,GEN_DUID,1,"2016/06/19 05:05:00",BBDISEL1,0,"2016/06/19 05:00:04"
D,METER_DATA,GEN_DUID,1,"2016/06/19 05:05:00",BUTLERSG,7.799998,"2016/06/19 05:00:04"
D,METER_DATA,GEN_DUID,1,"2016/06/19 05:05:00",CALL_A_4,0,"2016/06/19 05:00:04"
D,METER_DATA,GEN_DUID,1,"2016/06/19 05:05:00",CAPTL_WF,30.743996,"2016/06/19 05:00:04"
D,METER_DATA,GEN_DUID,1,"2016/06/19 05:05:00",CATAGUN1,0,"2016/06/19 05:00:04"
D,METER_DATA,GEN_DUID,1,"2016/06/19 05:05:00",CATHROCK,7.55,"2016/06/19 05:00:04"
D,METER_DATA,GEN_DUID,1,"2016/06/19 05:05:00",CHALLHWF,7.80,"2016/06/19 05:00:04"
D,METER_DATA,GEN_DUID,1,"2016/06/19 05:05:00",CLOVER,-0.01,"2016/06/19 05:00:04"
D,METER_DATA,GEN_DUID,1,"2016/06/19 05:05:00",CLUNY,8.816930,"2016/06/19 05:00:04"
D,METER_DATA,GEN_DUID,1,"2016/06/19 05:05:00",CNUNDAWF,4.405139,"2016/06/19 05:00:04"
D,METER_DATA,GEN_DUID,1,"2016/06/19 05:05:00",CULLRGWF,13.51,"2016/06/19 05:00:04"
D,METER_DATA,GEN_DUID,1,"2016/06/19 05:05:00",ERGT01,0,"2016/06/19 05:00:04"
D,METER_DATA,GEN_DUID,1,"2016/06/19 05:05:00",GB01,0.139389,"2016/06/19 05:00:04"
D,METER_DATA,GEN_DUID,1,"2016/06/19 05:05:00",GEORGTN1,0,"2016/06/19 05:00:04"
D,METER_DATA,GEN_DUID,1,"2016/06/19 05:05:00",GEORGTN2,0,"2016/06/19 05:00:04"
D,METER_DATA,GEN_DUID,1,"2016/06/19 05:05:00",GERMCRK,39.599998,"2016/06/19 05:00:04"
D,METER_DATA,GEN_DUID,1,"2016/06/19 05:05:00",INVICTA,14.1250,"2016/06/19 05:00:04"
D,METER_DATA,GEN_DUID,1,"2016/06/19 05:05:00",LKBONNY1,8.216461,"2016/06/19 05:00:04"
D,METER_DATA,GEN_DUID,1,"2016/06/19 05:05:00",MBAHNTH,59.531254,"2016/06/19 05:00:04"
D,METER_DATA,GEN_DUID,1,"2016/06/19 05:05:00",MEADOWB2,0,"2016/06/19 05:00:04"
D,METER_DATA,GEN_DUID,1,"2016/06/19 05:05:00",MLWF1,3.69,"2016/06/19 05:00:04"
D,METER_DATA,GEN_DUID,1,"2016/06/19 05:05:00",MTMILLAR,19.749241,"2016/06/19 05:00:04"
D,METER_DATA,GEN_DUID,1,"2016/06/19 05:05:00",PALOONA,21.859999,"2016/06/19 05:00:04"
D,METER_DATA,GEN_DUID,1,"2016/06/19 05:05:00",PORTLAT1,0,"2016/06/19 05:00:04"
D,METER_DATA,GEN_DUID,1,"2016/06/19 05:05:00",PORTWF,0.40,"2016/06/19 05:00:04"
D,METER_DATA,GEN_DUID,1,"2016/06/19 05:05:00",QUERIVE1,-0.15,"2016/06/19 05:00:04"
D,METER_DATA,GEN_DUID,1,"2016/06/19 05:05:00",REPULSE,15.091559,"2016/06/19 05:00:04"
D,METER_DATA,GEN_DUID,1,"2016/06/19 05:05:00",ROWALLAN,9.8122,"2016/06/19 05:00:04"
D,METER_DATA,GEN_DUID,1,"2016/06/19 05:05:00",ROYALLA1,0,"2016/06/19 05:00:04"
D,METER_DATA,GEN_DUID,1,"2016/06/19 05:05:00",RPCG,-0.20,"2016/06/19 05:00:04"
D,METER_DATA,GEN_DUID,1,"2016/06/19 05:05:00",RUBICON,0,"2016/06/19 05:00:04"
D,METER_DATA,GEN_DUID,1,"2016/06/19 05:05:00",STARHLWF,1.499563,"2016/06/19 05:00:04"
D,METER_DATA,GEN_DUID,1,"2016/06/19 05:05:00",WAUBRAWF,5.8280,"2016/06/19 05:00:04"
D,METER_DATA,GEN_DUID,1,"2016/06/19 05:05:00",WOOLNTH1,40.200016,"2016/06/19 05:00:04"
D,METER_DATA,GEN_DUID,1,"2016/06/19 05:05:00",WPWF,14,"2016/06/19 05:00:04"
D,METER_DATA,GEN_DUID,1,"2016/06/19 05:05:00",YAMBUKWF,0.60,"2016/06/19 05:00:04"
D,METER_DATA,GEN_DUID,1,"2016/06/19 05:10:00",BBDISEL1,0,"2016/06/19 05:05:04"
D,METER_DATA,GEN_DUID,1,"2016/06/19 05:10:00",BUTLERSG,7.799998,"2016/06/19 05:05:04"
D,METER_DATA,GEN_DUID,1,"2016/06/19 05:10:00",CALL_A_4,0,"2016/06/19 05:05:04"
D,METER_DATA,GEN_DUID,1,"2016/06/19 05:10:00",CAPTL_WF,32.167999,"2016/06/19 05:05:04"
D,METER_DATA,GEN_DUID,1,"2016/06/19 05:10:00",CATAGUN1,0,"2016/06/19 05:05:04"
D,METER_DATA,GEN_DUID,1,"2016/06/19 05:10:00",CATHROCK,5.63,"2016/06/19 05:05:04"
D,METER_DATA,GEN_DUID,1,"2016/06/19 05:10:00",CHALLHWF,7,"2016/06/19 05:05:04"
D,METER_DATA,GEN_DUID,1,"2016/06/19 05:10:00",CLOVER,-0.01,"2016/06/19 05:05:04"
D,METER_DATA,GEN_DUID,1,"2016/06/19 05:10:00",CLUNY,9.045570,"2016/06/19 05:05:04"
D,METER_DATA,GEN_DUID,1,"2016/06/19 05:10:00",CNUNDAWF,4.305022,"2016/06/19 05:05:04"
D,METER_DATA,GEN_DUID,1,"2016/06/19 05:10:00",CULLRGWF,14.83,"2016/06/19 05:05:04"
D,METER_DATA,GEN_DUID,1,"2016/06/19 05:10:00",ERGT01,0,"2016/06/19 05:05:04"
D,METER_DATA,GEN_DUID,1,"2016/06/19 05:10:00",GB01,0.139389,"2016/06/19 05:05:04"
D,METER_DATA,GEN_DUID,1,"2016/06/19 05:10:00",GEORGTN1,0,"2016/06/19 05:05:04"
D,METER_DATA,GEN_DUID,1,"2016/06/19 05:10:00",GEORGTN2,0,"2016/06/19 05:05:04"
D,METER_DATA,GEN_DUID,1,"2016/06/19 05:10:00",GERMCRK,39.50,"2016/06/19 05:05:04"
D,METER_DATA,GEN_DUID,1,"2016/06/19 05:10:00",INVICTA,14.1250,"2016/06/19 05:05:04"
D,METER_DATA,GEN_DUID,1,"2016/06/19 05:10:00",LKBONNY1,7.769915,"2016/06/19 05:05:04"
D,METER_DATA,GEN_DUID,1,"2016/06/19 05:10:00",MBAHNTH,59.531254,"2016/06/19 05:05:04"
D,METER_DATA,GEN_DUID,1,"2016/06/19 05:10:00",MEADOWB2,0,"2016/06/19 05:05:04"
D,METER_DATA,GEN_DUID,1,"2016/06/19 05:10:00",MLWF1,4.11,"2016/06/19 05:05:04"
D,METER_DATA,GEN_DUID,1,"2016/06/19 05:10:00",MTMILLAR,17.181988,"2016/06/19 05:05:04"
D,METER_DATA,GEN_DUID,1,"2016/06/19 05:10:00",PALOONA,21.859999,"2016/06/19 05:05:04"
D,METER_DATA,GEN_DUID,1,"2016/06/19 05:10:00",PORTLAT1,0,"2016/06/19 05:05:04"
D,METER_DATA,GEN_DUID,1,"2016/06/19 05:10:00",PORTWF,0,"2016/06/19 05:05:04"
D,METER_DATA,GEN_DUID,1,"2016/06/19 05:10:00",QUERIVE1,-0.15,"2016/06/19 05:05:04"
D,METER_DATA,GEN_DUID,1,"2016/06/19 05:10:00",REPULSE,15.224945,"2016/06/19 05:05:04"
D,METER_DATA,GEN_DUID,1,"2016/06/19 05:10:00",ROWALLAN,9.8548,"2016/06/19 05:05:04"
D,METER_DATA,GEN_DUID,1,"2016/06/19 05:10:00",ROYALLA1,0,"2016/06/19 05:05:04"
D,METER_DATA,GEN_DUID,1,"2016/06/19 05:10:00",RPCG,-0.20,"2016/06/19 05:05:04"
D,METER_DATA,GEN_DUID,1,"2016/06/19 05:10:00",RUBICON,0,"2016/06/19 05:05:04"
D,METER_DATA,GEN_DUID,1,"2016/06/19 05:10:00",STARHLWF,1.899446,"2016/06/19 05:05:04"
D,METER_DATA,GEN_DUID,1,"2016/06/19 05:10:00",WAUBRAWF,5.4940,"2016/06/19 05:05:04"
D,METER_DATA,GEN_DUID,1,"2016/06/19 05:10:00",WOOLNTH1,36.930016,"2016/06/19 05:05:04"
D,METER_DATA,GEN_DUID,1,"2016/06/19 05:10:00",WPWF,14,"2016/06/19 05:05:04"
D,METER_DATA,GEN_DUID,1,"2016/06/19 05:10:00",YAMBUKWF,0.50,"2016/06/19 05:05:04"
D,METER_DATA,GEN_DUID,1,"2016/06/19 05:15:00",BBDISEL1,0,"2016/06/19 05:10:04"
D,METER_DATA,GEN_DUID,1,"2016/06/19 05:15:00",BUTLERSG,7.799998,"2016/06/19 05:10:04"
D,METER_DATA,GEN_DUID,1,"2016/06/19 05:15:00",CALL_A_4,0,"2016/06/19 05:10:04"
D,METER_DATA,GEN_DUID,1,"2016/06/19 05:15:00",CAPTL_WF,32.568001,"2016/06/19 05:10:04"
D,METER_DATA,GEN_DUID,1,"2016/06/19 05:15:00",CATAGUN1,0,"2016/06/19 05:10:04"
D,METER_DATA,GEN_DUID,1,"2016/06/19 05:15:00",CATHROCK,6.25,"2016/06/19 05:10:04"
D,METER_DATA,GEN_DUID,1,"2016/06/19 05:15:00",CHALLHWF,7.90,"2016/06/19 05:10:04"
D,METER_DATA,GEN_DUID,1,"2016/06/19 05:15:00",CLOVER,-0.01,"2016/06/19 05:10:04"
D,METER_DATA,GEN_DUID,1,"2016/06/19 05:15:00",CLUNY,9.1456,"2016/06/19 05:10:04"
D,METER_DATA,GEN_DUID,1,"2016/06/19 05:15:00",CNUNDAWF,4.004672,"2016/06/19 05:10:04"
D,METER_DATA,GEN_DUID,1,"2016/06/19 05:15:00",CULLRGWF,14.44,"2016/06/19 05:10:04"
D,METER_DATA,GEN_DUID,1,"2016/06/19 05:15:00",ERGT01,0,"2016/06/19 05:10:04"
D,METER_DATA,GEN_DUID,1,"2016/06/19 05:15:00",GB01,0.139389,"2016/06/19 05:10:04"
D,METER_DATA,GEN_DUID,1,"2016/06/19 05:15:00",GEORGTN1,0,"2016/06/19 05:10:04"
D,METER_DATA,GEN_DUID,1,"2016/06/19 05:15:00",GEORGTN2,0,"2016/06/19 05:10:04"
D,METER_DATA,GEN_DUID,1,"2016/06/19 05:15:00",GERMCRK,40.200001,"2016/06/19 05:10:04"
D,METER_DATA,GEN_DUID,1,"2016/06/19 05:15:00",INVICTA,14.1250,"2016/06/19 05:10:04"
D,METER_DATA,GEN_DUID,1,"2016/06/19 05:15:00",LKBONNY1,8.216461,"2016/06/19 05:10:04"
D,METER_DATA,GEN_DUID,1,"2016/06/19 05:15:00",MBAHNTH,59.531254,"2016/06/19 05:10:04"
D,METER_DATA,GEN_DUID,1,"2016/06/19 05:15:00",MEADOWB2,0,"2016/06/19 05:10:04"
D,METER_DATA,GEN_DUID,1,"2016/06/19 05:15:00",MLWF1,4.0050,"2016/06/19 05:10:04"
D,METER_DATA,GEN_DUID,1,"2016/06/19 05:15:00",MTMILLAR,14.934712,"2016/06/19 05:10:04"
D,METER_DATA,GEN_DUID,1,"2016/06/19 05:15:00",PALOONA,21.859999,"2016/06/19 05:10:04"
D,METER_DATA,GEN_DUID,1,"2016/06/19 05:15:00",PORTLAT1,0,"2016/06/19 05:10:04"
D,METER_DATA,GEN_DUID,1,"2016/06/19 05:15:00",PORTWF,-0.20,"2016/06/19 05:10:04"
D,METER_DATA,GEN_DUID,1,"2016/06/19 05:15:00",QUERIVE1,-0.15,"2016/06/19 05:10:04"
D,METER_DATA,GEN_DUID,1,"2016/06/19 05:15:00",REPULSE,15.320220,"2016/06/19 05:10:04"
D,METER_DATA,GEN_DUID,1,"2016/06/19 05:15:00",ROWALLAN,10.1246,"2016/06/19 05:10:04"
D,METER_DATA,GEN_DUID,1,"2016/06/19 05:15:00",ROYALLA1,0,"2016/06/19 05:10:04"
D,METER_DATA,GEN_DUID,1,"2016/06/19 05:15:00",RPCG,-0.20,"2016/06/19 05:10:04"
D,METER_DATA,GEN_DUID,1,"2016/06/19 05:15:00",RUBICON,0,"2016/06/19 05:10:04"
D,METER_DATA,GEN_DUID,1,"2016/06/19 05:15:00",STARHLWF,1.899446,"2016/06/19 05:10:04"
D,METER_DATA,GEN_DUID,1,"2016/06/19 05:15:00",WAUBRAWF,5.7160,"2016/06/19 05:10:04"
D,METER_DATA,GEN_DUID,1,"2016/06/19 05:15:00",WOOLNTH1,39.900017,"2016/06/19 05:10:04"
D,METER_DATA,GEN_DUID,1,"2016/06/19 05:15:00",WPWF,13,"2016/06/19 05:10:04"
D,METER_DATA,GEN_DUID,1,"2016/06/19 05:15:00",YAMBUKWF,0.30,"2016/06/19 05:10:04"
D,METER_DATA,GEN_DUID,1,"2016/06/19 05:20:00",BBDISEL1,0,"2016/06/19 05:15:05"
D,METER_DATA,GEN_DUID,1,"2016/06/19 05:20:00",BUTLERSG,7.799998,"2016/06/19 05:15:05"
D,METER_DATA,GEN_DUID,1,"2016/06/19 05:20:00",CALL_A_4,0,"2016/06/19 05:15:05"
D,METER_DATA,GEN_DUID,1,"2016/06/19 05:20:00",CAPTL_WF,32.900002,"2016/06/19 05:15:05"
D,METER_DATA,GEN_DUID,1,"2016/06/19 05:20:00",CATAGUN1,0,"2016/06/19 05:15:05"
D,METER_DATA,GEN_DUID,1,"2016/06/19 05:20:00",CATHROCK,6.61,"2016/06/19 05:15:05"
D,METER_DATA,GEN_DUID,1,"2016/06/19 05:20:00",CHALLHWF,7.70,"2016/06/19 05:15:05"
D,METER_DATA,GEN_DUID,1,"2016/06/19 05:20:00",CLOVER,-0.01,"2016/06/19 05:15:05"
D,METER_DATA,GEN_DUID,1,"2016/06/19 05:20:00",CLUNY,8.945540,"2016/06/19 05:15:05"
D,METER_DATA,GEN_DUID,1,"2016/06/19 05:20:00",CNUNDAWF,4.805606,"2016/06/19 05:15:05"
D,METER_DATA,GEN_DUID,1,"2016/06/19 05:20:00",CULLRGWF,15.73,"2016/06/19 05:15:05"
D,METER_DATA,GEN_DUID,1,"2016/06/19 05:20:00",ERGT01,0,"2016/06/19 05:15:05"
D,METER_DATA,GEN_DUID,1,"2016/06/19 05:20:00",GB01,0.139389,"2016/06/19 05:15:05"
D,METER_DATA,GEN_DUID,1,"2016/06/19 05:20:00",GEORGTN1,0,"2016/06/19 05:15:05"
D,METER_DATA,GEN_DUID,1,"2016/06/19 05:20:00",GEORGTN2,0,"2016/06/19 05:15:05"
D,METER_DATA,GEN_DUID,1,"2016/06/19 05:20:00",GERMCRK,39.50,"2016/06/19 05:15:05"
D,METER_DATA,GEN_DUID,1,"2016/06/19 05:20:00",INVICTA,14.1250,"2016/06/19 05:15:05"
D,METER_DATA,GEN_DUID,1,"2016/06/19 05:20:00",LKBONNY1,8.127152,"2016/06/19 05:15:05"
D,METER_DATA,GEN_DUID,1,"2016/06/19 05:20:00",MBAHNTH,59.531254,"2016/06/19 05:15:05"
D,METER_DATA,GEN_DUID,1,"2016/06/19 05:20:00",MEADOWB2,0,"2016/06/19 05:15:05"
D,METER_DATA,GEN_DUID,1,"2016/06/19 05:20:00",MLWF1,3.69,"2016/06/19 05:15:05"
D,METER_DATA,GEN_DUID,1,"2016/06/19 05:20:00",MTMILLAR,12.107014,"2016/06/19 05:15:05"
D,METER_DATA,GEN_DUID,1,"2016/06/19 05:20:00",PALOONA,21.859999,"2016/06/19 05:15:05"
D,METER_DATA,GEN_DUID,1,"2016/06/19 05:20:00",PORTLAT1,0,"2016/06/19 05:15:05"
D,METER_DATA,GEN_DUID,1,"2016/06/19 05:20:00",PORTWF,-0.20,"2016/06/19 05:15:05"
D,METER_DATA,GEN_DUID,1,"2016/06/19 05:20:00",QUERIVE1,-0.15,"2016/06/19 05:15:05"
D,METER_DATA,GEN_DUID,1,"2016/06/19 05:20:00",REPULSE,14.977230,"2016/06/19 05:15:05"
D,METER_DATA,GEN_DUID,1,"2016/06/19 05:20:00",ROWALLAN,9.9755,"2016/06/19 05:15:05"
D,METER_DATA,GEN_DUID,1,"2016/06/19 05:20:00",ROYALLA1,0,"2016/06/19 05:15:05"
D,METER_DATA,GEN_DUID,1,"2016/06/19 05:20:00",RPCG,-0.20,"2016/06/19 05:15:05"
D,METER_DATA,GEN_DUID,1,"2016/06/19 05:20:00",RUBICON,0,"2016/06/19 05:15:05"
D,METER_DATA,GEN_DUID,1,"2016/06/19 05:20:00",STARHLWF,1.599534,"2016/06/19 05:15:05"
D,METER_DATA,GEN_DUID,1,"2016/06/19 05:20:00",WAUBRAWF,5.8290,"2016/06/19 05:15:05"
D,METER_DATA,GEN_DUID,1,"2016/06/19 05:20:00",WOOLNTH1,39.690018,"2016/06/19 05:15:05"
D,METER_DATA,GEN_DUID,1,"2016/06/19 05:20:00",WPWF,13,"2016/06/19 05:15:05"
D,METER_DATA,GEN_DUID,1,"2016/06/19 05:20:00",YAMBUKWF,0.30,"2016/06/19 05:15:05"
D,METER_DATA,GEN_DUID,1,"2016/06/19 05:25:00",BBDISEL1,0,"2016/06/19 05:20:05"
D,METER_DATA,GEN_DUID,1,"2016/06/19 05:25:00",BUTLERSG,7.799998,"2016/06/19 05:20:05"
D,METER_DATA,GEN_DUID,1,"2016/06/19 05:25:00",CALL_A_4,0,"2016/06/19 05:20:05"
D,METER_DATA,GEN_DUID,1,"2016/06/19 05:25:00",CAPTL_WF,33.619995,"2016/06/19 05:20:05"
D,METER_DATA,GEN_DUID,1,"2016/06/19 05:25:00",CATAGUN1,0,"2016/06/19 05:20:05"
D,METER_DATA,GEN_DUID,1,"2016/06/19 05:25:00",CATHROCK,6.28,"2016/06/19 05:20:05"
D,METER_DATA,GEN_DUID,1,"2016/06/19 05:25:00",CHALLHWF,6.70,"2016/06/19 05:20:05"
D,METER_DATA,GEN_DUID,1,"2016/06/19 05:25:00",CLOVER,0,"2016/06/19 05:20:05"
D,METER_DATA,GEN_DUID,1,"2016/06/19 05:25:00",CLUNY,9.074150,"2016/06/19 05:20:05"
D,METER_DATA,GEN_DUID,1,"2016/06/19 05:25:00",CNUNDAWF,4.705489,"2016/06/19 05:20:05"
D,METER_DATA,GEN_DUID,1,"2016/06/19 05:25:00",CULLRGWF,15.49,"2016/06/19 05:20:05"
D,METER_DATA,GEN_DUID,1,"2016/06/19 05:25:00",ERGT01,0,"2016/06/19 05:20:05"
D,METER_DATA,GEN_DUID,1,"2016/06/19 05:25:00",GB01,0.136620,"2016/06/19 05:20:05"
D,METER_DATA,GEN_DUID,1,"2016/06/19 05:25:00",GEORGTN1,0,"2016/06/19 05:20:05"
D,METER_DATA,GEN_DUID,1,"2016/06/19 05:25:00",GEORGTN2,0,"2016/06/19 05:20:05"
D,METER_DATA,GEN_DUID,1,"2016/06/19 05:25:00",GERMCRK,40.200001,"2016/06/19 05:20:05"
D,METER_DATA,GEN_DUID,1,"2016/06/19 05:25:00",INVICTA,14.1250,"2016/06/19 05:20:05"
D,METER_DATA,GEN_DUID,1,"2016/06/19 05:25:00",LKBONNY1,7.680605,"2016/06/19 05:20:05"
D,METER_DATA,GEN_DUID,1,"2016/06/19 05:25:00",MBAHNTH,59.531254,"2016/06/19 05:20:05"
D,METER_DATA,GEN_DUID,1,"2016/06/19 05:25:00",MEADOWB2,0,"2016/06/19 05:20:05"
D,METER_DATA,GEN_DUID,1,"2016/06/19 05:25:00",MLWF1,3.57,"2016/06/19 05:20:05"
D,METER_DATA,GEN_DUID,1,"2016/06/19 05:25:00",MTMILLAR,13.684572,"2016/06/19 05:20:05"
D,METER_DATA,GEN_DUID,1,"2016/06/19 05:25:00",PALOONA,21.859999,"2016/06/19 05:20:05"
D,METER_DATA,GEN_DUID,1,"2016/06/19 05:25:00",PORTLAT1,0,"2016/06/19 05:20:05"
D,METER_DATA,GEN_DUID,1,"2016/06/19 05:25:00",PORTWF,-0.20,"2016/06/19 05:20:05"
D,METER_DATA,GEN_DUID,1,"2016/06/19 05:25:00",QUERIVE1,-0.15,"2016/06/19 05:20:05"
D,METER_DATA,GEN_DUID,1,"2016/06/19 05:25:00",REPULSE,15.167780,"2016/06/19 05:20:05"
D,METER_DATA,GEN_DUID,1,"2016/06/19 05:25:00",ROWALLAN,10.0749,"2016/06/19 05:20:05"
D,METER_DATA,GEN_DUID,1,"2016/06/19 05:25:00",ROYALLA1,0,"2016/06/19 05:20:05"
D,METER_DATA,GEN_DUID,1,"2016/06/19 05:25:00",RPCG,-0.20,"2016/06/19 05:20:05"
D,METER_DATA,GEN_DUID,1,"2016/06/19 05:25:00",RUBICON,0,"2016/06/19 05:20:05"
D,METER_DATA,GEN_DUID,1,"2016/06/19 05:25:00",STARHLWF,1.999417,"2016/06/19 05:20:05"
D,METER_DATA,GEN_DUID,1,"2016/06/19 05:25:00",WAUBRAWF,6.4510,"2016/06/19 05:20:05"
D,METER_DATA,GEN_DUID,1,"2016/06/19 05:25:00",WOOLNTH1,41.610016,"2016/06/19 05:20:05"
D,METER_DATA,GEN_DUID,1,"2016/06/19 05:25:00",WPWF,13,"2016/06/19 05:20:05"
D,METER_DATA,GEN_DUID,1,"2016/06/19 05:25:00",YAMBUKWF,0.50,"2016/06/19 05:20:05"
D,METER_DATA,GEN_DUID,1,"2016/06/19 05:30:00",BBDISEL1,0,"2016/06/19 05:25:05"
D,METER_DATA,GEN_DUID,1,"2016/06/19 05:30:00",BUTLERSG,7.799998,"2016/06/19 05:25:05"
D,METER_DATA,GEN_DUID,1,"2016/06/19 05:30:00",CALL_A_4,0,"2016/06/19 05:25:05"
D,METER_DATA,GEN_DUID,1,"2016/06/19 05:30:00",CAPTL_WF,34.928001,"2016/06/19 05:25:05"
D,METER_DATA,GEN_DUID,1,"2016/06/19 05:30:00",CATAGUN1,0,"2016/06/19 05:25:05"
D,METER_DATA,GEN_DUID,1,"2016/06/19 05:30:00",CATHROCK,6.59,"2016/06/19 05:25:05"
D,METER_DATA,GEN_DUID,1,"2016/06/19 05:30:00",CHALLHWF,6.10,"2016/06/19 05:25:05"
D,METER_DATA,GEN_DUID,1,"2016/06/19 05:30:00",CLOVER,0,"2016/06/19 05:25:05"
D,METER_DATA,GEN_DUID,1,"2016/06/19 05:30:00",CLUNY,9.131310,"2016/06/19 05:25:05"
D,METER_DATA,GEN_DUID,1,"2016/06/19 05:30:00",CNUNDAWF,4.705489,"2016/06/19 05:25:05"
D,METER_DATA,GEN_DUID,1,"2016/06/19 05:30:00",CULLRGWF,15.71,"2016/06/19 05:25:05"
D,METER_DATA,GEN_DUID,1,"2016/06/19 05:30:00",ERGT01,0,"2016/06/19 05:25:05"
D,METER_DATA,GEN_DUID,1,"2016/06/19 05:30:00",GB01,0.136620,"2016/06/19 05:25:05"
D,METER_DATA,GEN_DUID,1,"2016/06/19 05:30:00",GEORGTN1,0,"2016/06/19 05:25:05"
D,METER_DATA,GEN_DUID,1,"2016/06/19 05:30:00",GEORGTN2,0,"2016/06/19 05:25:05"
D,METER_DATA,GEN_DUID,1,"2016/06/19 05:30:00",GERMCRK,39.799999,"2016/06/19 05:25:05"
D,METER_DATA,GEN_DUID,1,"2016/06/19 05:30:00",INVICTA,14.1250,"2016/06/19 05:25:05"
D,METER_DATA,GEN_DUID,1,"2016/06/19 05:30:00",LKBONNY1,7.234058,"2016/06/19 05:25:05"
D,METER_DATA,GEN_DUID,1,"2016/06/19 05:30:00",MBAHNTH,59.531254,"2016/06/19 05:25:05"
D,METER_DATA,GEN_DUID,1,"2016/06/19 05:30:00",MEADOWB2,0,"2016/06/19 05:25:05"
D,METER_DATA,GEN_DUID,1,"2016/06/19 05:30:00",MLWF1,3.6750,"2016/06/19 05:25:05"
D,METER_DATA,GEN_DUID,1,"2016/06/19 05:30:00",MTMILLAR,13.878046,"2016/06/19 05:25:05"
D,METER_DATA,GEN_DUID,1,"2016/06/19 05:30:00",PALOONA,21.859999,"2016/06/19 05:25:05"
D,METER_DATA,GEN_DUID,1,"2016/06/19 05:30:00",PORTLAT1,0,"2016/06/19 05:25:05"
D,METER_DATA,GEN_DUID,1,"2016/06/19 05:30:00",PORTWF,-0.40,"2016/06/19 05:25:05"
D,METER_DATA,GEN_DUID,1,"2016/06/19 05:30:00",QUERIVE1,-0.15,"2016/06/19 05:25:05"
D,METER_DATA,GEN_DUID,1,"2016/06/19 05:30:00",REPULSE,15.186834,"2016/06/19 05:25:05"
D,METER_DATA,GEN_DUID,1,"2016/06/19 05:30:00",ROWALLAN,10.0536,"2016/06/19 05:25:05"
D,METER_DATA,GEN_DUID,1,"2016/06/19 05:30:00",ROYALLA1,0,"2016/06/19 05:25:05"
D,METER_DATA,GEN_DUID,1,"2016/06/19 05:30:00",RPCG,-0.20,"2016/06/19 05:25:05"
D,METER_DATA,GEN_DUID,1,"2016/06/19 05:30:00",RUBICON,0,"2016/06/19 05:25:05"
D,METER_DATA,GEN_DUID,1,"2016/06/19 05:30:00",STARHLWF,1.999417,"2016/06/19 05:25:05"
D,METER_DATA,GEN_DUID,1,"2016/06/19 05:30:00",WAUBRAWF,7.2740,"2016/06/19 05:25:05"
D,METER_DATA,GEN_DUID,1,"2016/06/19 05:30:00",WOOLNTH1,44.370018,"2016/06/19 05:25:05"
D,METER_DATA,GEN_DUID,1,"2016/06/19 05:30:00",WPWF,15,"2016/06/19 05:25:05"
D,METER_DATA,GEN_DUID,1,"2016/06/19 05:30:00",YAMBUKWF,0.60,"2016/06/19 05:25:05"
D,METER_DATA,GEN_DUID,1,"2016/06/19 05:35:00",BBDISEL1,0,"2016/06/19 05:30:04"
D,METER_DATA,GEN_DUID,1,"2016/06/19 05:35:00",BUTLERSG,7.799998,"2016/06/19 05:30:04"
D,METER_DATA,GEN_DUID,1,"2016/06/19 05:35:00",CALL_A_4,0,"2016/06/19 05:30:04"
D,METER_DATA,GEN_DUID,1,"2016/06/19 05:35:00",CAPTL_WF,35.003998,"2016/06/19 05:30:04"
D,METER_DATA,GEN_DUID,1,"2016/06/19 05:35:00",CATAGUN1,0,"2016/06/19 05:30:04"
D,METER_DATA,GEN_DUID,1,"2016/06/19 05:35:00",CATHROCK,5.559999,"2016/06/19 05:30:04"
D,METER_DATA,GEN_DUID,1,"2016/06/19 05:35:00",CHALLHWF,6.50,"2016/06/19 05:30:04"
D,METER_DATA,GEN_DUID,1,"2016/06/19 05:35:00",CLOVER,-0.01,"2016/06/19 05:30:04"
D,METER_DATA,GEN_DUID,1,"2016/06/19 05:35:00",CLUNY,9.159890,"2016/06/19 05:30:04"
D,METER_DATA,GEN_DUID,1,"2016/06/19 05:35:00",CNUNDAWF,5.105956,"2016/06/19 05:30:04"
D,METER_DATA,GEN_DUID,1,"2016/06/19 05:35:00",CULLRGWF,15.75,"2016/06/19 05:30:04"
D,METER_DATA,GEN_DUID,1,"2016/06/19 05:35:00",ERGT01,0,"2016/06/19 05:30:04"
D,METER_DATA,GEN_DUID,1,"2016/06/19 05:35:00",GB01,0.136620,"2016/06/19 05:30:04"
D,METER_DATA,GEN_DUID,1,"2016/06/19 05:35:00",GEORGTN1,0,"2016/06/19 05:30:04"
D,METER_DATA,GEN_DUID,1,"2016/06/19 05:35:00",GEORGTN2,0,"2016/06/19 05:30:04"
D,METER_DATA,GEN_DUID,1,"2016/06/19 05:35:00",GERMCRK,40.400002,"2016/06/19 05:30:04"
D,METER_DATA,GEN_DUID,1,"2016/06/19 05:35:00",INVICTA,14.1250,"2016/06/19 05:30:04"
D,METER_DATA,GEN_DUID,1,"2016/06/19 05:35:00",LKBONNY1,6.876821,"2016/06/19 05:30:04"
D,METER_DATA,GEN_DUID,1,"2016/06/19 05:35:00",MBAHNTH,59.531254,"2016/06/19 05:30:04"
D,METER_DATA,GEN_DUID,1,"2016/06/19 05:35:00",MEADOWB2,0,"2016/06/19 05:30:04"
D,METER_DATA,GEN_DUID,1,"2016/06/19 05:35:00",MLWF1,3.3750,"2016/06/19 05:30:04"
D,METER_DATA,GEN_DUID,1,"2016/06/19 05:35:00",MTMILLAR,14.763562,"2016/06/19 05:30:04"
D,METER_DATA,GEN_DUID,1,"2016/06/19 05:35:00",PALOONA,21.859999,"2016/06/19 05:30:04"
D,METER_DATA,GEN_DUID,1,"2016/06/19 05:35:00",PORTLAT1,0,"2016/06/19 05:30:04"
D,METER_DATA,GEN_DUID,1,"2016/06/19 05:35:00",PORTWF,0,"2016/06/19 05:30:04"
D,METER_DATA,GEN_DUID,1,"2016/06/19 05:35:00",QUERIVE1,-0.14,"2016/06/19 05:30:04"
D,METER_DATA,GEN_DUID,1,"2016/06/19 05:35:00",REPULSE,15.320220,"2016/06/19 05:30:04"
D,METER_DATA,GEN_DUID,1,"2016/06/19 05:35:00",ROWALLAN,10.1530,"2016/06/19 05:30:04"
D,METER_DATA,GEN_DUID,1,"2016/06/19 05:35:00",ROYALLA1,0,"2016/06/19 05:30:04"
D,METER_DATA,GEN_DUID,1,"2016/06/19 05:35:00",RPCG,-0.20,"2016/06/19 05:30:04"
D,METER_DATA,GEN_DUID,1,"2016/06/19 05:35:00",RUBICON,0,"2016/06/19 05:30:04"
D,METER_DATA,GEN_DUID,1,"2016/06/19 05:35:00",STARHLWF,1.299621,"2016/06/19 05:30:04"
D,METER_DATA,GEN_DUID,1,"2016/06/19 05:35:00",WAUBRAWF,8.3650,"2016/06/19 05:30:04"
D,METER_DATA,GEN_DUID,1,"2016/06/19 05:35:00",WOOLNTH1,41.600014,"2016/06/19 05:30:04"
D,METER_DATA,GEN_DUID,1,"2016/06/19 05:35:00",WPWF,17,"2016/06/19 05:30:04"
D,METER_DATA,GEN_DUID,1,"2016/06/19 05:35:00",YAMBUKWF,0.60,"2016/06/19 05:30:04"
D,METER_DATA,GEN_DUID,1,"2016/06/19 05:40:00",BBDISEL1,0,"2016/06/19 05:35:04"
D,METER_DATA,GEN_DUID,1,"2016/06/19 05:40:00",BUTLERSG,7.799998,"2016/06/19 05:35:04"
D,METER_DATA,GEN_DUID,1,"2016/06/19 05:40:00",CALL_A_4,0,"2016/06/19 05:35:04"
D,METER_DATA,GEN_DUID,1,"2016/06/19 05:40:00",CAPTL_WF,31.587997,"2016/06/19 05:35:04"
D,METER_DATA,GEN_DUID,1,"2016/06/19 05:40:00",CATAGUN1,0,"2016/06/19 05:35:04"
D,METER_DATA,GEN_DUID,1,"2016/06/19 05:40:00",CATHROCK,5.74,"2016/06/19 05:35:04"
D,METER_DATA,GEN_DUID,1,"2016/06/19 05:40:00",CHALLHWF,5.60,"2016/06/19 05:35:04"
D,METER_DATA,GEN_DUID,1,"2016/06/19 05:40:00",CLOVER,-0.01,"2016/06/19 05:35:04"
D,METER_DATA,GEN_DUID,1,"2016/06/19 05:40:00",CLUNY,9.388530,"2016/06/19 05:35:04"
D,METER_DATA,GEN_DUID,1,"2016/06/19 05:40:00",CNUNDAWF,5.206073,"2016/06/19 05:35:04"
D,METER_DATA,GEN_DUID,1,"2016/06/19 05:40:00",CULLRGWF,16.280001,"2016/06/19 05:35:04"
D,METER_DATA,GEN_DUID,1,"2016/06/19 05:40:00",ERGT01,0,"2016/06/19 05:35:04"
D,METER_DATA,GEN_DUID,1,"2016/06/19 05:40:00",GB01,0.136620,"2016/06/19 05:35:04"
D,METER_DATA,GEN_DUID,1,"2016/06/19 05:40:00",GEORGTN1,0,"2016/06/19 05:35:04"
D,METER_DATA,GEN_DUID,1,"2016/06/19 05:40:00",GEORGTN2,0,"2016/06/19 05:35:04"
D,METER_DATA,GEN_DUID,1,"2016/06/19 05:40:00",GERMCRK,39.400002,"2016/06/19 05:35:04"
D,METER_DATA,GEN_DUID,1,"2016/06/19 05:40:00",INVICTA,14.1250,"2016/06/19 05:35:04"
D,METER_DATA,GEN_DUID,1,"2016/06/19 05:40:00",LKBONNY1,6.608893,"2016/06/19 05:35:04"
D,METER_DATA,GEN_DUID,1,"2016/06/19 05:40:00",MBAHNTH,59.531254,"2016/06/19 05:35:04"
D,METER_DATA,GEN_DUID,1,"2016/06/19 05:40:00",MEADOWB2,0,"2016/06/19 05:35:04"
D,METER_DATA,GEN_DUID,1,"2016/06/19 05:40:00",MLWF1,3.27,"2016/06/19 05:35:04"
D,METER_DATA,GEN_DUID,1,"2016/06/19 05:40:00",MTMILLAR,15.485369,"2016/06/19 05:35:04"
D,METER_DATA,GEN_DUID,1,"2016/06/19 05:40:00",PALOONA,21.859999,"2016/06/19 05:35:04"
D,METER_DATA,GEN_DUID,1,"2016/06/19 05:40:00",PORTLAT1,0,"2016/06/19 05:35:04"
D,METER_DATA,GEN_DUID,1,"2016/06/19 05:40:00",PORTWF,0,"2016/06/19 05:35:04"
D,METER_DATA,GEN_DUID,1,"2016/06/19 05:40:00",QUERIVE1,-0.14,"2016/06/19 05:35:04"
D,METER_DATA,GEN_DUID,1,"2016/06/19 05:40:00",REPULSE,15.415495,"2016/06/19 05:35:04"
D,METER_DATA,GEN_DUID,1,"2016/06/19 05:40:00",ROWALLAN,10.0465,"2016/06/19 05:35:04"
D,METER_DATA,GEN_DUID,1,"2016/06/19 05:40:00",ROYALLA1,0,"2016/06/19 05:35:04"
D,METER_DATA,GEN_DUID,1,"2016/06/19 05:40:00",RPCG,-0.20,"2016/06/19 05:35:04"
D,METER_DATA,GEN_DUID,1,"2016/06/19 05:40:00",RUBICON,0,"2016/06/19 05:35:04"
D,METER_DATA,GEN_DUID,1,"2016/06/19 05:40:00",STARHLWF,1.299621,"2016/06/19 05:35:04"
D,METER_DATA,GEN_DUID,1,"2016/06/19 05:40:00",WAUBRAWF,8.5950,"2016/06/19 05:35:04"
D,METER_DATA,GEN_DUID,1,"2016/06/19 05:40:00",WOOLNTH1,41.100014,"2016/06/19 05:35:04"
D,METER_DATA,GEN_DUID,1,"2016/06/19 05:40:00",WPWF,17,"2016/06/19 05:35:04"
D,METER_DATA,GEN_DUID,1,"2016/06/19 05:40:00",YAMBUKWF,0.90,"2016/06/19 05:35:04"
D,METER_DATA,GEN_DUID,1,"2016/06/19 05:45:00",BBDISEL1,0,"2016/06/19 05:40:04"
D,METER_DATA,GEN_DUID,1,"2016/06/19 05:45:00",BUTLERSG,7.799998,"2016/06/19 05:40:04"
D,METER_DATA,GEN_DUID,1,"2016/06/19 05:45:00",CALL_A_4,0,"2016/06/19 05:40:04"
D,METER_DATA,GEN_DUID,1,"2016/06/19 05:45:00",CAPTL_WF,31.8480,"2016/06/19 05:40:04"
D,METER_DATA,GEN_DUID,1,"2016/06/19 05:45:00",CATAGUN1,0,"2016/06/19 05:40:04"
D,METER_DATA,GEN_DUID,1,"2016/06/19 05:45:00",CATHROCK,5.809999,"2016/06/19 05:40:04"
D,METER_DATA,GEN_DUID,1,"2016/06/19 05:45:00",CHALLHWF,5,"2016/06/19 05:40:04"
D,METER_DATA,GEN_DUID,1,"2016/06/19 05:45:00",CLOVER,-0.01,"2016/06/19 05:40:04"
D,METER_DATA,GEN_DUID,1,"2016/06/19 05:45:00",CLUNY,9.059860,"2016/06/19 05:40:04"
D,METER_DATA,GEN_DUID,1,"2016/06/19 05:45:00",CNUNDAWF,5.206073,"2016/06/19 05:40:04"
D,METER_DATA,GEN_DUID,1,"2016/06/19 05:45:00",CULLRGWF,16.76,"2016/06/19 05:40:04"
D,METER_DATA,GEN_DUID,1,"2016/06/19 05:45:00",ERGT01,0,"2016/06/19 05:40:04"
D,METER_DATA,GEN_DUID,1,"2016/06/19 05:45:00",GB01,0.136620,"2016/06/19 05:40:04"
D,METER_DATA,GEN_DUID,1,"2016/06/19 05:45:00",GEORGTN1,0,"2016/06/19 05:40:04"
D,METER_DATA,GEN_DUID,1,"2016/06/19 05:45:00",GEORGTN2,0,"2016/06/19 05:40:04"
D,METER_DATA,GEN_DUID,1,"2016/06/19 05:45:00",GERMCRK,40.099998,"2016/06/19 05:40:04"
D,METER_DATA,GEN_DUID,1,"2016/06/19 05:45:00",INVICTA,14.1250,"2016/06/19 05:40:04"
D,METER_DATA,GEN_DUID,1,"2016/06/19 05:45:00",LKBONNY1,6.340965,"2016/06/19 05:40:04"
D,METER_DATA,GEN_DUID,1,"2016/06/19 05:45:00",MBAHNTH,59.531254,"2016/06/19 05:40:04"
D,METER_DATA,GEN_DUID,1,"2016/06/19 05:45:00",MEADOWB2,0,"2016/06/19 05:40:04"
D,METER_DATA,GEN_DUID,1,"2016/06/19 05:45:00",MLWF1,3.5550,"2016/06/19 05:40:04"
D,METER_DATA,GEN_DUID,1,"2016/06/19 05:45:00",MTMILLAR,15.381190,"2016/06/19 05:40:04"
D,METER_DATA,GEN_DUID,1,"2016/06/19 05:45:00",PALOONA,21.859999,"2016/06/19 05:40:04"
D,METER_DATA,GEN_DUID,1,"2016/06/19 05:45:00",PORTLAT1,0,"2016/06/19 05:40:04"
D,METER_DATA,GEN_DUID,1,"2016/06/19 05:45:00",PORTWF,0,"2016/06/19 05:40:04"
D,METER_DATA,GEN_DUID,1,"2016/06/19 05:45:00",QUERIVE1,-0.15,"2016/06/19 05:40:04"
D,METER_DATA,GEN_DUID,1,"2016/06/19 05:45:00",REPULSE,14.348414,"2016/06/19 05:40:04"
D,METER_DATA,GEN_DUID,1,"2016/06/19 05:45:00",ROWALLAN,10.0323,"2016/06/19 05:40:04"
D,METER_DATA,GEN_DUID,1,"2016/06/19 05:45:00",ROYALLA1,0,"2016/06/19 05:40:04"
D,METER_DATA,GEN_DUID,1,"2016/06/19 05:45:00",RPCG,-0.20,"2016/06/19 05:40:04"
D,METER_DATA,GEN_DUID,1,"2016/06/19 05:45:00",RUBICON,0,"2016/06/19 05:40:04"
D,METER_DATA,GEN_DUID,1,"2016/06/19 05:45:00",STARHLWF,1.999417,"2016/06/19 05:40:04"
D,METER_DATA,GEN_DUID,1,"2016/06/19 05:45:00",WAUBRAWF,8.9510,"2016/06/19 05:40:04"
D,METER_DATA,GEN_DUID,1,"2016/06/19 05:45:00",WOOLNTH1,37.650017,"2016/06/19 05:40:04"
D,METER_DATA,GEN_DUID,1,"2016/06/19 05:45:00",WPWF,15,"2016/06/19 05:40:04"
D,METER_DATA,GEN_DUID,1,"2016/06/19 05:45:00",YAMBUKWF,1,"2016/06/19 05:40:04"
D,METER_DATA,GEN_DUID,1,"2016/06/19 05:50:00",BBDISEL1,0,"2016/06/19 05:45:04"
D,METER_DATA,GEN_DUID,1,"2016/06/19 05:50:00",BUTLERSG,7.799998,"2016/06/19 05:45:04"
D,METER_DATA,GEN_DUID,1,"2016/06/19 05:50:00",CALL_A_4,0,"2016/06/19 05:45:04"
D,METER_DATA,GEN_DUID,1,"2016/06/19 05:50:00",CAPTL_WF,28.18,"2016/06/19 05:45:04"
D,METER_DATA,GEN_DUID,1,"2016/06/19 05:50:00",CATAGUN1,0,"2016/06/19 05:45:04"
D,METER_DATA,GEN_DUID,1,"2016/06/19 05:50:00",CATHROCK,4.45,"2016/06/19 05:45:04"
D,METER_DATA,GEN_DUID,1,"2016/06/19 05:50:00",CHALLHWF,4.10,"2016/06/19 05:45:04"
D,METER_DATA,GEN_DUID,1,"2016/06/19 05:50:00",CLOVER,-0.01,"2016/06/19 05:45:04"
D,METER_DATA,GEN_DUID,1,"2016/06/19 05:50:00",CLUNY,9.245630,"2016/06/19 05:45:04"
D,METER_DATA,GEN_DUID,1,"2016/06/19 05:50:00",CNUNDAWF,5.606540,"2016/06/19 05:45:04"
D,METER_DATA,GEN_DUID,1,"2016/06/19 05:50:00",CULLRGWF,15.10,"2016/06/19 05:45:04"
D,METER_DATA,GEN_DUID,1,"2016/06/19 05:50:00",ERGT01,0,"2016/06/19 05:45:04"
D,METER_DATA,GEN_DUID,1,"2016/06/19 05:50:00",GB01,0.136620,"2016/06/19 05:45:04"
D,METER_DATA,GEN_DUID,1,"2016/06/19 05:50:00",GEORGTN1,0,"2016/06/19 05:45:04"
D,METER_DATA,GEN_DUID,1,"2016/06/19 05:50:00",GEORGTN2,0,"2016/06/19 05:45:04"
D,METER_DATA,GEN_DUID,1,"2016/06/19 05:50:00",GERMCRK,39.799999,"2016/06/19 05:45:04"
D,METER_DATA,GEN_DUID,1,"2016/06/19 05:50:00",INVICTA,14.1250,"2016/06/19 05:45:04"
D,METER_DATA,GEN_DUID,1,"2016/06/19 05:50:00",LKBONNY1,6.340965,"2016/06/19 05:45:04"
D,METER_DATA,GEN_DUID,1,"2016/06/19 05:50:00",MBAHNTH,59.531254,"2016/06/19 05:45:04"
D,METER_DATA,GEN_DUID,1,"2016/06/19 05:50:00",MEADOWB2,0,"2016/06/19 05:45:04"
D,METER_DATA,GEN_DUID,1,"2016/06/19 05:50:00",MLWF1,3.8850,"2016/06/19 05:45:04"
D,METER_DATA,GEN_DUID,1,"2016/06/19 05:50:00",MTMILLAR,15.522575,"2016/06/19 05:45:04"
D,METER_DATA,GEN_DUID,1,"2016/06/19 05:50:00",PALOONA,21.859999,"2016/06/19 05:45:04"
D,METER_DATA,GEN_DUID,1,"2016/06/19 05:50:00",PORTLAT1,0,"2016/06/19 05:45:04"
D,METER_DATA,GEN_DUID,1,"2016/06/19 05:50:00",PORTWF,0.10,"2016/06/19 05:45:04"
D,METER_DATA,GEN_DUID,1,"2016/06/19 05:50:00",QUERIVE1,-0.15,"2016/06/19 05:45:04"
D,METER_DATA,GEN_DUID,1,"2016/06/19 05:50:00",REPULSE,14.824790,"2016/06/19 05:45:04"
D,METER_DATA,GEN_DUID,1,"2016/06/19 05:50:00",ROWALLAN,10.0749,"2016/06/19 05:45:04"
D,METER_DATA,GEN_DUID,1,"2016/06/19 05:50:00",ROYALLA1,0,"2016/06/19 05:45:04"
D,METER_DATA,GEN_DUID,1,"2016/06/19 05:50:00",RPCG,-0.20,"2016/06/19 05:45:04"
D,METER_DATA,GEN_DUID,1,"2016/06/19 05:50:00",RUBICON,0,"2016/06/19 05:45:04"
D,METER_DATA,GEN_DUID,1,"2016/06/19 05:50:00",STARHLWF,2.099388,"2016/06/19 05:45:04"
D,METER_DATA,GEN_DUID,1,"2016/06/19 05:50:00",WAUBRAWF,9.8150,"2016/06/19 05:45:04"
D,METER_DATA,GEN_DUID,1,"2016/06/19 05:50:00",WOOLNTH1,35.170013,"2016/06/19 05:45:04"
D,METER_DATA,GEN_DUID,1,"2016/06/19 05:50:00",WPWF,14,"2016/06/19 05:45:04"
D,METER_DATA,GEN_DUID,1,"2016/06/19 05:50:00",YAMBUKWF,0.60,"2016/06/19 05:45:04"
D,METER_DATA,GEN_DUID,1,"2016/06/19 05:55:00",BBDISEL1,0,"2016/06/19 05:50:04"
D,METER_DATA,GEN_DUID,1,"2016/06/19 05:55:00",BUTLERSG,7.799998,"2016/06/19 05:50:04"
D,METER_DATA,GEN_DUID,1,"2016/06/19 05:55:00",CALL_A_4,0,"2016/06/19 05:50:04"
D,METER_DATA,GEN_DUID,1,"2016/06/19 05:55:00",CAPTL_WF,25.031998,"2016/06/19 05:50:04"
D,METER_DATA,GEN_DUID,1,"2016/06/19 05:55:00",CATAGUN1,0,"2016/06/19 05:50:04"
D,METER_DATA,GEN_DUID,1,"2016/06/19 05:55:00",CATHROCK,4.38,"2016/06/19 05:50:04"
D,METER_DATA,GEN_DUID,1,"2016/06/19 05:55:00",CHALLHWF,3.90,"2016/06/19 05:50:04"
D,METER_DATA,GEN_DUID,1,"2016/06/19 05:55:00",CLOVER,-0.01,"2016/06/19 05:50:04"
D,METER_DATA,GEN_DUID,1,"2016/06/19 05:55:00",CLUNY,8.645451,"2016/06/19 05:50:04"
D,METER_DATA,GEN_DUID,1,"2016/06/19 05:55:00",CNUNDAWF,5.606540,"2016/06/19 05:50:04"
D,METER_DATA,GEN_DUID,1,"2016/06/19 05:55:00",CULLRGWF,15.30,"2016/06/19 05:50:04"
D,METER_DATA,GEN_DUID,1,"2016/06/19 05:55:00",ERGT01,0,"2016/06/19 05:50:04"
D,METER_DATA,GEN_DUID,1,"2016/06/19 05:55:00",GB01,0.136620,"2016/06/19 05:50:04"
D,METER_DATA,GEN_DUID,1,"2016/06/19 05:55:00",GEORGTN1,0,"2016/06/19 05:50:04"
D,METER_DATA,GEN_DUID,1,"2016/06/19 05:55:00",GEORGTN2,0,"2016/06/19 05:50:04"
D,METER_DATA,GEN_DUID,1,"2016/06/19 05:55:00",GERMCRK,39.700001,"2016/06/19 05:50:04"
D,METER_DATA,GEN_DUID,1,"2016/06/19 05:55:00",INVICTA,14.1250,"2016/06/19 05:50:04"
D,METER_DATA,GEN_DUID,1,"2016/06/19 05:55:00",LKBONNY1,6.519584,"2016/06/19 05:50:04"
D,METER_DATA,GEN_DUID,1,"2016/06/19 05:55:00",MBAHNTH,59.531254,"2016/06/19 05:50:04"
D,METER_DATA,GEN_DUID,1,"2016/06/19 05:55:00",MEADOWB2,0,"2016/06/19 05:50:04"
D,METER_DATA,GEN_DUID,1,"2016/06/19 05:55:00",MLWF1,4.3050,"2016/06/19 05:50:04"
D,METER_DATA,GEN_DUID,1,"2016/06/19 05:55:00",MTMILLAR,15.2026,"2016/06/19 05:50:04"
D,METER_DATA,GEN_DUID,1,"2016/06/19 05:55:00",PALOONA,21.859999,"2016/06/19 05:50:04"
D,METER_DATA,GEN_DUID,1,"2016/06/19 05:55:00",PORTLAT1,0,"2016/06/19 05:50:04"
D,METER_DATA,GEN_DUID,1,"2016/06/19 05:55:00",PORTWF,0,"2016/06/19 05:50:04"
D,METER_DATA,GEN_DUID,1,"2016/06/19 05:55:00",QUERIVE1,-0.15,"2016/06/19 05:50:04"
D,METER_DATA,GEN_DUID,1,"2016/06/19 05:55:00",REPULSE,14.367470,"2016/06/19 05:50:04"
D,METER_DATA,GEN_DUID,1,"2016/06/19 05:55:00",ROWALLAN,9.9329,"2016/06/19 05:50:04"
D,METER_DATA,GEN_DUID,1,"2016/06/19 05:55:00",ROYALLA1,0,"2016/06/19 05:50:04"
D,METER_DATA,GEN_DUID,1,"2016/06/19 05:55:00",RPCG,-0.20,"2016/06/19 05:50:04"
D,METER_DATA,GEN_DUID,1,"2016/06/19 05:55:00",RUBICON,0,"2016/06/19 05:50:04"
D,METER_DATA,GEN_DUID,1,"2016/06/19 05:55:00",STARHLWF,2.999125,"2016/06/19 05:50:04"
D,METER_DATA,GEN_DUID,1,"2016/06/19 05:55:00",WAUBRAWF,10.7090,"2016/06/19 05:50:04"
D,METER_DATA,GEN_DUID,1,"2016/06/19 05:55:00",WOOLNTH1,34.230019,"2016/06/19 05:50:04"
D,METER_DATA,GEN_DUID,1,"2016/06/19 05:55:00",WPWF,12,"2016/06/19 05:50:04"
D,METER_DATA,GEN_DUID,1,"2016/06/19 05:55:00",YAMBUKWF,0.60,"2016/06/19 05:50:04"
D,METER_DATA,GEN_DUID,1,"2016/06/19 06:00:00",BBDISEL1,0,"2016/06/19 05:55:04"
D,METER_DATA,GEN_DUID,1,"2016/06/19 06:00:00",BUTLERSG,7.799998,"2016/06/19 05:55:04"
D,METER_DATA,GEN_DUID,1,"2016/06/19 06:00:00",CALL_A_4,0,"2016/06/19 05:55:04"
D,METER_DATA,GEN_DUID,1,"2016/06/19 06:00:00",CAPTL_WF,25.559998,"2016/06/19 05:55:04"
D,METER_DATA,GEN_DUID,1,"2016/06/19 06:00:00",CATAGUN1,0,"2016/06/19 05:55:04"
D,METER_DATA,GEN_DUID,1,"2016/06/19 06:00:00",CATHROCK,5.25,"2016/06/19 05:55:04"
D,METER_DATA,GEN_DUID,1,"2016/06/19 06:00:00",CHALLHWF,3.10,"2016/06/19 05:55:04"
D,METER_DATA,GEN_DUID,1,"2016/06/19 06:00:00",CLOVER,-0.01,"2016/06/19 05:55:04"
D,METER_DATA,GEN_DUID,1,"2016/06/19 06:00:00",CLUNY,8.502550,"2016/06/19 05:55:04"
D,METER_DATA,GEN_DUID,1,"2016/06/19 06:00:00",CNUNDAWF,5.206073,"2016/06/19 05:55:04"
D,METER_DATA,GEN_DUID,1,"2016/06/19 06:00:00",CULLRGWF,14.65,"2016/06/19 05:55:04"
D,METER_DATA,GEN_DUID,1,"2016/06/19 06:00:00",ERGT01,0,"2016/06/19 05:55:04"
D,METER_DATA,GEN_DUID,1,"2016/06/19 06:00:00",GB01,0.136620,"2016/06/19 05:55:04"
D,METER_DATA,GEN_DUID,1,"2016/06/19 06:00:00",GEORGTN1,0,"2016/06/19 05:55:04"
D,METER_DATA,GEN_DUID,1,"2016/06/19 06:00:00",GEORGTN2,0,"2016/06/19 05:55:04"
D,METER_DATA,GEN_DUID,1,"2016/06/19 06:00:00",GERMCRK,40.400002,"2016/06/19 05:55:04"
D,METER_DATA,GEN_DUID,1,"2016/06/19 06:00:00",INVICTA,14.1250,"2016/06/19 05:55:04"
D,METER_DATA,GEN_DUID,1,"2016/06/19 06:00:00",LKBONNY1,6.340965,"2016/06/19 05:55:04"
D,METER_DATA,GEN_DUID,1,"2016/06/19 06:00:00",MBAHNTH,59.531254,"2016/06/19 05:55:04"
D,METER_DATA,GEN_DUID,1,"2016/06/19 06:00:00",MEADOWB2,0,"2016/06/19 05:55:04"
D,METER_DATA,GEN_DUID,1,"2016/06/19 06:00:00",MLWF1,3.60,"2016/06/19 05:55:04"
D,METER_DATA,GEN_DUID,1,"2016/06/19 06:00:00",MTMILLAR,14.570087,"2016/06/19 05:55:04"
D,METER_DATA,GEN_DUID,1,"2016/06/19 06:00:00",PALOONA,21.859999,"2016/06/19 05:55:04"
D,METER_DATA,GEN_DUID,1,"2016/06/19 06:00:00",PORTLAT1,0,"2016/06/19 05:55:04"
D,METER_DATA,GEN_DUID,1,"2016/06/19 06:00:00",PORTWF,0,"2016/06/19 05:55:04"
D,METER_DATA,GEN_DUID,1,"2016/06/19 06:00:00",QUERIVE1,-0.15,"2016/06/19 05:55:04"
D,METER_DATA,GEN_DUID,1,"2016/06/19 06:00:00",REPULSE,14.748569,"2016/06/19 05:55:04"
D,METER_DATA,GEN_DUID,1,"2016/06/19 06:00:00",ROWALLAN,9.8548,"2016/06/19 05:55:04"
D,METER_DATA,GEN_DUID,1,"2016/06/19 06:00:00",ROYALLA1,0,"2016/06/19 05:55:04"
D,METER_DATA,GEN_DUID,1,"2016/06/19 06:00:00",RPCG,-0.20,"2016/06/19 05:55:04"
D,METER_DATA,GEN_DUID,1,"2016/06/19 06:00:00",RUBICON,0,"2016/06/19 05:55:04"
D,METER_DATA,GEN_DUID,1,"2016/06/19 06:00:00",STARHLWF,4.998542,"2016/06/19 05:55:04"
D,METER_DATA,GEN_DUID,1,"2016/06/19 06:00:00",WAUBRAWF,10.9290,"2016/06/19 05:55:04"
D,METER_DATA,GEN_DUID,1,"2016/06/19 06:00:00",WOOLNTH1,30.690016,"2016/06/19 05:55:04"
D,METER_DATA,GEN_DUID,1,"2016/06/19 06:00:00",WPWF,12,"2016/06/19 05:55:04"
D,METER_DATA,GEN_DUID,1,"2016/06/19 06:00:00",YAMBUKWF,0.70,"2016/06/19 05:55:04"
D,METER_DATA,GEN_DUID,1,"2016/06/19 06:05:00",BBDISEL1,0,"2016/06/19 06:00:05"
D,METER_DATA,GEN_DUID,1,"2016/06/19 06:05:00",BUTLERSG,7.799998,"2016/06/19 06:00:05"
D,METER_DATA,GEN_DUID,1,"2016/06/19 06:05:00",CALL_A_4,0,"2016/06/19 06:00:05"
D,METER_DATA,GEN_DUID,1,"2016/06/19 06:05:00",CAPTL_WF,22.671997,"2016/06/19 06:00:05"
D,METER_DATA,GEN_DUID,1,"2016/06/19 06:05:00",CATAGUN1,0,"2016/06/19 06:00:05"
D,METER_DATA,GEN_DUID,1,"2016/06/19 06:05:00",CATHROCK,5.13,"2016/06/19 06:00:05"
D,METER_DATA,GEN_DUID,1,"2016/06/19 06:05:00",CHALLHWF,3,"2016/06/19 06:00:05"
D,METER_DATA,GEN_DUID,1,"2016/06/19 06:05:00",CLOVER,-0.01,"2016/06/19 06:00:05"
D,METER_DATA,GEN_DUID,1,"2016/06/19 06:05:00",CLUNY,8.602580,"2016/06/19 06:00:05"
D,METER_DATA,GEN_DUID,1,"2016/06/19 06:05:00",CNUNDAWF,5.105956,"2016/06/19 06:00:05"
D,METER_DATA,GEN_DUID,1,"2016/06/19 06:05:00",CULLRGWF,15.35,"2016/06/19 06:00:05"
D,METER_DATA,GEN_DUID,1,"2016/06/19 06:05:00",ERGT01,0,"2016/06/19 06:00:05"
D,METER_DATA,GEN_DUID,1,"2016/06/19 06:05:00",GB01,0.136620,"2016/06/19 06:00:05"
D,METER_DATA,GEN_DUID,1,"2016/06/19 06:05:00",GEORGTN1,0,"2016/06/19 06:00:05"
D,METER_DATA,GEN_DUID,1,"2016/06/19 06:05:00",GEORGTN2,0,"2016/06/19 06:00:05"
D,METER_DATA,GEN_DUID,1,"2016/06/19 06:05:00",GERMCRK,40,"2016/06/19 06:00:05"
D,METER_DATA,GEN_DUID,1,"2016/06/19 06:05:00",INVICTA,14.1250,"2016/06/19 06:00:05"
D,METER_DATA,GEN_DUID,1,"2016/06/19 06:05:00",LKBONNY1,6.608893,"2016/06/19 06:00:05"
D,METER_DATA,GEN_DUID,1,"2016/06/19 06:05:00",MBAHNTH,59.531254,"2016/06/19 06:00:05"
D,METER_DATA,GEN_DUID,1,"2016/06/19 06:05:00",MEADOWB2,0,"2016/06/19 06:00:05"
D,METER_DATA,GEN_DUID,1,"2016/06/19 06:05:00",MLWF1,3.3750,"2016/06/19 06:00:05"
D,METER_DATA,GEN_DUID,1,"2016/06/19 06:05:00",MTMILLAR,13.677131,"2016/06/19 06:00:05"
D,METER_DATA,GEN_DUID,1,"2016/06/19 06:05:00",PALOONA,21.859999,"2016/06/19 06:00:05"
D,METER_DATA,GEN_DUID,1,"2016/06/19 06:05:00",PORTLAT1,0,"2016/06/19 06:00:05"
D,METER_DATA,GEN_DUID,1,"2016/06/19 06:05:00",PORTWF,0,"2016/06/19 06:00:05"
D,METER_DATA,GEN_DUID,1,"2016/06/19 06:05:00",QUERIVE1,-0.14,"2016/06/19 06:00:05"
D,METER_DATA,GEN_DUID,1,"2016/06/19 06:05:00",REPULSE,14.881954,"2016/06/19 06:00:05"
D,METER_DATA,GEN_DUID,1,"2016/06/19 06:05:00",ROWALLAN,10.0252,"2016/06/19 06:00:05"
D,METER_DATA,GEN_DUID,1,"2016/06/19 06:05:00",ROYALLA1,0,"2016/06/19 06:00:05"
D,METER_DATA,GEN_DUID,1,"2016/06/19 06:05:00",RPCG,-0.20,"2016/06/19 06:00:05"
D,METER_DATA,GEN_DUID,1,"2016/06/19 06:05:00",RUBICON,0,"2016/06/19 06:00:05"
D,METER_DATA,GEN_DUID,1,"2016/06/19 06:05:00",STARHLWF,4.698630,"2016/06/19 06:00:05"
D,METER_DATA,GEN_DUID,1,"2016/06/19 06:05:00",WAUBRAWF,9.3470,"2016/06/19 06:00:05"
D,METER_DATA,GEN_DUID,1,"2016/06/19 06:05:00",WOOLNTH1,31.390015,"2016/06/19 06:00:05"
D,METER_DATA,GEN_DUID,1,"2016/06/19 06:05:00",WPWF,11,"2016/06/19 06:00:05"
D,METER_DATA,GEN_DUID,1,"2016/06/19 06:05:00",YAMBUKWF,0.70,"2016/06/19 06:00:05"
D,METER_DATA,GEN_DUID,1,"2016/06/19 06:10:00",BBDISEL1,0,"2016/06/19 06:05:05"
D,METER_DATA,GEN_DUID,1,"2016/06/19 06:10:00",BUTLERSG,7.799998,"2016/06/19 06:05:05"
D,METER_DATA,GEN_DUID,1,"2016/06/19 06:10:00",CALL_A_4,0,"2016/06/19 06:05:05"
D,METER_DATA,GEN_DUID,1,"2016/06/19 06:10:00",CAPTL_WF,21.960007,"2016/06/19 06:05:05"
D,METER_DATA,GEN_DUID,1,"2016/06/19 06:10:00",CATAGUN1,0,"2016/06/19 06:05:05"
D,METER_DATA,GEN_DUID,1,"2016/06/19 06:10:00",CATHROCK,5.849999,"2016/06/19 06:05:05"
D,METER_DATA,GEN_DUID,1,"2016/06/19 06:10:00",CHALLHWF,3.30,"2016/06/19 06:05:05"
D,METER_DATA,GEN_DUID,1,"2016/06/19 06:10:00",CLOVER,-0.01,"2016/06/19 06:05:05"
D,METER_DATA,GEN_DUID,1,"2016/06/19 06:10:00",CLUNY,8.974120,"2016/06/19 06:05:05"
D,METER_DATA,GEN_DUID,1,"2016/06/19 06:10:00",CNUNDAWF,5.506423,"2016/06/19 06:05:05"
D,METER_DATA,GEN_DUID,1,"2016/06/19 06:10:00",CULLRGWF,16.030001,"2016/06/19 06:05:05"
D,METER_DATA,GEN_DUID,1,"2016/06/19 06:10:00",ERGT01,0,"2016/06/19 06:05:05"
D,METER_DATA,GEN_DUID,1,"2016/06/19 06:10:00",GB01,0.140350,"2016/06/19 06:05:05"
D,METER_DATA,GEN_DUID,1,"2016/06/19 06:10:00",GEORGTN1,0,"2016/06/19 06:05:05"
D,METER_DATA,GEN_DUID,1,"2016/06/19 06:10:00",GEORGTN2,0,"2016/06/19 06:05:05"
D,METER_DATA,GEN_DUID,1,"2016/06/19 06:10:00",GERMCRK,40.400002,"2016/06/19 06:05:05"
D,METER_DATA,GEN_DUID,1,"2016/06/19 06:10:00",INVICTA,14.1250,"2016/06/19 06:05:05"
D,METER_DATA,GEN_DUID,1,"2016/06/19 06:10:00",LKBONNY1,7.323368,"2016/06/19 06:05:05"
D,METER_DATA,GEN_DUID,1,"2016/06/19 06:10:00",MBAHNTH,59.531254,"2016/06/19 06:05:05"
D,METER_DATA,GEN_DUID,1,"2016/06/19 06:10:00",MEADOWB2,0,"2016/06/19 06:05:05"
D,METER_DATA,GEN_DUID,1,"2016/06/19 06:10:00",MLWF1,2.97,"2016/06/19 06:05:05"
D,METER_DATA,GEN_DUID,1,"2016/06/19 06:10:00",MTMILLAR,15.760697,"2016/06/19 06:05:05"
D,METER_DATA,GEN_DUID,1,"2016/06/19 06:10:00",PALOONA,21.859999,"2016/06/19 06:05:05"
D,METER_DATA,GEN_DUID,1,"2016/06/19 06:10:00",PORTLAT1,0,"2016/06/19 06:05:05"
D,METER_DATA,GEN_DUID,1,"2016/06/19 06:10:00",PORTWF,0,"2016/06/19 06:05:05"
D,METER_DATA,GEN_DUID,1,"2016/06/19 06:10:00",QUERIVE1,-0.15,"2016/06/19 06:05:05"
D,METER_DATA,GEN_DUID,1,"2016/06/19 06:10:00",REPULSE,15.606045,"2016/06/19 06:05:05"
D,METER_DATA,GEN_DUID,1,"2016/06/19 06:10:00",ROWALLAN,9.8548,"2016/06/19 06:05:05"
D,METER_DATA,GEN_DUID,1,"2016/06/19 06:10:00",ROYALLA1,0,"2016/06/19 06:05:05"
D,METER_DATA,GEN_DUID,1,"2016/06/19 06:10:00",RPCG,-0.20,"2016/06/19 06:05:05"
D,METER_DATA,GEN_DUID,1,"2016/06/19 06:10:00",RUBICON,0,"2016/06/19 06:05:05"
D,METER_DATA,GEN_DUID,1,"2016/06/19 06:10:00",STARHLWF,4.898571,"2016/06/19 06:05:05"
D,METER_DATA,GEN_DUID,1,"2016/06/19 06:10:00",WAUBRAWF,6.4460,"2016/06/19 06:05:05"
D,METER_DATA,GEN_DUID,1,"2016/06/19 06:10:00",WOOLNTH1,32.960014,"2016/06/19 06:05:05"
D,METER_DATA,GEN_DUID,1,"2016/06/19 06:10:00",WPWF,13,"2016/06/19 06:05:05"
D,METER_DATA,GEN_DUID,1,"2016/06/19 06:10:00",YAMBUKWF,0.40,"2016/06/19 06:05:05"
D,METER_DATA,GEN_DUID,1,"2016/06/19 06:15:00",BBDISEL1,0,"2016/06/19 06:10:05"
D,METER_DATA,GEN_DUID,1,"2016/06/19 06:15:00",BUTLERSG,7.799998,"2016/06/19 06:10:05"
D,METER_DATA,GEN_DUID,1,"2016/06/19 06:15:00",CALL_A_4,0,"2016/06/19 06:10:05"
D,METER_DATA,GEN_DUID,1,"2016/06/19 06:15:00",CAPTL_WF,26.1520,"2016/06/19 06:10:05"
D,METER_DATA,GEN_DUID,1,"2016/06/19 06:15:00",CATAGUN1,0,"2016/06/19 06:10:05"
D,METER_DATA,GEN_DUID,1,"2016/06/19 06:15:00",CATHROCK,6.03,"2016/06/19 06:10:05"
D,METER_DATA,GEN_DUID,1,"2016/06/19 06:15:00",CHALLHWF,3.30,"2016/06/19 06:10:05"
D,METER_DATA,GEN_DUID,1,"2016/06/19 06:15:00",CLOVER,-0.01,"2016/06/19 06:10:05"
D,METER_DATA,GEN_DUID,1,"2016/06/19 06:15:00",CLUNY,9.345660,"2016/06/19 06:10:05"
D,METER_DATA,GEN_DUID,1,"2016/06/19 06:15:00",CNUNDAWF,5.906891,"2016/06/19 06:10:05"
D,METER_DATA,GEN_DUID,1,"2016/06/19 06:15:00",CULLRGWF,14.65,"2016/06/19 06:10:05"
D,METER_DATA,GEN_DUID,1,"2016/06/19 06:15:00",ERGT01,0,"2016/06/19 06:10:05"
D,METER_DATA,GEN_DUID,1,"2016/06/19 06:15:00",GB01,0.140350,"2016/06/19 06:10:05"
D,METER_DATA,GEN_DUID,1,"2016/06/19 06:15:00",GEORGTN1,0,"2016/06/19 06:10:05"
D,METER_DATA,GEN_DUID,1,"2016/06/19 06:15:00",GEORGTN2,0,"2016/06/19 06:10:05"
D,METER_DATA,GEN_DUID,1,"2016/06/19 06:15:00",GERMCRK,40.299999,"2016/06/19 06:10:05"
D,METER_DATA,GEN_DUID,1,"2016/06/19 06:15:00",INVICTA,14.1250,"2016/06/19 06:10:05"
D,METER_DATA,GEN_DUID,1,"2016/06/19 06:15:00",LKBONNY1,8.573699,"2016/06/19 06:10:05"
D,METER_DATA,GEN_DUID,1,"2016/06/19 06:15:00",MBAHNTH,59.531254,"2016/06/19 06:10:05"
D,METER_DATA,GEN_DUID,1,"2016/06/19 06:15:00",MEADOWB2,0,"2016/06/19 06:10:05"
D,METER_DATA,GEN_DUID,1,"2016/06/19 06:15:00",MLWF1,2.76,"2016/06/19 06:10:05"
D,METER_DATA,GEN_DUID,1,"2016/06/19 06:15:00",MTMILLAR,15.567224,"2016/06/19 06:10:05"
D,METER_DATA,GEN_DUID,1,"2016/06/19 06:15:00",PALOONA,21.789999,"2016/06/19 06:10:05"
D,METER_DATA,GEN_DUID,1,"2016/06/19 06:15:00",PORTLAT1,0,"2016/06/19 06:10:05"
D,METER_DATA,GEN_DUID,1,"2016/06/19 06:15:00",PORTWF,0.70,"2016/06/19 06:10:05"
D,METER_DATA,GEN_DUID,1,"2016/06/19 06:15:00",QUERIVE1,-0.15,"2016/06/19 06:10:05"
D,METER_DATA,GEN_DUID,1,"2016/06/19 06:15:00",REPULSE,14.8629,"2016/06/19 06:10:05"
D,METER_DATA,GEN_DUID,1,"2016/06/19 06:15:00",ROWALLAN,9.9329,"2016/06/19 06:10:05"
D,METER_DATA,GEN_DUID,1,"2016/06/19 06:15:00",ROYALLA1,0,"2016/06/19 06:10:05"
D,METER_DATA,GEN_DUID,1,"2016/06/19 06:15:00",RPCG,-0.20,"2016/06/19 06:10:05"
D,METER_DATA,GEN_DUID,1,"2016/06/19 06:15:00",RUBICON,0,"2016/06/19 06:10:05"
D,METER_DATA,GEN_DUID,1,"2016/06/19 06:15:00",STARHLWF,5.298455,"2016/06/19 06:10:05"
D,METER_DATA,GEN_DUID,1,"2016/06/19 06:15:00",WAUBRAWF,7.1520,"2016/06/19 06:10:05"
D,METER_DATA,GEN_DUID,1,"2016/06/19 06:15:00",WOOLNTH1,38.480019,"2016/06/19 06:10:05"
D,METER_DATA,GEN_DUID,1,"2016/06/19 06:15:00",WPWF,11,"2016/06/19 06:10:05"
D,METER_DATA,GEN_DUID,1,"2016/06/19 06:15:00",YAMBUKWF,0.40,"2016/06/19 06:10:05"
D,METER_DATA,GEN_DUID,1,"2016/06/19 06:20:00",BBDISEL1,0,"2016/06/19 06:15:05"
D,METER_DATA,GEN_DUID,1,"2016/06/19 06:20:00",BUTLERSG,7.799998,"2016/06/19 06:15:05"
D,METER_DATA,GEN_DUID,1,"2016/06/19 06:20:00",CALL_A_4,0,"2016/06/19 06:15:05"
D,METER_DATA,GEN_DUID,1,"2016/06/19 06:20:00",CAPTL_WF,28.839996,"2016/06/19 06:15:05"
D,METER_DATA,GEN_DUID,1,"2016/06/19 06:20:00",CATAGUN1,0,"2016/06/19 06:15:05"
D,METER_DATA,GEN_DUID,1,"2016/06/19 06:20:00",CATHROCK,5.05,"2016/06/19 06:15:05"
D,METER_DATA,GEN_DUID,1,"2016/06/19 06:20:00",CHALLHWF,3.90,"2016/06/19 06:15:05"
D,METER_DATA,GEN_DUID,1,"2016/06/19 06:20:00",CLOVER,0,"2016/06/19 06:15:05"
D,METER_DATA,GEN_DUID,1,"2016/06/19 06:20:00",CLUNY,9.488561,"2016/06/19 06:15:05"
D,METER_DATA,GEN_DUID,1,"2016/06/19 06:20:00",CNUNDAWF,6.407475,"2016/06/19 06:15:05"
D,METER_DATA,GEN_DUID,1,"2016/06/19 06:20:00",CULLRGWF,13.74,"2016/06/19 06:15:05"
D,METER_DATA,GEN_DUID,1,"2016/06/19 06:20:00",ERGT01,0,"2016/06/19 06:15:05"
D,METER_DATA,GEN_DUID,1,"2016/06/19 06:20:00",GB01,0.140350,"2016/06/19 06:15:05"
D,METER_DATA,GEN_DUID,1,"2016/06/19 06:20:00",GEORGTN1,0,"2016/06/19 06:15:05"
D,METER_DATA,GEN_DUID,1,"2016/06/19 06:20:00",GEORGTN2,0,"2016/06/19 06:15:05"
D,METER_DATA,GEN_DUID,1,"2016/06/19 06:20:00",GERMCRK,40.200001,"2016/06/19 06:15:05"
D,METER_DATA,GEN_DUID,1,"2016/06/19 06:20:00",INVICTA,12.95,"2016/06/19 06:15:05"
D,METER_DATA,GEN_DUID,1,"2016/06/19 06:20:00",LKBONNY1,9.645411,"2016/06/19 06:15:05"
D,METER_DATA,GEN_DUID,1,"2016/06/19 06:20:00",MBAHNTH,59.531254,"2016/06/19 06:15:05"
D,METER_DATA,GEN_DUID,1,"2016/06/19 06:20:00",MEADOWB2,0,"2016/06/19 06:15:05"
D,METER_DATA,GEN_DUID,1,"2016/06/19 06:20:00",MLWF1,2.91,"2016/06/19 06:15:05"
D,METER_DATA,GEN_DUID,1,"2016/06/19 06:20:00",MTMILLAR,13.937576,"2016/06/19 06:15:05"
D,METER_DATA,GEN_DUID,1,"2016/06/19 06:20:00",PALOONA,21.789999,"2016/06/19 06:15:05"
D,METER_DATA,GEN_DUID,1,"2016/06/19 06:20:00",PORTLAT1,0,"2016/06/19 06:15:05"
D,METER_DATA,GEN_DUID,1,"2016/06/19 06:20:00",PORTWF,0.70,"2016/06/19 06:15:05"
D,METER_DATA,GEN_DUID,1,"2016/06/19 06:20:00",QUERIVE1,-0.15,"2016/06/19 06:15:05"
D,METER_DATA,GEN_DUID,1,"2016/06/19 06:20:00",REPULSE,15.682264,"2016/06/19 06:15:05"
D,METER_DATA,GEN_DUID,1,"2016/06/19 06:20:00",ROWALLAN,10.195601,"2016/06/19 06:15:05"
D,METER_DATA,GEN_DUID,1,"2016/06/19 06:20:00",ROYALLA1,0,"2016/06/19 06:15:05"
D,METER_DATA,GEN_DUID,1,"2016/06/19 06:20:00",RPCG,-0.20,"2016/06/19 06:15:05"
D,METER_DATA,GEN_DUID,1,"2016/06/19 06:20:00",RUBICON,0,"2016/06/19 06:15:05"
D,METER_DATA,GEN_DUID,1,"2016/06/19 06:20:00",STARHLWF,5.598368,"2016/06/19 06:15:05"
D,METER_DATA,GEN_DUID,1,"2016/06/19 06:20:00",WAUBRAWF,7.21,"2016/06/19 06:15:05"
D,METER_DATA,GEN_DUID,1,"2016/06/19 06:20:00",WOOLNTH1,38.820015,"2016/06/19 06:15:05"
D,METER_DATA,GEN_DUID,1,"2016/06/19 06:20:00",WPWF,10,"2016/06/19 06:15:05"
D,METER_DATA,GEN_DUID,1,"2016/06/19 06:20:00",YAMBUKWF,0.50,"2016/06/19 06:15:05"
D,METER_DATA,GEN_DUID,1,"2016/06/19 06:25:00",BBDISEL1,0,"2016/06/19 06:20:05"
D,METER_DATA,GEN_DUID,1,"2016/06/19 06:25:00",BUTLERSG,7.799998,"2016/06/19 06:20:05"
D,METER_DATA,GEN_DUID,1,"2016/06/19 06:25:00",CALL_A_4,0,"2016/06/19 06:20:05"
D,METER_DATA,GEN_DUID,1,"2016/06/19 06:25:00",CAPTL_WF,31.648003,"2016/06/19 06:20:05"
D,METER_DATA,GEN_DUID,1,"2016/06/19 06:25:00",CATAGUN1,0,"2016/06/19 06:20:05"
D,METER_DATA,GEN_DUID,1,"2016/06/19 06:25:00",CATHROCK,4.80,"2016/06/19 06:20:05"
D,METER_DATA,GEN_DUID,1,"2016/06/19 06:25:00",CHALLHWF,4.10,"2016/06/19 06:20:05"
D,METER_DATA,GEN_DUID,1,"2016/06/19 06:25:00",CLOVER,-0.01,"2016/06/19 06:20:05"
D,METER_DATA,GEN_DUID,1,"2016/06/19 06:25:00",CLUNY,9.117021,"2016/06/19 06:20:05"
D,METER_DATA,GEN_DUID,1,"2016/06/19 06:25:00",CNUNDAWF,7.208409,"2016/06/19 06:20:05"
D,METER_DATA,GEN_DUID,1,"2016/06/19 06:25:00",CULLRGWF,13.85,"2016/06/19 06:20:05"
D,METER_DATA,GEN_DUID,1,"2016/06/19 06:25:00",ERGT01,0,"2016/06/19 06:20:05"
D,METER_DATA,GEN_DUID,1,"2016/06/19 06:25:00",GB01,0.140350,"2016/06/19 06:20:05"
D,METER_DATA,GEN_DUID,1,"2016/06/19 06:25:00",GEORGTN1,0,"2016/06/19 06:20:05"
D,METER_DATA,GEN_DUID,1,"2016/06/19 06:25:00",GEORGTN2,0,"2016/06/19 06:20:05"
D,METER_DATA,GEN_DUID,1,"2016/06/19 06:25:00",GERMCRK,40,"2016/06/19 06:20:05"
D,METER_DATA,GEN_DUID,1,"2016/06/19 06:25:00",INVICTA,12.95,"2016/06/19 06:20:05"
D,METER_DATA,GEN_DUID,1,"2016/06/19 06:25:00",LKBONNY1,9.198864,"2016/06/19 06:20:05"
D,METER_DATA,GEN_DUID,1,"2016/06/19 06:25:00",MBAHNTH,59.531254,"2016/06/19 06:20:05"
D,METER_DATA,GEN_DUID,1,"2016/06/19 06:25:00",MEADOWB2,0,"2016/06/19 06:20:05"
D,METER_DATA,GEN_DUID,1,"2016/06/19 06:25:00",MLWF1,2.8050,"2016/06/19 06:20:05"
D,METER_DATA,GEN_DUID,1,"2016/06/19 06:25:00",MTMILLAR,14.718914,"2016/06/19 06:20:05"
D,METER_DATA,GEN_DUID,1,"2016/06/19 06:25:00",PALOONA,21.859999,"2016/06/19 06:20:05"
D,METER_DATA,GEN_DUID,1,"2016/06/19 06:25:00",PORTLAT1,0,"2016/06/19 06:20:05"
D,METER_DATA,GEN_DUID,1,"2016/06/19 06:25:00",PORTWF,0.40,"2016/06/19 06:20:05"
D,METER_DATA,GEN_DUID,1,"2016/06/19 06:25:00",QUERIVE1,-0.15,"2016/06/19 06:20:05"
D,METER_DATA,GEN_DUID,1,"2016/06/19 06:25:00",REPULSE,14.710460,"2016/06/19 06:20:05"
D,METER_DATA,GEN_DUID,1,"2016/06/19 06:25:00",ROWALLAN,10.0394,"2016/06/19 06:20:05"
D,METER_DATA,GEN_DUID,1,"2016/06/19 06:25:00",ROYALLA1,0,"2016/06/19 06:20:05"
D,METER_DATA,GEN_DUID,1,"2016/06/19 06:25:00",RPCG,-0.20,"2016/06/19 06:20:05"
D,METER_DATA,GEN_DUID,1,"2016/06/19 06:25:00",RUBICON,0,"2016/06/19 06:20:05"
D,METER_DATA,GEN_DUID,1,"2016/06/19 06:25:00",STARHLWF,5.498397,"2016/06/19 06:20:05"
D,METER_DATA,GEN_DUID,1,"2016/06/19 06:25:00",WAUBRAWF,5.5410,"2016/06/19 06:20:05"
D,METER_DATA,GEN_DUID,1,"2016/06/19 06:25:00",WOOLNTH1,39.370018,"2016/06/19 06:20:05"
D,METER_DATA,GEN_DUID,1,"2016/06/19 06:25:00",WPWF,7,"2016/06/19 06:20:05"
D,METER_DATA,GEN_DUID,1,"2016/06/19 06:25:00",YAMBUKWF,0.50,"2016/06/19 06:20:05"
D,METER_DATA,GEN_DUID,1,"2016/06/19 06:30:00",BBDISEL1,0,"2016/06/19 06:25:05"
D,METER_DATA,GEN_DUID,1,"2016/06/19 06:30:00",BUTLERSG,7.799998,"2016/06/19 06:25:05"
D,METER_DATA,GEN_DUID,1,"2016/06/19 06:30:00",CALL_A_4,0,"2016/06/19 06:25:05"
D,METER_DATA,GEN_DUID,1,"2016/06/19 06:30:00",CAPTL_WF,31.127998,"2016/06/19 06:25:05"
D,METER_DATA,GEN_DUID,1,"2016/06/19 06:30:00",CATAGUN1,0,"2016/06/19 06:25:05"
D,METER_DATA,GEN_DUID,1,"2016/06/19 06:30:00",CATHROCK,5.52,"2016/06/19 06:25:05"
D,METER_DATA,GEN_DUID,1,"2016/06/19 06:30:00",CHALLHWF,4.30,"2016/06/19 06:25:05"
D,METER_DATA,GEN_DUID,1,"2016/06/19 06:30:00",CLOVER,-0.01,"2016/06/19 06:25:05"
D,METER_DATA,GEN_DUID,1,"2016/06/19 06:30:00",CLUNY,9.245630,"2016/06/19 06:25:05"
D,METER_DATA,GEN_DUID,1,"2016/06/19 06:30:00",CNUNDAWF,7.008175,"2016/06/19 06:25:05"
D,METER_DATA,GEN_DUID,1,"2016/06/19 06:30:00",CULLRGWF,13.74,"2016/06/19 06:25:05"
D,METER_DATA,GEN_DUID,1,"2016/06/19 06:30:00",ERGT01,0,"2016/06/19 06:25:05"
D,METER_DATA,GEN_DUID,1,"2016/06/19 06:30:00",GB01,0.140350,"2016/06/19 06:25:05"
D,METER_DATA,GEN_DUID,1,"2016/06/19 06:30:00",GEORGTN1,0,"2016/06/19 06:25:05"
D,METER_DATA,GEN_DUID,1,"2016/06/19 06:30:00",GEORGTN2,0,"2016/06/19 06:25:05"
D,METER_DATA,GEN_DUID,1,"2016/06/19 06:30:00",GERMCRK,40.400002,"2016/06/19 06:25:05"
D,METER_DATA,GEN_DUID,1,"2016/06/19 06:30:00",INVICTA,14.3250,"2016/06/19 06:25:05"
D,METER_DATA,GEN_DUID,1,"2016/06/19 06:30:00",LKBONNY1,8.395081,"2016/06/19 06:25:05"
D,METER_DATA,GEN_DUID,1,"2016/06/19 06:30:00",MBAHNTH,59.531254,"2016/06/19 06:25:05"
D,METER_DATA,GEN_DUID,1,"2016/06/19 06:30:00",MEADOWB2,0,"2016/06/19 06:25:05"
D,METER_DATA,GEN_DUID,1,"2016/06/19 06:30:00",MLWF1,2.8050,"2016/06/19 06:25:05"
D,METER_DATA,GEN_DUID,1,"2016/06/19 06:30:00",MTMILLAR,14.071520,"2016/06/19 06:25:05"
D,METER_DATA,GEN_DUID,1,"2016/06/19 06:30:00",PALOONA,21.859999,"2016/06/19 06:25:05"
D,METER_DATA,GEN_DUID,1,"2016/06/19 06:30:00",PORTLAT1,0,"2016/06/19 06:25:05"
D,METER_DATA,GEN_DUID,1,"2016/06/19 06:30:00",PORTWF,0.40,"2016/06/19 06:25:05"
D,METER_DATA,GEN_DUID,1,"2016/06/19 06:30:00",QUERIVE1,-0.16,"2016/06/19 06:25:05"
D,METER_DATA,GEN_DUID,1,"2016/06/19 06:30:00",REPULSE,14.901010,"2016/06/19 06:25:05"
D,METER_DATA,GEN_DUID,1,"2016/06/19 06:30:00",ROWALLAN,10.0323,"2016/06/19 06:25:05"
D,METER_DATA,GEN_DUID,1,"2016/06/19 06:30:00",ROYALLA1,0,"2016/06/19 06:25:05"
D,METER_DATA,GEN_DUID,1,"2016/06/19 06:30:00",RPCG,-0.20,"2016/06/19 06:25:05"
D,METER_DATA,GEN_DUID,1,"2016/06/19 06:30:00",RUBICON,0,"2016/06/19 06:25:05"
D,METER_DATA,GEN_DUID,1,"2016/06/19 06:30:00",STARHLWF,5.298455,"2016/06/19 06:25:05"
D,METER_DATA,GEN_DUID,1,"2016/06/19 06:30:00",WAUBRAWF,5.9690,"2016/06/19 06:25:05"
D,METER_DATA,GEN_DUID,1,"2016/06/19 06:30:00",WOOLNTH1,36.870018,"2016/06/19 06:25:05"
D,METER_DATA,GEN_DUID,1,"2016/06/19 06:30:00",WPWF,5,"2016/06/19 06:25:05"
D,METER_DATA,GEN_DUID,1,"2016/06/19 06:30:00",YAMBUKWF,0.50,"2016/06/19 06:25:05"
D,METER_DATA,GEN_DUID,1,"2016/06/19 06:35:00",BBDISEL1,0,"2016/06/19 06:30:04"
D,METER_DATA,GEN_DUID,1,"2016/06/19 06:35:00",BUTLERSG,7.799998,"2016/06/19 06:30:04"
D,METER_DATA,GEN_DUID,1,"2016/06/19 06:35:00",CALL_A_4,0,"2016/06/19 06:30:04"
D,METER_DATA,GEN_DUID,1,"2016/06/19 06:35:00",CAPTL_WF,35.115997,"2016/06/19 06:30:04"
D,METER_DATA,GEN_DUID,1,"2016/06/19 06:35:00",CATAGUN1,0,"2016/06/19 06:30:04"
D,METER_DATA,GEN_DUID,1,"2016/06/19 06:35:00",CATHROCK,4.49,"2016/06/19 06:30:04"
D,METER_DATA,GEN_DUID,1,"2016/06/19 06:35:00",CHALLHWF,4.70,"2016/06/19 06:30:04"
D,METER_DATA,GEN_DUID,1,"2016/06/19 06:35:00",CLOVER,-0.01,"2016/06/19 06:30:04"
D,METER_DATA,GEN_DUID,1,"2016/06/19 06:35:00",CLUNY,8.931251,"2016/06/19 06:30:04"
D,METER_DATA,GEN_DUID,1,"2016/06/19 06:35:00",CNUNDAWF,7.108292,"2016/06/19 06:30:04"
D,METER_DATA,GEN_DUID,1,"2016/06/19 06:35:00",CULLRGWF,12.73,"2016/06/19 06:30:04"
D,METER_DATA,GEN_DUID,1,"2016/06/19 06:35:00",ERGT01,0,"2016/06/19 06:30:04"
D,METER_DATA,GEN_DUID,1,"2016/06/19 06:35:00",GB01,0.140350,"2016/06/19 06:30:04"
D,METER_DATA,GEN_DUID,1,"2016/06/19 06:35:00",GEORGTN1,0,"2016/06/19 06:30:04"
D,METER_DATA,GEN_DUID,1,"2016/06/19 06:35:00",GEORGTN2,0,"2016/06/19 06:30:04"
D,METER_DATA,GEN_DUID,1,"2016/06/19 06:35:00",GERMCRK,40.200001,"2016/06/19 06:30:04"
D,METER_DATA,GEN_DUID,1,"2016/06/19 06:35:00",INVICTA,14.3250,"2016/06/19 06:30:04"
D,METER_DATA,GEN_DUID,1,"2016/06/19 06:35:00",LKBONNY1,7.323368,"2016/06/19 06:30:04"
D,METER_DATA,GEN_DUID,1,"2016/06/19 06:35:00",MBAHNTH,59.531254,"2016/06/19 06:30:04"
D,METER_DATA,GEN_DUID,1,"2016/06/19 06:35:00",MEADOWB2,0,"2016/06/19 06:30:04"
D,METER_DATA,GEN_DUID,1,"2016/06/19 06:35:00",MLWF1,2.9850,"2016/06/19 06:30:04"
D,METER_DATA,GEN_DUID,1,"2016/06/19 06:35:00",MTMILLAR,13.900370,"2016/06/19 06:30:04"
D,METER_DATA,GEN_DUID,1,"2016/06/19 06:35:00",PALOONA,21.859999,"2016/06/19 06:30:04"
D,METER_DATA,GEN_DUID,1,"2016/06/19 06:35:00",PORTLAT1,0,"2016/06/19 06:30:04"
D,METER_DATA,GEN_DUID,1,"2016/06/19 06:35:00",PORTWF,0.40,"2016/06/19 06:30:04"
D,METER_DATA,GEN_DUID,1,"2016/06/19 06:35:00",QUERIVE1,-0.15,"2016/06/19 06:30:04"
D,METER_DATA,GEN_DUID,1,"2016/06/19 06:35:00",REPULSE,14.405580,"2016/06/19 06:30:04"
D,METER_DATA,GEN_DUID,1,"2016/06/19 06:35:00",ROWALLAN,9.9329,"2016/06/19 06:30:04"
D,METER_DATA,GEN_DUID,1,"2016/06/19 06:35:00",ROYALLA1,0,"2016/06/19 06:30:04"
D,METER_DATA,GEN_DUID,1,"2016/06/19 06:35:00",RPCG,-0.20,"2016/06/19 06:30:04"
D,METER_DATA,GEN_DUID,1,"2016/06/19 06:35:00",RUBICON,0,"2016/06/19 06:30:04"
D,METER_DATA,GEN_DUID,1,"2016/06/19 06:35:00",STARHLWF,6.398134,"2016/06/19 06:30:04"
D,METER_DATA,GEN_DUID,1,"2016/06/19 06:35:00",WAUBRAWF,5.4570,"2016/06/19 06:30:04"
D,METER_DATA,GEN_DUID,1,"2016/06/19 06:35:00",WOOLNTH1,37.330017,"2016/06/19 06:30:04"
D,METER_DATA,GEN_DUID,1,"2016/06/19 06:35:00",WPWF,3,"2016/06/19 06:30:04"
D,METER_DATA,GEN_DUID,1,"2016/06/19 06:35:00",YAMBUKWF,0.60,"2016/06/19 06:30:04"
D,METER_DATA,GEN_DUID,1,"2016/06/19 06:40:00",BBDISEL1,0,"2016/06/19 06:35:04"
D,METER_DATA,GEN_DUID,1,"2016/06/19 06:40:00",BUTLERSG,7.799998,"2016/06/19 06:35:04"
D,METER_DATA,GEN_DUID,1,"2016/06/19 06:40:00",CALL_A_4,0,"2016/06/19 06:35:04"
D,METER_DATA,GEN_DUID,1,"2016/06/19 06:40:00",CAPTL_WF,36.891998,"2016/06/19 06:35:04"
D,METER_DATA,GEN_DUID,1,"2016/06/19 06:40:00",CATAGUN1,0,"2016/06/19 06:35:04"
D,METER_DATA,GEN_DUID,1,"2016/06/19 06:40:00",CATHROCK,3.99,"2016/06/19 06:35:04"
D,METER_DATA,GEN_DUID,1,"2016/06/19 06:40:00",CHALLHWF,4.10,"2016/06/19 06:35:04"
D,METER_DATA,GEN_DUID,1,"2016/06/19 06:40:00",CLOVER,0,"2016/06/19 06:35:04"
D,METER_DATA,GEN_DUID,1,"2016/06/19 06:40:00",CLUNY,9.159890,"2016/06/19 06:35:04"
D,METER_DATA,GEN_DUID,1,"2016/06/19 06:40:00",CNUNDAWF,7.108292,"2016/06/19 06:35:04"
D,METER_DATA,GEN_DUID,1,"2016/06/19 06:40:00",CULLRGWF,11.77,"2016/06/19 06:35:04"
D,METER_DATA,GEN_DUID,1,"2016/06/19 06:40:00",ERGT01,0,"2016/06/19 06:35:04"
D,METER_DATA,GEN_DUID,1,"2016/06/19 06:40:00",GB01,0.140350,"2016/06/19 06:35:04"
D,METER_DATA,GEN_DUID,1,"2016/06/19 06:40:00",GEORGTN1,0,"2016/06/19 06:35:04"
D,METER_DATA,GEN_DUID,1,"2016/06/19 06:40:00",GEORGTN2,0,"2016/06/19 06:35:04"
D,METER_DATA,GEN_DUID,1,"2016/06/19 06:40:00",GERMCRK,40.299999,"2016/06/19 06:35:04"
D,METER_DATA,GEN_DUID,1,"2016/06/19 06:40:00",INVICTA,14.3250,"2016/06/19 06:35:04"
D,METER_DATA,GEN_DUID,1,"2016/06/19 06:40:00",LKBONNY1,6.430274,"2016/06/19 06:35:04"
D,METER_DATA,GEN_DUID,1,"2016/06/19 06:40:00",MBAHNTH,59.531254,"2016/06/19 06:35:04"
D,METER_DATA,GEN_DUID,1,"2016/06/19 06:40:00",MEADOWB2,0,"2016/06/19 06:35:04"
D,METER_DATA,GEN_DUID,1,"2016/06/19 06:40:00",MLWF1,3.21,"2016/06/19 06:35:04"
D,METER_DATA,GEN_DUID,1,"2016/06/19 06:40:00",MTMILLAR,13.751544,"2016/06/19 06:35:04"
D,METER_DATA,GEN_DUID,1,"2016/06/19 06:40:00",PALOONA,21.859999,"2016/06/19 06:35:04"
D,METER_DATA,GEN_DUID,1,"2016/06/19 06:40:00",PORTLAT1,0,"2016/06/19 06:35:04"
D,METER_DATA,GEN_DUID,1,"2016/06/19 06:40:00",PORTWF,0.40,"2016/06/19 06:35:04"
D,METER_DATA,GEN_DUID,1,"2016/06/19 06:40:00",QUERIVE1,-0.15,"2016/06/19 06:35:04"
D,METER_DATA,GEN_DUID,1,"2016/06/19 06:40:00",REPULSE,15.377384,"2016/06/19 06:35:04"
D,METER_DATA,GEN_DUID,1,"2016/06/19 06:40:00",ROWALLAN,10.1246,"2016/06/19 06:35:04"
D,METER_DATA,GEN_DUID,1,"2016/06/19 06:40:00",ROYALLA1,0,"2016/06/19 06:35:04"
D,METER_DATA,GEN_DUID,1,"2016/06/19 06:40:00",RPCG,-0.20,"2016/06/19 06:35:04"
D,METER_DATA,GEN_DUID,1,"2016/06/19 06:40:00",RUBICON,0,"2016/06/19 06:35:04"
D,METER_DATA,GEN_DUID,1,"2016/06/19 06:40:00",STARHLWF,6.198193,"2016/06/19 06:35:04"
D,METER_DATA,GEN_DUID,1,"2016/06/19 06:40:00",WAUBRAWF,4.3840,"2016/06/19 06:35:04"
D,METER_DATA,GEN_DUID,1,"2016/06/19 06:40:00",WOOLNTH1,36.860016,"2016/06/19 06:35:04"
D,METER_DATA,GEN_DUID,1,"2016/06/19 06:40:00",WPWF,4,"2016/06/19 06:35:04"
D,METER_DATA,GEN_DUID,1,"2016/06/19 06:40:00",YAMBUKWF,1,"2016/06/19 06:35:04"
D,METER_DATA,GEN_DUID,1,"2016/06/19 06:45:00",BBDISEL1,0,"2016/06/19 06:40:04"
D,METER_DATA,GEN_DUID,1,"2016/06/19 06:45:00",BUTLERSG,7.799998,"2016/06/19 06:40:04"
D,METER_DATA,GEN_DUID,1,"2016/06/19 06:45:00",CALL_A_4,0,"2016/06/19 06:40:04"
D,METER_DATA,GEN_DUID,1,"2016/06/19 06:45:00",CAPTL_WF,33.487999,"2016/06/19 06:40:04"
D,METER_DATA,GEN_DUID,1,"2016/06/19 06:45:00",CATAGUN1,0,"2016/06/19 06:40:04"
D,METER_DATA,GEN_DUID,1,"2016/06/19 06:45:00",CATHROCK,4.16,"2016/06/19 06:40:04"
D,METER_DATA,GEN_DUID,1,"2016/06/19 06:45:00",CHALLHWF,4.30,"2016/06/19 06:40:04"
D,METER_DATA,GEN_DUID,1,"2016/06/19 06:45:00",CLOVER,-0.01,"2016/06/19 06:40:04"
D,METER_DATA,GEN_DUID,1,"2016/06/19 06:45:00",CLUNY,9.0027,"2016/06/19 06:40:04"
D,METER_DATA,GEN_DUID,1,"2016/06/19 06:45:00",CNUNDAWF,6.607708,"2016/06/19 06:40:04"
D,METER_DATA,GEN_DUID,1,"2016/06/19 06:45:00",CULLRGWF,12.53,"2016/06/19 06:40:04"
D,METER_DATA,GEN_DUID,1,"2016/06/19 06:45:00",ERGT01,0,"2016/06/19 06:40:04"
D,METER_DATA,GEN_DUID,1,"2016/06/19 06:45:00",GB01,0.140350,"2016/06/19 06:40:04"
D,METER_DATA,GEN_DUID,1,"2016/06/19 06:45:00",GEORGTN1,0,"2016/06/19 06:40:04"
D,METER_DATA,GEN_DUID,1,"2016/06/19 06:45:00",GEORGTN2,0,"2016/06/19 06:40:04"
D,METER_DATA,GEN_DUID,1,"2016/06/19 06:45:00",GERMCRK,38.400002,"2016/06/19 06:40:04"
D,METER_DATA,GEN_DUID,1,"2016/06/19 06:45:00",INVICTA,15.4750,"2016/06/19 06:40:04"
D,METER_DATA,GEN_DUID,1,"2016/06/19 06:45:00",LKBONNY1,6.073037,"2016/06/19 06:40:04"
D,METER_DATA,GEN_DUID,1,"2016/06/19 06:45:00",MBAHNTH,59.531254,"2016/06/19 06:40:04"
D,METER_DATA,GEN_DUID,1,"2016/06/19 06:45:00",MEADOWB2,0,"2016/06/19 06:40:04"
D,METER_DATA,GEN_DUID,1,"2016/06/19 06:45:00",MLWF1,3.42,"2016/06/19 06:40:04"
D,METER_DATA,GEN_DUID,1,"2016/06/19 06:45:00",MTMILLAR,14.957036,"2016/06/19 06:40:04"
D,METER_DATA,GEN_DUID,1,"2016/06/19 06:45:00",PALOONA,21.809999,"2016/06/19 06:40:04"
D,METER_DATA,GEN_DUID,1,"2016/06/19 06:45:00",PORTLAT1,0,"2016/06/19 06:40:04"
D,METER_DATA,GEN_DUID,1,"2016/06/19 06:45:00",PORTWF,0.90,"2016/06/19 06:40:04"
D,METER_DATA,GEN_DUID,1,"2016/06/19 06:45:00",QUERIVE1,-0.14,"2016/06/19 06:40:04"
D,METER_DATA,GEN_DUID,1,"2016/06/19 06:45:00",REPULSE,15.053450,"2016/06/19 06:40:04"
D,METER_DATA,GEN_DUID,1,"2016/06/19 06:45:00",ROWALLAN,10.0820,"2016/06/19 06:40:04"
D,METER_DATA,GEN_DUID,1,"2016/06/19 06:45:00",ROYALLA1,0,"2016/06/19 06:40:04"
D,METER_DATA,GEN_DUID,1,"2016/06/19 06:45:00",RPCG,-0.20,"2016/06/19 06:40:04"
D,METER_DATA,GEN_DUID,1,"2016/06/19 06:45:00",RUBICON,0,"2016/06/19 06:40:04"
D,METER_DATA,GEN_DUID,1,"2016/06/19 06:45:00",STARHLWF,8.297581,"2016/06/19 06:40:04"
D,METER_DATA,GEN_DUID,1,"2016/06/19 06:45:00",WAUBRAWF,3.3940,"2016/06/19 06:40:04"
D,METER_DATA,GEN_DUID,1,"2016/06/19 06:45:00",WOOLNTH1,36.150017,"2016/06/19 06:40:04"
D,METER_DATA,GEN_DUID,1,"2016/06/19 06:45:00",WPWF,5,"2016/06/19 06:40:04"
D,METER_DATA,GEN_DUID,1,"2016/06/19 06:45:00",YAMBUKWF,1,"2016/06/19 06:40:04"
D,METER_DATA,GEN_DUID,1,"2016/06/19 06:50:00",BBDISEL1,0,"2016/06/19 06:45:04"
D,METER_DATA,GEN_DUID,1,"2016/06/19 06:50:00",BUTLERSG,7.799998,"2016/06/19 06:45:04"
D,METER_DATA,GEN_DUID,1,"2016/06/19 06:50:00",CALL_A_4,0,"2016/06/19 06:45:04"
D,METER_DATA,GEN_DUID,1,"2016/06/19 06:50:00",CAPTL_WF,29.624001,"2016/06/19 06:45:04"
D,METER_DATA,GEN_DUID,1,"2016/06/19 06:50:00",CATAGUN1,0,"2016/06/19 06:45:04"
D,METER_DATA,GEN_DUID,1,"2016/06/19 06:50:00",CATHROCK,4.29,"2016/06/19 06:45:04"
D,METER_DATA,GEN_DUID,1,"2016/06/19 06:50:00",CHALLHWF,3.90,"2016/06/19 06:45:04"
D,METER_DATA,GEN_DUID,1,"2016/06/19 06:50:00",CLOVER,-0.02,"2016/06/19 06:45:04"
D,METER_DATA,GEN_DUID,1,"2016/06/19 06:50:00",CLUNY,9.1456,"2016/06/19 06:45:04"
D,METER_DATA,GEN_DUID,1,"2016/06/19 06:50:00",CNUNDAWF,5.406306,"2016/06/19 06:45:04"
D,METER_DATA,GEN_DUID,1,"2016/06/19 06:50:00",CULLRGWF,12.34,"2016/06/19 06:45:04"
D,METER_DATA,GEN_DUID,1,"2016/06/19 06:50:00",ERGT01,0,"2016/06/19 06:45:04"
D,METER_DATA,GEN_DUID,1,"2016/06/19 06:50:00",GB01,0.140350,"2016/06/19 06:45:04"
D,METER_DATA,GEN_DUID,1,"2016/06/19 06:50:00",GEORGTN1,0,"2016/06/19 06:45:04"
D,METER_DATA,GEN_DUID,1,"2016/06/19 06:50:00",GEORGTN2,0,"2016/06/19 06:45:04"
D,METER_DATA,GEN_DUID,1,"2016/06/19 06:50:00",GERMCRK,38.50,"2016/06/19 06:45:04"
D,METER_DATA,GEN_DUID,1,"2016/06/19 06:50:00",INVICTA,15.4750,"2016/06/19 06:45:04"
D,METER_DATA,GEN_DUID,1,"2016/06/19 06:50:00",LKBONNY1,5.715799,"2016/06/19 06:45:04"
D,METER_DATA,GEN_DUID,1,"2016/06/19 06:50:00",MBAHNTH,59.531254,"2016/06/19 06:45:04"
D,METER_DATA,GEN_DUID,1,"2016/06/19 06:50:00",MEADOWB2,0,"2016/06/19 06:45:04"
D,METER_DATA,GEN_DUID,1,"2016/06/19 06:50:00",MLWF1,3.33,"2016/06/19 06:45:04"
D,METER_DATA,GEN_DUID,1,"2016/06/19 06:50:00",MTMILLAR,13.230652,"2016/06/19 06:45:04"
D,METER_DATA,GEN_DUID,1,"2016/06/19 06:50:00",PALOONA,21.809999,"2016/06/19 06:45:04"
D,METER_DATA,GEN_DUID,1,"2016/06/19 06:50:00",PORTLAT1,0,"2016/06/19 06:45:04"
D,METER_DATA,GEN_DUID,1,"2016/06/19 06:50:00",PORTWF,1.20,"2016/06/19 06:45:04"
D,METER_DATA,GEN_DUID,1,"2016/06/19 06:50:00",QUERIVE1,-0.14,"2016/06/19 06:45:04"
D,METER_DATA,GEN_DUID,1,"2016/06/19 06:50:00",REPULSE,15.377384,"2016/06/19 06:45:04"
D,METER_DATA,GEN_DUID,1,"2016/06/19 06:50:00",ROWALLAN,9.9897,"2016/06/19 06:45:04"
D,METER_DATA,GEN_DUID,1,"2016/06/19 06:50:00",ROYALLA1,0,"2016/06/19 06:45:04"
D,METER_DATA,GEN_DUID,1,"2016/06/19 06:50:00",RPCG,-0.20,"2016/06/19 06:45:04"
D,METER_DATA,GEN_DUID,1,"2016/06/19 06:50:00",RUBICON,0,"2016/06/19 06:45:04"
D,METER_DATA,GEN_DUID,1,"2016/06/19 06:50:00",STARHLWF,8.797435,"2016/06/19 06:45:04"
D,METER_DATA,GEN_DUID,1,"2016/06/19 06:50:00",WAUBRAWF,1.31,"2016/06/19 06:45:04"
D,METER_DATA,GEN_DUID,1,"2016/06/19 06:50:00",WOOLNTH1,34.320015,"2016/06/19 06:45:04"
D,METER_DATA,GEN_DUID,1,"2016/06/19 06:50:00",WPWF,5,"2016/06/19 06:45:04"
D,METER_DATA,GEN_DUID,1,"2016/06/19 06:50:00",YAMBUKWF,0.50,"2016/06/19 06:45:04"
D,METER_DATA,GEN_DUID,1,"2016/06/19 06:55:00",BBDISEL1,0,"2016/06/19 06:50:04"
D,METER_DATA,GEN_DUID,1,"2016/06/19 06:55:00",BUTLERSG,7.799998,"2016/06/19 06:50:04"
D,METER_DATA,GEN_DUID,1,"2016/06/19 06:55:00",CALL_A_4,0,"2016/06/19 06:50:04"
D,METER_DATA,GEN_DUID,1,"2016/06/19 06:55:00",CAPTL_WF,27.8480,"2016/06/19 06:50:04"
D,METER_DATA,GEN_DUID,1,"2016/06/19 06:55:00",CATAGUN1,0,"2016/06/19 06:50:04"
D,METER_DATA,GEN_DUID,1,"2016/06/19 06:55:00",CATHROCK,4.09,"2016/06/19 06:50:04"
D,METER_DATA,GEN_DUID,1,"2016/06/19 06:55:00",CHALLHWF,3.80,"2016/06/19 06:50:04"
D,METER_DATA,GEN_DUID,1,"2016/06/19 06:55:00",CLOVER,0,"2016/06/19 06:50:04"
D,METER_DATA,GEN_DUID,1,"2016/06/19 06:55:00",CLUNY,9.117021,"2016/06/19 06:50:04"
D,METER_DATA,GEN_DUID,1,"2016/06/19 06:55:00",CNUNDAWF,4.905723,"2016/06/19 06:50:04"
D,METER_DATA,GEN_DUID,1,"2016/06/19 06:55:00",CULLRGWF,11.38,"2016/06/19 06:50:04"
D,METER_DATA,GEN_DUID,1,"2016/06/19 06:55:00",ERGT01,0,"2016/06/19 06:50:04"
D,METER_DATA,GEN_DUID,1,"2016/06/19 06:55:00",GB01,0.142151,"2016/06/19 06:50:04"
D,METER_DATA,GEN_DUID,1,"2016/06/19 06:55:00",GEORGTN1,0,"2016/06/19 06:50:04"
D,METER_DATA,GEN_DUID,1,"2016/06/19 06:55:00",GEORGTN2,0,"2016/06/19 06:50:04"
D,METER_DATA,GEN_DUID,1,"2016/06/19 06:55:00",GERMCRK,38,"2016/06/19 06:50:04"
D,METER_DATA,GEN_DUID,1,"2016/06/19 06:55:00",INVICTA,16.50,"2016/06/19 06:50:04"
D,METER_DATA,GEN_DUID,1,"2016/06/19 06:55:00",LKBONNY1,5.626490,"2016/06/19 06:50:04"
D,METER_DATA,GEN_DUID,1,"2016/06/19 06:55:00",MBAHNTH,59.531254,"2016/06/19 06:50:04"
D,METER_DATA,GEN_DUID,1,"2016/06/19 06:55:00",MEADOWB2,0,"2016/06/19 06:50:04"
D,METER_DATA,GEN_DUID,1,"2016/06/19 06:55:00",MLWF1,3.21,"2016/06/19 06:50:04"
D,METER_DATA,GEN_DUID,1,"2016/06/19 06:55:00",MTMILLAR,14.629619,"2016/06/19 06:50:04"
D,METER_DATA,GEN_DUID,1,"2016/06/19 06:55:00",PALOONA,21.859999,"2016/06/19 06:50:04"
D,METER_DATA,GEN_DUID,1,"2016/06/19 06:55:00",PORTLAT1,0,"2016/06/19 06:50:04"
D,METER_DATA,GEN_DUID,1,"2016/06/19 06:55:00",PORTWF,0.90,"2016/06/19 06:50:04"
D,METER_DATA,GEN_DUID,1,"2016/06/19 06:55:00",QUERIVE1,-0.15,"2016/06/19 06:50:04"
D,METER_DATA,GEN_DUID,1,"2016/06/19 06:55:00",REPULSE,15.282109,"2016/06/19 06:50:04"
D,METER_DATA,GEN_DUID,1,"2016/06/19 06:55:00",ROWALLAN,10.003901,"2016/06/19 06:50:04"
D,METER_DATA,GEN_DUID,1,"2016/06/19 06:55:00",ROYALLA1,0,"2016/06/19 06:50:04"
D,METER_DATA,GEN_DUID,1,"2016/06/19 06:55:00",RPCG,-0.20,"2016/06/19 06:50:04"
D,METER_DATA,GEN_DUID,1,"2016/06/19 06:55:00",RUBICON,0,"2016/06/19 06:50:04"
D,METER_DATA,GEN_DUID,1,"2016/06/19 06:55:00",STARHLWF,8.897406,"2016/06/19 06:50:04"
D,METER_DATA,GEN_DUID,1,"2016/06/19 06:55:00",WAUBRAWF,0,"2016/06/19 06:50:04"
D,METER_DATA,GEN_DUID,1,"2016/06/19 06:55:00",WOOLNTH1,36.450016,"2016/06/19 06:50:04"
D,METER_DATA,GEN_DUID,1,"2016/06/19 06:55:00",WPWF,7,"2016/06/19 06:50:04"
D,METER_DATA,GEN_DUID,1,"2016/06/19 06:55:00",YAMBUKWF,0.40,"2016/06/19 06:50:04"
D,METER_DATA,GEN_DUID,1,"2016/06/19 07:00:00",BBDISEL1,0,"2016/06/19 06:55:04"
D,METER_DATA,GEN_DUID,1,"2016/06/19 07:00:00",BUTLERSG,7.799998,"2016/06/19 06:55:04"
D,METER_DATA,GEN_DUID,1,"2016/06/19 07:00:00",CALL_A_4,0,"2016/06/19 06:55:04"
D,METER_DATA,GEN_DUID,1,"2016/06/19 07:00:00",CAPTL_WF,27.192001,"2016/06/19 06:55:04"
D,METER_DATA,GEN_DUID,1,"2016/06/19 07:00:00",CATAGUN1,0,"2016/06/19 06:55:04"
D,METER_DATA,GEN_DUID,1,"2016/06/19 07:00:00",CATHROCK,3.82,"2016/06/19 06:55:04"
D,METER_DATA,GEN_DUID,1,"2016/06/19 07:00:00",CHALLHWF,4.90,"2016/06/19 06:55:04"
D,METER_DATA,GEN_DUID,1,"2016/06/19 07:00:00",CLOVER,-0.02,"2016/06/19 06:55:04"
D,METER_DATA,GEN_DUID,1,"2016/06/19 07:00:00",CLUNY,9.074150,"2016/06/19 06:55:04"
D,METER_DATA,GEN_DUID,1,"2016/06/19 07:00:00",CNUNDAWF,4.505256,"2016/06/19 06:55:04"
D,METER_DATA,GEN_DUID,1,"2016/06/19 07:00:00",CULLRGWF,12.01,"2016/06/19 06:55:04"
D,METER_DATA,GEN_DUID,1,"2016/06/19 07:00:00",ERGT01,0,"2016/06/19 06:55:04"
D,METER_DATA,GEN_DUID,1,"2016/06/19 07:00:00",GB01,0.142151,"2016/06/19 06:55:04"
D,METER_DATA,GEN_DUID,1,"2016/06/19 07:00:00",GEORGTN1,0,"2016/06/19 06:55:04"
D,METER_DATA,GEN_DUID,1,"2016/06/19 07:00:00",GEORGTN2,0,"2016/06/19 06:55:04"
D,METER_DATA,GEN_DUID,1,"2016/06/19 07:00:00",GERMCRK,38.599998,"2016/06/19 06:55:04"
D,METER_DATA,GEN_DUID,1,"2016/06/19 07:00:00",INVICTA,17.550001,"2016/06/19 06:55:04"
D,METER_DATA,GEN_DUID,1,"2016/06/19 07:00:00",LKBONNY1,5.715799,"2016/06/19 06:55:04"
D,METER_DATA,GEN_DUID,1,"2016/06/19 07:00:00",MBAHNTH,59.531254,"2016/06/19 06:55:04"
D,METER_DATA,GEN_DUID,1,"2016/06/19 07:00:00",MEADOWB2,0,"2016/06/19 06:55:04"
D,METER_DATA,GEN_DUID,1,"2016/06/19 07:00:00",MLWF1,2.7750,"2016/06/19 06:55:04"
D,METER_DATA,GEN_DUID,1,"2016/06/19 07:00:00",MTMILLAR,18.164242,"2016/06/19 06:55:04"
D,METER_DATA,GEN_DUID,1,"2016/06/19 07:00:00",PALOONA,21.859999,"2016/06/19 06:55:04"
D,METER_DATA,GEN_DUID,1,"2016/06/19 07:00:00",PORTLAT1,0,"2016/06/19 06:55:04"
D,METER_DATA,GEN_DUID,1,"2016/06/19 07:00:00",PORTWF,0.30,"2016/06/19 06:55:04"
D,METER_DATA,GEN_DUID,1,"2016/06/19 07:00:00",QUERIVE1,-0.14,"2016/06/19 06:55:04"
D,METER_DATA,GEN_DUID,1,"2016/06/19 07:00:00",REPULSE,15.243999,"2016/06/19 06:55:04"
D,METER_DATA,GEN_DUID,1,"2016/06/19 07:00:00",ROWALLAN,9.9755,"2016/06/19 06:55:04"
D,METER_DATA,GEN_DUID,1,"2016/06/19 07:00:00",ROYALLA1,0,"2016/06/19 06:55:04"
D,METER_DATA,GEN_DUID,1,"2016/06/19 07:00:00",RPCG,-0.20,"2016/06/19 06:55:04"
D,METER_DATA,GEN_DUID,1,"2016/06/19 07:00:00",RUBICON,0,"2016/06/19 06:55:04"
D,METER_DATA,GEN_DUID,1,"2016/06/19 07:00:00",STARHLWF,9.697172,"2016/06/19 06:55:04"
D,METER_DATA,GEN_DUID,1,"2016/06/19 07:00:00",WAUBRAWF,0,"2016/06/19 06:55:04"
D,METER_DATA,GEN_DUID,1,"2016/06/19 07:00:00",WOOLNTH1,34.600014,"2016/06/19 06:55:04"
D,METER_DATA,GEN_DUID,1,"2016/06/19 07:00:00",WPWF,8,"2016/06/19 06:55:04"
D,METER_DATA,GEN_DUID,1,"2016/06/19 07:00:00",YAMBUKWF,0.30,"2016/06/19 06:55:04"
D,METER_DATA,GEN_DUID,1,"2016/06/19 07:05:00",BBDISEL1,0,"2016/06/19 07:00:04"
D,METER_DATA,GEN_DUID,1,"2016/06/19 07:05:00",BUTLERSG,7.799998,"2016/06/19 07:00:04"
D,METER_DATA,GEN_DUID,1,"2016/06/19 07:05:00",CALL_A_4,0,"2016/06/19 07:00:04"
D,METER_DATA,GEN_DUID,1,"2016/06/19 07:05:00",CAPTL_WF,27.531998,"2016/06/19 07:00:04"
D,METER_DATA,GEN_DUID,1,"2016/06/19 07:05:00",CATAGUN1,0,"2016/06/19 07:00:04"
D,METER_DATA,GEN_DUID,1,"2016/06/19 07:05:00",CATHROCK,3.84,"2016/06/19 07:00:04"
D,METER_DATA,GEN_DUID,1,"2016/06/19 07:05:00",CHALLHWF,5,"2016/06/19 07:00:04"
D,METER_DATA,GEN_DUID,1,"2016/06/19 07:05:00",CLOVER,-0.02,"2016/06/19 07:00:04"
D,METER_DATA,GEN_DUID,1,"2016/06/19 07:05:00",CLUNY,9.045570,"2016/06/19 07:00:04"
D,METER_DATA,GEN_DUID,1,"2016/06/19 07:05:00",CNUNDAWF,3.704321,"2016/06/19 07:00:04"
D,METER_DATA,GEN_DUID,1,"2016/06/19 07:05:00",CULLRGWF,13.66,"2016/06/19 07:00:04"
D,METER_DATA,GEN_DUID,1,"2016/06/19 07:05:00",ERGT01,0,"2016/06/19 07:00:04"
D,METER_DATA,GEN_DUID,1,"2016/06/19 07:05:00",GB01,0.142151,"2016/06/19 07:00:04"
D,METER_DATA,GEN_DUID,1,"2016/06/19 07:05:00",GEORGTN1,0,"2016/06/19 07:00:04"
D,METER_DATA,GEN_DUID,1,"2016/06/19 07:05:00",GEORGTN2,0,"2016/06/19 07:00:04"
D,METER_DATA,GEN_DUID,1,"2016/06/19 07:05:00",GERMCRK,38.099998,"2016/06/19 07:00:04"
D,METER_DATA,GEN_DUID,1,"2016/06/19 07:05:00",INVICTA,17.550001,"2016/06/19 07:00:04"
D,METER_DATA,GEN_DUID,1,"2016/06/19 07:05:00",LKBONNY1,5.715799,"2016/06/19 07:00:04"
D,METER_DATA,GEN_DUID,1,"2016/06/19 07:05:00",MBAHNTH,59.531254,"2016/06/19 07:00:04"
D,METER_DATA,GEN_DUID,1,"2016/06/19 07:05:00",MEADOWB2,0,"2016/06/19 07:00:04"
D,METER_DATA,GEN_DUID,1,"2016/06/19 07:05:00",MLWF1,2.6850,"2016/06/19 07:00:04"
D,METER_DATA,GEN_DUID,1,"2016/06/19 07:05:00",MTMILLAR,17.955885,"2016/06/19 07:00:04"
D,METER_DATA,GEN_DUID,1,"2016/06/19 07:05:00",PALOONA,21.859999,"2016/06/19 07:00:04"
D,METER_DATA,GEN_DUID,1,"2016/06/19 07:05:00",PORTLAT1,0,"2016/06/19 07:00:04"
D,METER_DATA,GEN_DUID,1,"2016/06/19 07:05:00",PORTWF,0,"2016/06/19 07:00:04"
D,METER_DATA,GEN_DUID,1,"2016/06/19 07:05:00",QUERIVE1,-0.14,"2016/06/19 07:00:04"
D,METER_DATA,GEN_DUID,1,"2016/06/19 07:05:00",REPULSE,14.558020,"2016/06/19 07:00:04"
D,METER_DATA,GEN_DUID,1,"2016/06/19 07:05:00",ROWALLAN,9.9897,"2016/06/19 07:00:04"
D,METER_DATA,GEN_DUID,1,"2016/06/19 07:05:00",ROYALLA1,0,"2016/06/19 07:00:04"
D,METER_DATA,GEN_DUID,1,"2016/06/19 07:05:00",RPCG,-0.20,"2016/06/19 07:00:04"
D,METER_DATA,GEN_DUID,1,"2016/06/19 07:05:00",RUBICON,0,"2016/06/19 07:00:04"
D,METER_DATA,GEN_DUID,1,"2016/06/19 07:05:00",STARHLWF,10.197026,"2016/06/19 07:00:04"
D,METER_DATA,GEN_DUID,1,"2016/06/19 07:05:00",WAUBRAWF,0,"2016/06/19 07:00:04"
D,METER_DATA,GEN_DUID,1,"2016/06/19 07:05:00",WOOLNTH1,37.660019,"2016/06/19 07:00:04"
D,METER_DATA,GEN_DUID,1,"2016/06/19 07:05:00",WPWF,11,"2016/06/19 07:00:04"
D,METER_DATA,GEN_DUID,1,"2016/06/19 07:05:00",YAMBUKWF,0,"2016/06/19 07:00:04"
D,METER_DATA,GEN_DUID,1,"2016/06/19 07:10:00",BBDISEL1,0,"2016/06/19 07:05:04"
D,METER_DATA,GEN_DUID,1,"2016/06/19 07:10:00",BUTLERSG,7.799998,"2016/06/19 07:05:04"
D,METER_DATA,GEN_DUID,1,"2016/06/19 07:10:00",CALL_A_4,0,"2016/06/19 07:05:04"
D,METER_DATA,GEN_DUID,1,"2016/06/19 07:10:00",CAPTL_WF,27.071999,"2016/06/19 07:05:04"
D,METER_DATA,GEN_DUID,1,"2016/06/19 07:10:00",CATAGUN1,0,"2016/06/19 07:05:04"
D,METER_DATA,GEN_DUID,1,"2016/06/19 07:10:00",CATHROCK,3.72,"2016/06/19 07:05:04"
D,METER_DATA,GEN_DUID,1,"2016/06/19 07:10:00",CHALLHWF,4.70,"2016/06/19 07:05:04"
D,METER_DATA,GEN_DUID,1,"2016/06/19 07:10:00",CLOVER,-0.01,"2016/06/19 07:05:04"
D,METER_DATA,GEN_DUID,1,"2016/06/19 07:10:00",CLUNY,8.473970,"2016/06/19 07:05:04"
D,METER_DATA,GEN_DUID,1,"2016/06/19 07:10:00",CNUNDAWF,3.704321,"2016/06/19 07:05:04"
D,METER_DATA,GEN_DUID,1,"2016/06/19 07:10:00",CULLRGWF,13.69,"2016/06/19 07:05:04"
D,METER_DATA,GEN_DUID,1,"2016/06/19 07:10:00",ERGT01,0,"2016/06/19 07:05:04"
D,METER_DATA,GEN_DUID,1,"2016/06/19 07:10:00",GB01,0.142151,"2016/06/19 07:05:04"
D,METER_DATA,GEN_DUID,1,"2016/06/19 07:10:00",GEORGTN1,0,"2016/06/19 07:05:04"
D,METER_DATA,GEN_DUID,1,"2016/06/19 07:10:00",GEORGTN2,0,"2016/06/19 07:05:04"
D,METER_DATA,GEN_DUID,1,"2016/06/19 07:10:00",GERMCRK,38.599998,"2016/06/19 07:05:04"
D,METER_DATA,GEN_DUID,1,"2016/06/19 07:10:00",INVICTA,17.550001,"2016/06/19 07:05:04"
D,METER_DATA,GEN_DUID,1,"2016/06/19 07:10:00",LKBONNY1,6.162346,"2016/06/19 07:05:04"
D,METER_DATA,GEN_DUID,1,"2016/06/19 07:10:00",MBAHNTH,59.531254,"2016/06/19 07:05:04"
D,METER_DATA,GEN_DUID,1,"2016/06/19 07:10:00",MEADOWB2,0,"2016/06/19 07:05:04"
D,METER_DATA,GEN_DUID,1,"2016/06/19 07:10:00",MLWF1,2.67,"2016/06/19 07:05:04"
D,METER_DATA,GEN_DUID,1,"2016/06/19 07:10:00",MTMILLAR,17.211754,"2016/06/19 07:05:04"
D,METER_DATA,GEN_DUID,1,"2016/06/19 07:10:00",PALOONA,21.859999,"2016/06/19 07:05:04"
D,METER_DATA,GEN_DUID,1,"2016/06/19 07:10:00",PORTLAT1,0,"2016/06/19 07:05:04"
D,METER_DATA,GEN_DUID,1,"2016/06/19 07:10:00",PORTWF,0,"2016/06/19 07:05:04"
D,METER_DATA,GEN_DUID,1,"2016/06/19 07:10:00",QUERIVE1,-0.15,"2016/06/19 07:05:04"
D,METER_DATA,GEN_DUID,1,"2016/06/19 07:10:00",REPULSE,15.034394,"2016/06/19 07:05:04"
D,METER_DATA,GEN_DUID,1,"2016/06/19 07:10:00",ROWALLAN,9.7341,"2016/06/19 07:05:04"
D,METER_DATA,GEN_DUID,1,"2016/06/19 07:10:00",ROYALLA1,0,"2016/06/19 07:05:04"
D,METER_DATA,GEN_DUID,1,"2016/06/19 07:10:00",RPCG,-0.20,"2016/06/19 07:05:04"
D,METER_DATA,GEN_DUID,1,"2016/06/19 07:10:00",RUBICON,0,"2016/06/19 07:05:04"
D,METER_DATA,GEN_DUID,1,"2016/06/19 07:10:00",STARHLWF,11.096765,"2016/06/19 07:05:04"
D,METER_DATA,GEN_DUID,1,"2016/06/19 07:10:00",WAUBRAWF,0,"2016/06/19 07:05:04"
D,METER_DATA,GEN_DUID,1,"2016/06/19 07:10:00",WOOLNTH1,42.410019,"2016/06/19 07:05:04"
D,METER_DATA,GEN_DUID,1,"2016/06/19 07:10:00",WPWF,11,"2016/06/19 07:05:04"
D,METER_DATA,GEN_DUID,1,"2016/06/19 07:10:00",YAMBUKWF,-0.10,"2016/06/19 07:05:04"
D,METER_DATA,GEN_DUID,1,"2016/06/19 07:15:00",BBDISEL1,0,"2016/06/19 07:10:04"
D,METER_DATA,GEN_DUID,1,"2016/06/19 07:15:00",BUTLERSG,7.799998,"2016/06/19 07:10:04"
D,METER_DATA,GEN_DUID,1,"2016/06/19 07:15:00",CALL_A_4,0,"2016/06/19 07:10:04"
D,METER_DATA,GEN_DUID,1,"2016/06/19 07:15:00",CAPTL_WF,28.895996,"2016/06/19 07:10:04"
D,METER_DATA,GEN_DUID,1,"2016/06/19 07:15:00",CATAGUN1,0,"2016/06/19 07:10:04"
D,METER_DATA,GEN_DUID,1,"2016/06/19 07:15:00",CATHROCK,2.89,"2016/06/19 07:10:04"
D,METER_DATA,GEN_DUID,1,"2016/06/19 07:15:00",CHALLHWF,4.50,"2016/06/19 07:10:04"
D,METER_DATA,GEN_DUID,1,"2016/06/19 07:15:00",CLOVER,0,"2016/06/19 07:10:04"
D,METER_DATA,GEN_DUID,1,"2016/06/19 07:15:00",CLUNY,9.117021,"2016/06/19 07:10:04"
D,METER_DATA,GEN_DUID,1,"2016/06/19 07:15:00",CNUNDAWF,2.903387,"2016/06/19 07:10:04"
D,METER_DATA,GEN_DUID,1,"2016/06/19 07:15:00",CULLRGWF,13.44,"2016/06/19 07:10:04"
D,METER_DATA,GEN_DUID,1,"2016/06/19 07:15:00",ERGT01,0,"2016/06/19 07:10:04"
D,METER_DATA,GEN_DUID,1,"2016/06/19 07:15:00",GB01,0.142151,"2016/06/19 07:10:04"
D,METER_DATA,GEN_DUID,1,"2016/06/19 07:15:00",GEORGTN1,0,"2016/06/19 07:10:04"
D,METER_DATA,GEN_DUID,1,"2016/06/19 07:15:00",GEORGTN2,0,"2016/06/19 07:10:04"
D,METER_DATA,GEN_DUID,1,"2016/06/19 07:15:00",GERMCRK,38.700001,"2016/06/19 07:10:04"
D,METER_DATA,GEN_DUID,1,"2016/06/19 07:15:00",INVICTA,17.550001,"2016/06/19 07:10:04"
D,METER_DATA,GEN_DUID,1,"2016/06/19 07:15:00",LKBONNY1,5.805109,"2016/06/19 07:10:04"
D,METER_DATA,GEN_DUID,1,"2016/06/19 07:15:00",MBAHNTH,59.531254,"2016/06/19 07:10:04"
D,METER_DATA,GEN_DUID,1,"2016/06/19 07:15:00",MEADOWB2,0,"2016/06/19 07:10:04"
D,METER_DATA,GEN_DUID,1,"2016/06/19 07:15:00",MLWF1,2.16,"2016/06/19 07:10:04"
D,METER_DATA,GEN_DUID,1,"2016/06/19 07:15:00",MTMILLAR,19.607855,"2016/06/19 07:10:04"
D,METER_DATA,GEN_DUID,1,"2016/06/19 07:15:00",PALOONA,21.859999,"2016/06/19 07:10:04"
D,METER_DATA,GEN_DUID,1,"2016/06/19 07:15:00",PORTLAT1,0,"2016/06/19 07:10:04"
D,METER_DATA,GEN_DUID,1,"2016/06/19 07:15:00",PORTWF,-0.20,"2016/06/19 07:10:04"
D,METER_DATA,GEN_DUID,1,"2016/06/19 07:15:00",QUERIVE1,-0.15,"2016/06/19 07:10:04"
D,METER_DATA,GEN_DUID,1,"2016/06/19 07:15:00",REPULSE,15.015340,"2016/06/19 07:10:04"
D,METER_DATA,GEN_DUID,1,"2016/06/19 07:15:00",ROWALLAN,9.9471,"2016/06/19 07:10:04"
D,METER_DATA,GEN_DUID,1,"2016/06/19 07:15:00",ROYALLA1,0,"2016/06/19 07:10:04"
D,METER_DATA,GEN_DUID,1,"2016/06/19 07:15:00",RPCG,-0.20,"2016/06/19 07:10:04"
D,METER_DATA,GEN_DUID,1,"2016/06/19 07:15:00",RUBICON,0,"2016/06/19 07:10:04"
D,METER_DATA,GEN_DUID,1,"2016/06/19 07:15:00",STARHLWF,10.296997,"2016/06/19 07:10:04"
D,METER_DATA,GEN_DUID,1,"2016/06/19 07:15:00",WAUBRAWF,0,"2016/06/19 07:10:04"
D,METER_DATA,GEN_DUID,1,"2016/06/19 07:15:00",WOOLNTH1,41.960014,"2016/06/19 07:10:04"
D,METER_DATA,GEN_DUID,1,"2016/06/19 07:15:00",WPWF,11,"2016/06/19 07:10:04"
D,METER_DATA,GEN_DUID,1,"2016/06/19 07:15:00",YAMBUKWF,-0.10,"2016/06/19 07:10:04"
D,METER_DATA,GEN_DUID,1,"2016/06/19 07:20:00",BBDISEL1,0,"2016/06/19 07:15:04"
D,METER_DATA,GEN_DUID,1,"2016/06/19 07:20:00",BUTLERSG,7.799998,"2016/06/19 07:15:04"
D,METER_DATA,GEN_DUID,1,"2016/06/19 07:20:00",CALL_A_4,0,"2016/06/19 07:15:04"
D,METER_DATA,GEN_DUID,1,"2016/06/19 07:20:00",CAPTL_WF,29.632004,"2016/06/19 07:15:04"
D,METER_DATA,GEN_DUID,1,"2016/06/19 07:20:00",CATAGUN1,0,"2016/06/19 07:15:04"
D,METER_DATA,GEN_DUID,1,"2016/06/19 07:20:00",CATHROCK,2.77,"2016/06/19 07:15:04"
D,METER_DATA,GEN_DUID,1,"2016/06/19 07:20:00",CHALLHWF,4.60,"2016/06/19 07:15:04"
D,METER_DATA,GEN_DUID,1,"2016/06/19 07:20:00",CLOVER,-0.01,"2016/06/19 07:15:04"
D,METER_DATA,GEN_DUID,1,"2016/06/19 07:20:00",CLUNY,9.117021,"2016/06/19 07:15:04"
D,METER_DATA,GEN_DUID,1,"2016/06/19 07:20:00",CNUNDAWF,2.903387,"2016/06/19 07:15:04"
D,METER_DATA,GEN_DUID,1,"2016/06/19 07:20:00",CULLRGWF,14.34,"2016/06/19 07:15:04"
D,METER_DATA,GEN_DUID,1,"2016/06/19 07:20:00",ERGT01,0,"2016/06/19 07:15:04"
D,METER_DATA,GEN_DUID,1,"2016/06/19 07:20:00",GB01,0.142151,"2016/06/19 07:15:04"
D,METER_DATA,GEN_DUID,1,"2016/06/19 07:20:00",GEORGTN1,0,"2016/06/19 07:15:04"
D,METER_DATA,GEN_DUID,1,"2016/06/19 07:20:00",GEORGTN2,0,"2016/06/19 07:15:04"
D,METER_DATA,GEN_DUID,1,"2016/06/19 07:20:00",GERMCRK,35.200001,"2016/06/19 07:15:04"
D,METER_DATA,GEN_DUID,1,"2016/06/19 07:20:00",INVICTA,18.60,"2016/06/19 07:15:04"
D,METER_DATA,GEN_DUID,1,"2016/06/19 07:20:00",LKBONNY1,5.894418,"2016/06/19 07:15:04"
D,METER_DATA,GEN_DUID,1,"2016/06/19 07:20:00",MBAHNTH,59.531254,"2016/06/19 07:15:04"
D,METER_DATA,GEN_DUID,1,"2016/06/19 07:20:00",MEADOWB2,0,"2016/06/19 07:15:04"
D,METER_DATA,GEN_DUID,1,"2016/06/19 07:20:00",MLWF1,1.95,"2016/06/19 07:15:04"
D,METER_DATA,GEN_DUID,1,"2016/06/19 07:20:00",MTMILLAR,16.616449,"2016/06/19 07:15:04"
D,METER_DATA,GEN_DUID,1,"2016/06/19 07:20:00",PALOONA,21.859999,"2016/06/19 07:15:04"
D,METER_DATA,GEN_DUID,1,"2016/06/19 07:20:00",PORTLAT1,0,"2016/06/19 07:15:04"
D,METER_DATA,GEN_DUID,1,"2016/06/19 07:20:00",PORTWF,-0.30,"2016/06/19 07:15:04"
D,METER_DATA,GEN_DUID,1,"2016/06/19 07:20:00",QUERIVE1,-0.15,"2016/06/19 07:15:04"
D,METER_DATA,GEN_DUID,1,"2016/06/19 07:20:00",REPULSE,15.510770,"2016/06/19 07:15:04"
D,METER_DATA,GEN_DUID,1,"2016/06/19 07:20:00",ROWALLAN,9.9897,"2016/06/19 07:15:04"
D,METER_DATA,GEN_DUID,1,"2016/06/19 07:20:00",ROYALLA1,0,"2016/06/19 07:15:04"
D,METER_DATA,GEN_DUID,1,"2016/06/19 07:20:00",RPCG,-0.20,"2016/06/19 07:15:04"
D,METER_DATA,GEN_DUID,1,"2016/06/19 07:20:00",RUBICON,0,"2016/06/19 07:15:04"
D,METER_DATA,GEN_DUID,1,"2016/06/19 07:20:00",STARHLWF,11.096765,"2016/06/19 07:15:04"
D,METER_DATA,GEN_DUID,1,"2016/06/19 07:20:00",WAUBRAWF,0,"2016/06/19 07:15:04"
D,METER_DATA,GEN_DUID,1,"2016/06/19 07:20:00",WOOLNTH1,42.510017,"2016/06/19 07:15:04"
D,METER_DATA,GEN_DUID,1,"2016/06/19 07:20:00",WPWF,11,"2016/06/19 07:15:04"
D,METER_DATA,GEN_DUID,1,"2016/06/19 07:20:00",YAMBUKWF,-0.20,"2016/06/19 07:15:04"
D,METER_DATA,GEN_DUID,1,"2016/06/19 07:25:00",BBDISEL1,0,"2016/06/19 07:20:04"
D,METER_DATA,GEN_DUID,1,"2016/06/19 07:25:00",BUTLERSG,7.799998,"2016/06/19 07:20:04"
D,METER_DATA,GEN_DUID,1,"2016/06/19 07:25:00",CALL_A_4,0,"2016/06/19 07:20:04"
D,METER_DATA,GEN_DUID,1,"2016/06/19 07:25:00",CAPTL_WF,28.307999,"2016/06/19 07:20:04"
D,METER_DATA,GEN_DUID,1,"2016/06/19 07:25:00",CATAGUN1,0,"2016/06/19 07:20:04"
D,METER_DATA,GEN_DUID,1,"2016/06/19 07:25:00",CATHROCK,3.15,"2016/06/19 07:20:04"
D,METER_DATA,GEN_DUID,1,"2016/06/19 07:25:00",CHALLHWF,4.60,"2016/06/19 07:20:04"
D,METER_DATA,GEN_DUID,1,"2016/06/19 07:25:00",CLOVER,-0.01,"2016/06/19 07:20:04"
D,METER_DATA,GEN_DUID,1,"2016/06/19 07:25:00",CLUNY,8.502550,"2016/06/19 07:20:04"
D,METER_DATA,GEN_DUID,1,"2016/06/19 07:25:00",CNUNDAWF,2.903387,"2016/06/19 07:20:04"
D,METER_DATA,GEN_DUID,1,"2016/06/19 07:25:00",CULLRGWF,14.91,"2016/06/19 07:20:04"
D,METER_DATA,GEN_DUID,1,"2016/06/19 07:25:00",ERGT01,0,"2016/06/19 07:20:04"
D,METER_DATA,GEN_DUID,1,"2016/06/19 07:25:00",GB01,0.142151,"2016/06/19 07:20:04"
D,METER_DATA,GEN_DUID,1,"2016/06/19 07:25:00",GEORGTN1,0,"2016/06/19 07:20:04"
D,METER_DATA,GEN_DUID,1,"2016/06/19 07:25:00",GEORGTN2,0,"2016/06/19 07:20:04"
D,METER_DATA,GEN_DUID,1,"2016/06/19 07:25:00",GERMCRK,32.099998,"2016/06/19 07:20:04"
D,METER_DATA,GEN_DUID,1,"2016/06/19 07:25:00",INVICTA,19.7750,"2016/06/19 07:20:04"
D,METER_DATA,GEN_DUID,1,"2016/06/19 07:25:00",LKBONNY1,6.162346,"2016/06/19 07:20:04"
D,METER_DATA,GEN_DUID,1,"2016/06/19 07:25:00",MBAHNTH,59.531254,"2016/06/19 07:20:04"
D,METER_DATA,GEN_DUID,1,"2016/06/19 07:25:00",MEADOWB2,0,"2016/06/19 07:20:04"
D,METER_DATA,GEN_DUID,1,"2016/06/19 07:25:00",MLWF1,1.74,"2016/06/19 07:20:04"
D,METER_DATA,GEN_DUID,1,"2016/06/19 07:25:00",MTMILLAR,14.540322,"2016/06/19 07:20:04"
D,METER_DATA,GEN_DUID,1,"2016/06/19 07:25:00",PALOONA,21.859999,"2016/06/19 07:20:04"
D,METER_DATA,GEN_DUID,1,"2016/06/19 07:25:00",PORTLAT1,0,"2016/06/19 07:20:04"
D,METER_DATA,GEN_DUID,1,"2016/06/19 07:25:00",PORTWF,-0.40,"2016/06/19 07:20:04"
D,METER_DATA,GEN_DUID,1,"2016/06/19 07:25:00",QUERIVE1,-0.15,"2016/06/19 07:20:04"
D,METER_DATA,GEN_DUID,1,"2016/06/19 07:25:00",REPULSE,13.700544,"2016/06/19 07:20:04"
D,METER_DATA,GEN_DUID,1,"2016/06/19 07:25:00",ROWALLAN,10.0181,"2016/06/19 07:20:04"
D,METER_DATA,GEN_DUID,1,"2016/06/19 07:25:00",ROYALLA1,0,"2016/06/19 07:20:04"
D,METER_DATA,GEN_DUID,1,"2016/06/19 07:25:00",RPCG,-0.20,"2016/06/19 07:20:04"
D,METER_DATA,GEN_DUID,1,"2016/06/19 07:25:00",RUBICON,0,"2016/06/19 07:20:04"
D,METER_DATA,GEN_DUID,1,"2016/06/19 07:25:00",STARHLWF,10.696880,"2016/06/19 07:20:04"
D,METER_DATA,GEN_DUID,1,"2016/06/19 07:25:00",WAUBRAWF,0,"2016/06/19 07:20:04"
D,METER_DATA,GEN_DUID,1,"2016/06/19 07:25:00",WOOLNTH1,43.750015,"2016/06/19 07:20:04"
D,METER_DATA,GEN_DUID,1,"2016/06/19 07:25:00",WPWF,12,"2016/06/19 07:20:04"
D,METER_DATA,GEN_DUID,1,"2016/06/19 07:25:00",YAMBUKWF,-0.20,"2016/06/19 07:20:04"
D,METER_DATA,GEN_DUID,1,"2016/06/19 07:30:00",BBDISEL1,0,"2016/06/19 07:25:04"
D,METER_DATA,GEN_DUID,1,"2016/06/19 07:30:00",BUTLERSG,7.799998,"2016/06/19 07:25:04"
D,METER_DATA,GEN_DUID,1,"2016/06/19 07:30:00",CALL_A_4,0,"2016/06/19 07:25:04"
D,METER_DATA,GEN_DUID,1,"2016/06/19 07:30:00",CAPTL_WF,28.960007,"2016/06/19 07:25:04"
D,METER_DATA,GEN_DUID,1,"2016/06/19 07:30:00",CATAGUN1,0,"2016/06/19 07:25:04"
D,METER_DATA,GEN_DUID,1,"2016/06/19 07:30:00",CATHROCK,3.28,"2016/06/19 07:25:04"
D,METER_DATA,GEN_DUID,1,"2016/06/19 07:30:00",CHALLHWF,4.60,"2016/06/19 07:25:04"
D,METER_DATA,GEN_DUID,1,"2016/06/19 07:30:00",CLOVER,-0.01,"2016/06/19 07:25:04"
D,METER_DATA,GEN_DUID,1,"2016/06/19 07:30:00",CLUNY,9.1456,"2016/06/19 07:25:04"
D,METER_DATA,GEN_DUID,1,"2016/06/19 07:30:00",CNUNDAWF,2.803270,"2016/06/19 07:25:04"
D,METER_DATA,GEN_DUID,1,"2016/06/19 07:30:00",CULLRGWF,15.16,"2016/06/19 07:25:04"
D,METER_DATA,GEN_DUID,1,"2016/06/19 07:30:00",ERGT01,0,"2016/06/19 07:25:04"
D,METER_DATA,GEN_DUID,1,"2016/06/19 07:30:00",GB01,0.142151,"2016/06/19 07:25:04"
D,METER_DATA,GEN_DUID,1,"2016/06/19 07:30:00",GEORGTN1,0,"2016/06/19 07:25:04"
D,METER_DATA,GEN_DUID,1,"2016/06/19 07:30:00",GEORGTN2,0,"2016/06/19 07:25:04"
D,METER_DATA,GEN_DUID,1,"2016/06/19 07:30:00",GERMCRK,32.900002,"2016/06/19 07:25:04"
D,METER_DATA,GEN_DUID,1,"2016/06/19 07:30:00",INVICTA,18.7250,"2016/06/19 07:25:04"
D,METER_DATA,GEN_DUID,1,"2016/06/19 07:30:00",LKBONNY1,6.698202,"2016/06/19 07:25:04"
D,METER_DATA,GEN_DUID,1,"2016/06/19 07:30:00",MBAHNTH,59.531254,"2016/06/19 07:25:04"
D,METER_DATA,GEN_DUID,1,"2016/06/19 07:30:00",MEADOWB2,0,"2016/06/19 07:25:04"
D,METER_DATA,GEN_DUID,1,"2016/06/19 07:30:00",MLWF1,2.37,"2016/06/19 07:25:04"
D,METER_DATA,GEN_DUID,1,"2016/06/19 07:30:00",MTMILLAR,10.030888,"2016/06/19 07:25:04"
D,METER_DATA,GEN_DUID,1,"2016/06/19 07:30:00",PALOONA,21.67,"2016/06/19 07:25:04"
D,METER_DATA,GEN_DUID,1,"2016/06/19 07:30:00",PORTLAT1,0,"2016/06/19 07:25:04"
D,METER_DATA,GEN_DUID,1,"2016/06/19 07:30:00",PORTWF,-0.30,"2016/06/19 07:25:04"
D,METER_DATA,GEN_DUID,1,"2016/06/19 07:30:00",QUERIVE1,-0.15,"2016/06/19 07:25:04"
D,METER_DATA,GEN_DUID,1,"2016/06/19 07:30:00",REPULSE,16.082420,"2016/06/19 07:25:04"
D,METER_DATA,GEN_DUID,1,"2016/06/19 07:30:00",ROWALLAN,10.2311,"2016/06/19 07:25:04"
D,METER_DATA,GEN_DUID,1,"2016/06/19 07:30:00",ROYALLA1,0,"2016/06/19 07:25:04"
D,METER_DATA,GEN_DUID,1,"2016/06/19 07:30:00",RPCG,-0.20,"2016/06/19 07:25:04"
D,METER_DATA,GEN_DUID,1,"2016/06/19 07:30:00",RUBICON,0,"2016/06/19 07:25:04"
D,METER_DATA,GEN_DUID,1,"2016/06/19 07:30:00",STARHLWF,9.997085,"2016/06/19 07:25:04"
D,METER_DATA,GEN_DUID,1,"2016/06/19 07:30:00",WAUBRAWF,0,"2016/06/19 07:25:04"
D,METER_DATA,GEN_DUID,1,"2016/06/19 07:30:00",WOOLNTH1,40.260017,"2016/06/19 07:25:04"
D,METER_DATA,GEN_DUID,1,"2016/06/19 07:30:00",WPWF,12,"2016/06/19 07:25:04"
D,METER_DATA,GEN_DUID,1,"2016/06/19 07:30:00",YAMBUKWF,-0.20,"2016/06/19 07:25:04"
D,METER_DATA,GEN_DUID,1,"2016/06/19 07:35:00",BBDISEL1,0,"2016/06/19 07:30:04"
D,METER_DATA,GEN_DUID,1,"2016/06/19 07:35:00",BUTLERSG,7.799998,"2016/06/19 07:30:04"
D,METER_DATA,GEN_DUID,1,"2016/06/19 07:35:00",CALL_A_4,0,"2016/06/19 07:30:04"
D,METER_DATA,GEN_DUID,1,"2016/06/19 07:35:00",CAPTL_WF,24.639999,"2016/06/19 07:30:04"
D,METER_DATA,GEN_DUID,1,"2016/06/19 07:35:00",CATAGUN1,0,"2016/06/19 07:30:04"
D,METER_DATA,GEN_DUID,1,"2016/06/19 07:35:00",CATHROCK,2.54,"2016/06/19 07:30:04"
D,METER_DATA,GEN_DUID,1,"2016/06/19 07:35:00",CHALLHWF,4.60,"2016/06/19 07:30:04"
D,METER_DATA,GEN_DUID,1,"2016/06/19 07:35:00",CLOVER,0,"2016/06/19 07:30:04"
D,METER_DATA,GEN_DUID,1,"2016/06/19 07:35:00",CLUNY,8.531130,"2016/06/19 07:30:04"
D,METER_DATA,GEN_DUID,1,"2016/06/19 07:35:00",CNUNDAWF,3.203737,"2016/06/19 07:30:04"
D,METER_DATA,GEN_DUID,1,"2016/06/19 07:35:00",CULLRGWF,15.08,"2016/06/19 07:30:04"
D,METER_DATA,GEN_DUID,1,"2016/06/19 07:35:00",ERGT01,0,"2016/06/19 07:30:04"
D,METER_DATA,GEN_DUID,1,"2016/06/19 07:35:00",GB01,0.142151,"2016/06/19 07:30:04"
D,METER_DATA,GEN_DUID,1,"2016/06/19 07:35:00",GEORGTN1,0,"2016/06/19 07:30:04"
D,METER_DATA,GEN_DUID,1,"2016/06/19 07:35:00",GEORGTN2,0,"2016/06/19 07:30:04"
D,METER_DATA,GEN_DUID,1,"2016/06/19 07:35:00",GERMCRK,35.799999,"2016/06/19 07:30:04"
D,METER_DATA,GEN_DUID,1,"2016/06/19 07:35:00",INVICTA,17.700001,"2016/06/19 07:30:04"
D,METER_DATA,GEN_DUID,1,"2016/06/19 07:35:00",LKBONNY1,6.608893,"2016/06/19 07:30:04"
D,METER_DATA,GEN_DUID,1,"2016/06/19 07:35:00",MBAHNTH,59.531254,"2016/06/19 07:30:04"
D,METER_DATA,GEN_DUID,1,"2016/06/19 07:35:00",MEADOWB2,0,"2016/06/19 07:30:04"
D,METER_DATA,GEN_DUID,1,"2016/06/19 07:35:00",MLWF1,2.2650,"2016/06/19 07:30:04"
D,METER_DATA,GEN_DUID,1,"2016/06/19 07:35:00",MTMILLAR,11.444737,"2016/06/19 07:30:04"
D,METER_DATA,GEN_DUID,1,"2016/06/19 07:35:00",PALOONA,21.809999,"2016/06/19 07:30:04"
D,METER_DATA,GEN_DUID,1,"2016/06/19 07:35:00",PORTLAT1,0,"2016/06/19 07:30:04"
D,METER_DATA,GEN_DUID,1,"2016/06/19 07:35:00",PORTWF,-0.10,"2016/06/19 07:30:04"
D,METER_DATA,GEN_DUID,1,"2016/06/19 07:35:00",QUERIVE1,-0.15,"2016/06/19 07:30:04"
D,METER_DATA,GEN_DUID,1,"2016/06/19 07:35:00",REPULSE,14.291249,"2016/06/19 07:30:04"
D,METER_DATA,GEN_DUID,1,"2016/06/19 07:35:00",ROWALLAN,9.6773,"2016/06/19 07:30:04"
D,METER_DATA,GEN_DUID,1,"2016/06/19 07:35:00",ROYALLA1,0,"2016/06/19 07:30:04"
D,METER_DATA,GEN_DUID,1,"2016/06/19 07:35:00",RPCG,-0.20,"2016/06/19 07:30:04"
D,METER_DATA,GEN_DUID,1,"2016/06/19 07:35:00",RUBICON,0,"2016/06/19 07:30:04"
D,METER_DATA,GEN_DUID,1,"2016/06/19 07:35:00",STARHLWF,8.697464,"2016/06/19 07:30:04"
D,METER_DATA,GEN_DUID,1,"2016/06/19 07:35:00",WAUBRAWF,0,"2016/06/19 07:30:04"
D,METER_DATA,GEN_DUID,1,"2016/06/19 07:35:00",WOOLNTH1,43.210014,"2016/06/19 07:30:04"
D,METER_DATA,GEN_DUID,1,"2016/06/19 07:35:00",WPWF,10,"2016/06/19 07:30:04"
D,METER_DATA,GEN_DUID,1,"2016/06/19 07:35:00",YAMBUKWF,-0.20,"2016/06/19 07:30:04"
D,METER_DATA,GEN_DUID,1,"2016/06/19 07:40:00",BBDISEL1,0,"2016/06/19 07:35:05"
D,METER_DATA,GEN_DUID,1,"2016/06/19 07:40:00",BUTLERSG,7.799998,"2016/06/19 07:35:05"
D,METER_DATA,GEN_DUID,1,"2016/06/19 07:40:00",CALL_A_4,0,"2016/06/19 07:35:05"
D,METER_DATA,GEN_DUID,1,"2016/06/19 07:40:00",CAPTL_WF,25.875999,"2016/06/19 07:35:05"
D,METER_DATA,GEN_DUID,1,"2016/06/19 07:40:00",CATAGUN1,0,"2016/06/19 07:35:05"
D,METER_DATA,GEN_DUID,1,"2016/06/19 07:40:00",CATHROCK,2.46,"2016/06/19 07:35:05"
D,METER_DATA,GEN_DUID,1,"2016/06/19 07:40:00",CHALLHWF,4.30,"2016/06/19 07:35:05"
D,METER_DATA,GEN_DUID,1,"2016/06/19 07:40:00",CLOVER,-0.01,"2016/06/19 07:35:05"
D,METER_DATA,GEN_DUID,1,"2016/06/19 07:40:00",CLUNY,15.104530,"2016/06/19 07:35:05"
D,METER_DATA,GEN_DUID,1,"2016/06/19 07:40:00",CNUNDAWF,4.004672,"2016/06/19 07:35:05"
D,METER_DATA,GEN_DUID,1,"2016/06/19 07:40:00",CULLRGWF,14.42,"2016/06/19 07:35:05"
D,METER_DATA,GEN_DUID,1,"2016/06/19 07:40:00",ERGT01,0,"2016/06/19 07:35:05"
D,METER_DATA,GEN_DUID,1,"2016/06/19 07:40:00",GB01,0.140652,"2016/06/19 07:35:05"
D,METER_DATA,GEN_DUID,1,"2016/06/19 07:40:00",GEORGTN1,0,"2016/06/19 07:35:05"
D,METER_DATA,GEN_DUID,1,"2016/06/19 07:40:00",GEORGTN2,0,"2016/06/19 07:35:05"
D,METER_DATA,GEN_DUID,1,"2016/06/19 07:40:00",GERMCRK,37.400002,"2016/06/19 07:35:05"
D,METER_DATA,GEN_DUID,1,"2016/06/19 07:40:00",INVICTA,17.700001,"2016/06/19 07:35:05"
D,METER_DATA,GEN_DUID,1,"2016/06/19 07:40:00",LKBONNY1,6.608893,"2016/06/19 07:35:05"
D,METER_DATA,GEN_DUID,1,"2016/06/19 07:40:00",MBAHNTH,59.531254,"2016/06/19 07:35:05"
D,METER_DATA,GEN_DUID,1,"2016/06/19 07:40:00",MEADOWB2,0,"2016/06/19 07:35:05"
D,METER_DATA,GEN_DUID,1,"2016/06/19 07:40:00",MLWF1,2.1750,"2016/06/19 07:35:05"
D,METER_DATA,GEN_DUID,1,"2016/06/19 07:40:00",MTMILLAR,10.879197,"2016/06/19 07:35:05"
D,METER_DATA,GEN_DUID,1,"2016/06/19 07:40:00",PALOONA,21.809999,"2016/06/19 07:35:05"
D,METER_DATA,GEN_DUID,1,"2016/06/19 07:40:00",PORTLAT1,0,"2016/06/19 07:35:05"
D,METER_DATA,GEN_DUID,1,"2016/06/19 07:40:00",PORTWF,0,"2016/06/19 07:35:05"
D,METER_DATA,GEN_DUID,1,"2016/06/19 07:40:00",QUERIVE1,-0.14,"2016/06/19 07:35:05"
D,METER_DATA,GEN_DUID,1,"2016/06/19 07:40:00",REPULSE,27.591639,"2016/06/19 07:35:05"
D,METER_DATA,GEN_DUID,1,"2016/06/19 07:40:00",ROWALLAN,9.7341,"2016/06/19 07:35:05"
D,METER_DATA,GEN_DUID,1,"2016/06/19 07:40:00",ROYALLA1,0,"2016/06/19 07:35:05"
D,METER_DATA,GEN_DUID,1,"2016/06/19 07:40:00",RPCG,-0.20,"2016/06/19 07:35:05"
D,METER_DATA,GEN_DUID,1,"2016/06/19 07:40:00",RUBICON,0,"2016/06/19 07:35:05"
D,METER_DATA,GEN_DUID,1,"2016/06/19 07:40:00",STARHLWF,7.597785,"2016/06/19 07:35:05"
D,METER_DATA,GEN_DUID,1,"2016/06/19 07:40:00",WAUBRAWF,0,"2016/06/19 07:35:05"
D,METER_DATA,GEN_DUID,1,"2016/06/19 07:40:00",WOOLNTH1,46.040016,"2016/06/19 07:35:05"
D,METER_DATA,GEN_DUID,1,"2016/06/19 07:40:00",WPWF,9,"2016/06/19 07:35:05"
D,METER_DATA,GEN_DUID,1,"2016/06/19 07:40:00",YAMBUKWF,-0.20,"2016/06/19 07:35:05"
D,METER_DATA,GEN_DUID,1,"2016/06/19 07:45:00",BBDISEL1,0,"2016/06/19 07:40:05"
D,METER_DATA,GEN_DUID,1,"2016/06/19 07:45:00",BUTLERSG,7.799998,"2016/06/19 07:40:05"
D,METER_DATA,GEN_DUID,1,"2016/06/19 07:45:00",CALL_A_4,0,"2016/06/19 07:40:05"
D,METER_DATA,GEN_DUID,1,"2016/06/19 07:45:00",CAPTL_WF,25.099998,"2016/06/19 07:40:05"
D,METER_DATA,GEN_DUID,1,"2016/06/19 07:45:00",CATAGUN1,0,"2016/06/19 07:40:05"
D,METER_DATA,GEN_DUID,1,"2016/06/19 07:45:00",CATHROCK,2.56,"2016/06/19 07:40:05"
D,METER_DATA,GEN_DUID,1,"2016/06/19 07:45:00",CHALLHWF,4.90,"2016/06/19 07:40:05"
D,METER_DATA,GEN_DUID,1,"2016/06/19 07:45:00",CLOVER,-0.01,"2016/06/19 07:40:05"
D,METER_DATA,GEN_DUID,1,"2016/06/19 07:45:00",CLUNY,14.018490,"2016/06/19 07:40:05"
D,METER_DATA,GEN_DUID,1,"2016/06/19 07:45:00",CNUNDAWF,4.004672,"2016/06/19 07:40:05"
D,METER_DATA,GEN_DUID,1,"2016/06/19 07:45:00",CULLRGWF,15.98,"2016/06/19 07:40:05"
D,METER_DATA,GEN_DUID,1,"2016/06/19 07:45:00",ERGT01,0,"2016/06/19 07:40:05"
D,METER_DATA,GEN_DUID,1,"2016/06/19 07:45:00",GB01,0.140652,"2016/06/19 07:40:05"
D,METER_DATA,GEN_DUID,1,"2016/06/19 07:45:00",GEORGTN1,0,"2016/06/19 07:40:05"
D,METER_DATA,GEN_DUID,1,"2016/06/19 07:45:00",GEORGTN2,0,"2016/06/19 07:40:05"
D,METER_DATA,GEN_DUID,1,"2016/06/19 07:45:00",GERMCRK,38.599998,"2016/06/19 07:40:05"
D,METER_DATA,GEN_DUID,1,"2016/06/19 07:45:00",INVICTA,17.700001,"2016/06/19 07:40:05"
D,METER_DATA,GEN_DUID,1,"2016/06/19 07:45:00",LKBONNY1,5.983727,"2016/06/19 07:40:05"
D,METER_DATA,GEN_DUID,1,"2016/06/19 07:45:00",MBAHNTH,59.531254,"2016/06/19 07:40:05"
D,METER_DATA,GEN_DUID,1,"2016/06/19 07:45:00",MEADOWB2,0,"2016/06/19 07:40:05"
D,METER_DATA,GEN_DUID,1,"2016/06/19 07:45:00",MLWF1,2.70,"2016/06/19 07:40:05"
D,METER_DATA,GEN_DUID,1,"2016/06/19 07:45:00",MTMILLAR,11.281028,"2016/06/19 07:40:05"
D,METER_DATA,GEN_DUID,1,"2016/06/19 07:45:00",PALOONA,21.84,"2016/06/19 07:40:05"
D,METER_DATA,GEN_DUID,1,"2016/06/19 07:45:00",PORTLAT1,0,"2016/06/19 07:40:05"
D,METER_DATA,GEN_DUID,1,"2016/06/19 07:45:00",PORTWF,0.50,"2016/06/19 07:40:05"
D,METER_DATA,GEN_DUID,1,"2016/06/19 07:45:00",QUERIVE1,-0.15,"2016/06/19 07:40:05"
D,METER_DATA,GEN_DUID,1,"2016/06/19 07:45:00",REPULSE,26.600779,"2016/06/19 07:40:05"
D,METER_DATA,GEN_DUID,1,"2016/06/19 07:45:00",ROWALLAN,10.195601,"2016/06/19 07:40:05"
D,METER_DATA,GEN_DUID,1,"2016/06/19 07:45:00",ROYALLA1,0,"2016/06/19 07:40:05"
D,METER_DATA,GEN_DUID,1,"2016/06/19 07:45:00",RPCG,-0.20,"2016/06/19 07:40:05"
D,METER_DATA,GEN_DUID,1,"2016/06/19 07:45:00",RUBICON,0,"2016/06/19 07:40:05"
D,METER_DATA,GEN_DUID,1,"2016/06/19 07:45:00",STARHLWF,7.397843,"2016/06/19 07:40:05"
D,METER_DATA,GEN_DUID,1,"2016/06/19 07:45:00",WAUBRAWF,0,"2016/06/19 07:40:05"
D,METER_DATA,GEN_DUID,1,"2016/06/19 07:45:00",WOOLNTH1,42.670017,"2016/06/19 07:40:05"
D,METER_DATA,GEN_DUID,1,"2016/06/19 07:45:00",WPWF,9,"2016/06/19 07:40:05"
D,METER_DATA,GEN_DUID,1,"2016/06/19 07:45:00",YAMBUKWF,-0.20,"2016/06/19 07:40:05"
D,METER_DATA,GEN_DUID,1,"2016/06/19 07:50:00",BBDISEL1,0,"2016/06/19 07:45:05"
D,METER_DATA,GEN_DUID,1,"2016/06/19 07:50:00",BUTLERSG,7.799998,"2016/06/19 07:45:05"
D,METER_DATA,GEN_DUID,1,"2016/06/19 07:50:00",CALL_A_4,0,"2016/06/19 07:45:05"
D,METER_DATA,GEN_DUID,1,"2016/06/19 07:50:00",CAPTL_WF,29.487999,"2016/06/19 07:45:05"
D,METER_DATA,GEN_DUID,1,"2016/06/19 07:50:00",CATAGUN1,0,"2016/06/19 07:45:05"
D,METER_DATA,GEN_DUID,1,"2016/06/19 07:50:00",CATHROCK,2.43,"2016/06/19 07:45:05"
D,METER_DATA,GEN_DUID,1,"2016/06/19 07:50:00",CHALLHWF,5,"2016/06/19 07:45:05"
D,METER_DATA,GEN_DUID,1,"2016/06/19 07:50:00",CLOVER,-0.01,"2016/06/19 07:45:05"
D,METER_DATA,GEN_DUID,1,"2016/06/19 07:50:00",CLUNY,15.276011,"2016/06/19 07:45:05"
D,METER_DATA,GEN_DUID,1,"2016/06/19 07:50:00",CNUNDAWF,4.004672,"2016/06/19 07:45:05"
D,METER_DATA,GEN_DUID,1,"2016/06/19 07:50:00",CULLRGWF,16.40,"2016/06/19 07:45:05"
D,METER_DATA,GEN_DUID,1,"2016/06/19 07:50:00",ERGT01,0,"2016/06/19 07:45:05"
D,METER_DATA,GEN_DUID,1,"2016/06/19 07:50:00",GB01,0.140652,"2016/06/19 07:45:05"
D,METER_DATA,GEN_DUID,1,"2016/06/19 07:50:00",GEORGTN1,0,"2016/06/19 07:45:05"
D,METER_DATA,GEN_DUID,1,"2016/06/19 07:50:00",GEORGTN2,0,"2016/06/19 07:45:05"
D,METER_DATA,GEN_DUID,1,"2016/06/19 07:50:00",GERMCRK,40.200001,"2016/06/19 07:45:05"
D,METER_DATA,GEN_DUID,1,"2016/06/19 07:50:00",INVICTA,16.6250,"2016/06/19 07:45:05"
D,METER_DATA,GEN_DUID,1,"2016/06/19 07:50:00",LKBONNY1,5.537180,"2016/06/19 07:45:05"
D,METER_DATA,GEN_DUID,1,"2016/06/19 07:50:00",MBAHNTH,59.531254,"2016/06/19 07:45:05"
D,METER_DATA,GEN_DUID,1,"2016/06/19 07:50:00",MEADOWB2,0,"2016/06/19 07:45:05"
D,METER_DATA,GEN_DUID,1,"2016/06/19 07:50:00",MLWF1,2.49,"2016/06/19 07:45:05"
D,METER_DATA,GEN_DUID,1,"2016/06/19 07:50:00",MTMILLAR,10.968493,"2016/06/19 07:45:05"
D,METER_DATA,GEN_DUID,1,"2016/06/19 07:50:00",PALOONA,21.84,"2016/06/19 07:45:05"
D,METER_DATA,GEN_DUID,1,"2016/06/19 07:50:00",PORTLAT1,0,"2016/06/19 07:45:05"
D,METER_DATA,GEN_DUID,1,"2016/06/19 07:50:00",PORTWF,1,"2016/06/19 07:45:05"
D,METER_DATA,GEN_DUID,1,"2016/06/19 07:50:00",QUERIVE1,-0.14,"2016/06/19 07:45:05"
D,METER_DATA,GEN_DUID,1,"2016/06/19 07:50:00",REPULSE,28.125179,"2016/06/19 07:45:05"
D,METER_DATA,GEN_DUID,1,"2016/06/19 07:50:00",ROWALLAN,10.0536,"2016/06/19 07:45:05"
D,METER_DATA,GEN_DUID,1,"2016/06/19 07:50:00",ROYALLA1,0,"2016/06/19 07:45:05"
D,METER_DATA,GEN_DUID,1,"2016/06/19 07:50:00",RPCG,-0.20,"2016/06/19 07:45:05"
D,METER_DATA,GEN_DUID,1,"2016/06/19 07:50:00",RUBICON,0,"2016/06/19 07:45:05"
D,METER_DATA,GEN_DUID,1,"2016/06/19 07:50:00",STARHLWF,5.598368,"2016/06/19 07:45:05"
D,METER_DATA,GEN_DUID,1,"2016/06/19 07:50:00",WAUBRAWF,0,"2016/06/19 07:45:05"
D,METER_DATA,GEN_DUID,1,"2016/06/19 07:50:00",WOOLNTH1,40.520020,"2016/06/19 07:45:05"
D,METER_DATA,GEN_DUID,1,"2016/06/19 07:50:00",WPWF,9,"2016/06/19 07:45:05"
D,METER_DATA,GEN_DUID,1,"2016/06/19 07:50:00",YAMBUKWF,-0.20,"2016/06/19 07:45:05"
D,METER_DATA,GEN_DUID,1,"2016/06/19 07:55:00",BBDISEL1,0,"2016/06/19 07:50:05"
D,METER_DATA,GEN_DUID,1,"2016/06/19 07:55:00",BUTLERSG,7.799998,"2016/06/19 07:50:05"
D,METER_DATA,GEN_DUID,1,"2016/06/19 07:55:00",CALL_A_4,0,"2016/06/19 07:50:05"
D,METER_DATA,GEN_DUID,1,"2016/06/19 07:55:00",CAPTL_WF,27.920006,"2016/06/19 07:50:05"
D,METER_DATA,GEN_DUID,1,"2016/06/19 07:55:00",CATAGUN1,0,"2016/06/19 07:50:05"
D,METER_DATA,GEN_DUID,1,"2016/06/19 07:55:00",CATHROCK,1.96,"2016/06/19 07:50:05"
D,METER_DATA,GEN_DUID,1,"2016/06/19 07:55:00",CHALLHWF,5.90,"2016/06/19 07:50:05"
D,METER_DATA,GEN_DUID,1,"2016/06/19 07:55:00",CLOVER,-0.01,"2016/06/19 07:50:05"
D,METER_DATA,GEN_DUID,1,"2016/06/19 07:55:00",CLUNY,15.090240,"2016/06/19 07:50:05"
D,METER_DATA,GEN_DUID,1,"2016/06/19 07:55:00",CNUNDAWF,3.604205,"2016/06/19 07:50:05"
D,METER_DATA,GEN_DUID,1,"2016/06/19 07:55:00",CULLRGWF,15.74,"2016/06/19 07:50:05"
D,METER_DATA,GEN_DUID,1,"2016/06/19 07:55:00",ERGT01,0,"2016/06/19 07:50:05"
D,METER_DATA,GEN_DUID,1,"2016/06/19 07:55:00",GB01,0.140652,"2016/06/19 07:50:05"
D,METER_DATA,GEN_DUID,1,"2016/06/19 07:55:00",GEORGTN1,0,"2016/06/19 07:50:05"
D,METER_DATA,GEN_DUID,1,"2016/06/19 07:55:00",GEORGTN2,0,"2016/06/19 07:50:05"
D,METER_DATA,GEN_DUID,1,"2016/06/19 07:55:00",GERMCRK,40.50,"2016/06/19 07:50:05"
D,METER_DATA,GEN_DUID,1,"2016/06/19 07:55:00",INVICTA,16.7250,"2016/06/19 07:50:05"
D,METER_DATA,GEN_DUID,1,"2016/06/19 07:55:00",LKBONNY1,5.269252,"2016/06/19 07:50:05"
D,METER_DATA,GEN_DUID,1,"2016/06/19 07:55:00",MBAHNTH,59.531254,"2016/06/19 07:50:05"
D,METER_DATA,GEN_DUID,1,"2016/06/19 07:55:00",MEADOWB2,0,"2016/06/19 07:50:05"
D,METER_DATA,GEN_DUID,1,"2016/06/19 07:55:00",MLWF1,2.91,"2016/06/19 07:50:05"
D,METER_DATA,GEN_DUID,1,"2016/06/19 07:55:00",MTMILLAR,11.891215,"2016/06/19 07:50:05"
D,METER_DATA,GEN_DUID,1,"2016/06/19 07:55:00",PALOONA,21.84,"2016/06/19 07:50:05"
D,METER_DATA,GEN_DUID,1,"2016/06/19 07:55:00",PORTLAT1,0,"2016/06/19 07:50:05"
D,METER_DATA,GEN_DUID,1,"2016/06/19 07:55:00",PORTWF,1,"2016/06/19 07:50:05"
D,METER_DATA,GEN_DUID,1,"2016/06/19 07:55:00",QUERIVE1,-0.14,"2016/06/19 07:50:05"
D,METER_DATA,GEN_DUID,1,"2016/06/19 07:55:00",REPULSE,27.610695,"2016/06/19 07:50:05"
D,METER_DATA,GEN_DUID,1,"2016/06/19 07:55:00",ROWALLAN,10.2098,"2016/06/19 07:50:05"
D,METER_DATA,GEN_DUID,1,"2016/06/19 07:55:00",ROYALLA1,0,"2016/06/19 07:50:05"
D,METER_DATA,GEN_DUID,1,"2016/06/19 07:55:00",RPCG,-0.20,"2016/06/19 07:50:05"
D,METER_DATA,GEN_DUID,1,"2016/06/19 07:55:00",RUBICON,0,"2016/06/19 07:50:05"
D,METER_DATA,GEN_DUID,1,"2016/06/19 07:55:00",STARHLWF,4.698630,"2016/06/19 07:50:05"
D,METER_DATA,GEN_DUID,1,"2016/06/19 07:55:00",WAUBRAWF,0,"2016/06/19 07:50:05"
D,METER_DATA,GEN_DUID,1,"2016/06/19 07:55:00",WOOLNTH1,45.220016,"2016/06/19 07:50:05"
D,METER_DATA,GEN_DUID,1,"2016/06/19 07:55:00",WPWF,8,"2016/06/19 07:50:05"
D,METER_DATA,GEN_DUID,1,"2016/06/19 07:55:00",YAMBUKWF,-0.30,"2016/06/19 07:50:05"
D,METER_DATA,GEN_DUID,1,"2016/06/19 08:00:00",BBDISEL1,0,"2016/06/19 07:55:04"
D,METER_DATA,GEN_DUID,1,"2016/06/19 08:00:00",BUTLERSG,7.799998,"2016/06/19 07:55:04"
D,METER_DATA,GEN_DUID,1,"2016/06/19 08:00:00",CALL_A_4,0,"2016/06/19 07:55:04"
D,METER_DATA,GEN_DUID,1,"2016/06/19 08:00:00",CAPTL_WF,26.412003,"2016/06/19 07:55:04"
D,METER_DATA,GEN_DUID,1,"2016/06/19 08:00:00",CATAGUN1,0,"2016/06/19 07:55:04"
D,METER_DATA,GEN_DUID,1,"2016/06/19 08:00:00",CATHROCK,1.85,"2016/06/19 07:55:04"
D,METER_DATA,GEN_DUID,1,"2016/06/19 08:00:00",CHALLHWF,6.40,"2016/06/19 07:55:04"
D,METER_DATA,GEN_DUID,1,"2016/06/19 08:00:00",CLOVER,-0.01,"2016/06/19 07:55:04"
D,METER_DATA,GEN_DUID,1,"2016/06/19 08:00:00",CLUNY,14.747280,"2016/06/19 07:55:04"
D,METER_DATA,GEN_DUID,1,"2016/06/19 08:00:00",CNUNDAWF,4.004672,"2016/06/19 07:55:04"
D,METER_DATA,GEN_DUID,1,"2016/06/19 08:00:00",CULLRGWF,18.219999,"2016/06/19 07:55:04"
D,METER_DATA,GEN_DUID,1,"2016/06/19 08:00:00",ERGT01,0,"2016/06/19 07:55:04"
D,METER_DATA,GEN_DUID,1,"2016/06/19 08:00:00",GB01,0.140652,"2016/06/19 07:55:04"
D,METER_DATA,GEN_DUID,1,"2016/06/19 08:00:00",GEORGTN1,0,"2016/06/19 07:55:04"
D,METER_DATA,GEN_DUID,1,"2016/06/19 08:00:00",GEORGTN2,0,"2016/06/19 07:55:04"
D,METER_DATA,GEN_DUID,1,"2016/06/19 08:00:00",GERMCRK,40.400002,"2016/06/19 07:55:04"
D,METER_DATA,GEN_DUID,1,"2016/06/19 08:00:00",INVICTA,15.400001,"2016/06/19 07:55:04"
D,METER_DATA,GEN_DUID,1,"2016/06/19 08:00:00",LKBONNY1,4.465468,"2016/06/19 07:55:04"
D,METER_DATA,GEN_DUID,1,"2016/06/19 08:00:00",MBAHNTH,59.531254,"2016/06/19 07:55:04"
D,METER_DATA,GEN_DUID,1,"2016/06/19 08:00:00",MEADOWB2,0,"2016/06/19 07:55:04"
D,METER_DATA,GEN_DUID,1,"2016/06/19 08:00:00",MLWF1,3.0150,"2016/06/19 07:55:04"
D,METER_DATA,GEN_DUID,1,"2016/06/19 08:00:00",MTMILLAR,11.943305,"2016/06/19 07:55:04"
D,METER_DATA,GEN_DUID,1,"2016/06/19 08:00:00",PALOONA,21.84,"2016/06/19 07:55:04"
D,METER_DATA,GEN_DUID,1,"2016/06/19 08:00:00",PORTLAT1,0,"2016/06/19 07:55:04"
D,METER_DATA,GEN_DUID,1,"2016/06/19 08:00:00",PORTWF,1.90,"2016/06/19 07:55:04"
D,METER_DATA,GEN_DUID,1,"2016/06/19 08:00:00",QUERIVE1,-0.14,"2016/06/19 07:55:04"
D,METER_DATA,GEN_DUID,1,"2016/06/19 08:00:00",REPULSE,28.239510,"2016/06/19 07:55:04"
D,METER_DATA,GEN_DUID,1,"2016/06/19 08:00:00",ROWALLAN,10.0252,"2016/06/19 07:55:04"
D,METER_DATA,GEN_DUID,1,"2016/06/19 08:00:00",ROYALLA1,0,"2016/06/19 07:55:04"
D,METER_DATA,GEN_DUID,1,"2016/06/19 08:00:00",RPCG,-0.20,"2016/06/19 07:55:04"
D,METER_DATA,GEN_DUID,1,"2016/06/19 08:00:00",RUBICON,0,"2016/06/19 07:55:04"
D,METER_DATA,GEN_DUID,1,"2016/06/19 08:00:00",STARHLWF,4.198776,"2016/06/19 07:55:04"
D,METER_DATA,GEN_DUID,1,"2016/06/19 08:00:00",WAUBRAWF,0,"2016/06/19 07:55:04"
D,METER_DATA,GEN_DUID,1,"2016/06/19 08:00:00",WOOLNTH1,45.060017,"2016/06/19 07:55:04"
D,METER_DATA,GEN_DUID,1,"2016/06/19 08:00:00",WPWF,8,"2016/06/19 07:55:04"
D,METER_DATA,GEN_DUID,1,"2016/06/19 08:00:00",YAMBUKWF,-0.20,"2016/06/19 07:55:04"
D,METER_DATA,GEN_DUID,1,"2016/06/19 08:05:00",BBDISEL1,0,"2016/06/19 08:00:04"
D,METER_DATA,GEN_DUID,1,"2016/06/19 08:05:00",BUTLERSG,7.799998,"2016/06/19 08:00:04"
D,METER_DATA,GEN_DUID,1,"2016/06/19 08:05:00",CALL_A_4,0,"2016/06/19 08:00:04"
D,METER_DATA,GEN_DUID,1,"2016/06/19 08:05:00",CAPTL_WF,29.159996,"2016/06/19 08:00:04"
D,METER_DATA,GEN_DUID,1,"2016/06/19 08:05:00",CATAGUN1,0,"2016/06/19 08:00:04"
D,METER_DATA,GEN_DUID,1,"2016/06/19 08:05:00",CATHROCK,2.80,"2016/06/19 08:00:04"
D,METER_DATA,GEN_DUID,1,"2016/06/19 08:05:00",CHALLHWF,6.30,"2016/06/19 08:00:04"
D,METER_DATA,GEN_DUID,1,"2016/06/19 08:05:00",CLOVER,-0.01,"2016/06/19 08:00:04"
D,METER_DATA,GEN_DUID,1,"2016/06/19 08:05:00",CLUNY,14.732990,"2016/06/19 08:00:04"
D,METER_DATA,GEN_DUID,1,"2016/06/19 08:05:00",CNUNDAWF,3.804438,"2016/06/19 08:00:04"
D,METER_DATA,GEN_DUID,1,"2016/06/19 08:05:00",CULLRGWF,19.280001,"2016/06/19 08:00:04"
D,METER_DATA,GEN_DUID,1,"2016/06/19 08:05:00",ERGT01,0,"2016/06/19 08:00:04"
D,METER_DATA,GEN_DUID,1,"2016/06/19 08:05:00",GB01,0.140652,"2016/06/19 08:00:04"
D,METER_DATA,GEN_DUID,1,"2016/06/19 08:05:00",GEORGTN1,0,"2016/06/19 08:00:04"
D,METER_DATA,GEN_DUID,1,"2016/06/19 08:05:00",GEORGTN2,0,"2016/06/19 08:00:04"
D,METER_DATA,GEN_DUID,1,"2016/06/19 08:05:00",GERMCRK,35.700001,"2016/06/19 08:00:04"
D,METER_DATA,GEN_DUID,1,"2016/06/19 08:05:00",INVICTA,13.1250,"2016/06/19 08:00:04"
D,METER_DATA,GEN_DUID,1,"2016/06/19 08:05:00",LKBONNY1,4.465468,"2016/06/19 08:00:04"
D,METER_DATA,GEN_DUID,1,"2016/06/19 08:05:00",MBAHNTH,59.531254,"2016/06/19 08:00:04"
D,METER_DATA,GEN_DUID,1,"2016/06/19 08:05:00",MEADOWB2,0,"2016/06/19 08:00:04"
D,METER_DATA,GEN_DUID,1,"2016/06/19 08:05:00",MLWF1,3.33,"2016/06/19 08:00:04"
D,METER_DATA,GEN_DUID,1,"2016/06/19 08:05:00",MTMILLAR,12.144220,"2016/06/19 08:00:04"
D,METER_DATA,GEN_DUID,1,"2016/06/19 08:05:00",PALOONA,21.84,"2016/06/19 08:00:04"
D,METER_DATA,GEN_DUID,1,"2016/06/19 08:05:00",PORTLAT1,0,"2016/06/19 08:00:04"
D,METER_DATA,GEN_DUID,1,"2016/06/19 08:05:00",PORTWF,2.20,"2016/06/19 08:00:04"
D,METER_DATA,GEN_DUID,1,"2016/06/19 08:05:00",QUERIVE1,-0.14,"2016/06/19 08:00:04"
D,METER_DATA,GEN_DUID,1,"2016/06/19 08:05:00",REPULSE,28.201399,"2016/06/19 08:00:04"
D,METER_DATA,GEN_DUID,1,"2016/06/19 08:05:00",ROWALLAN,9.9755,"2016/06/19 08:00:04"
D,METER_DATA,GEN_DUID,1,"2016/06/19 08:05:00",ROYALLA1,0,"2016/06/19 08:00:04"
D,METER_DATA,GEN_DUID,1,"2016/06/19 08:05:00",RPCG,-0.20,"2016/06/19 08:00:04"
D,METER_DATA,GEN_DUID,1,"2016/06/19 08:05:00",RUBICON,0,"2016/06/19 08:00:04"
D,METER_DATA,GEN_DUID,1,"2016/06/19 08:05:00",STARHLWF,3.898863,"2016/06/19 08:00:04"
D,METER_DATA,GEN_DUID,1,"2016/06/19 08:05:00",WAUBRAWF,0,"2016/06/19 08:00:04"
D,METER_DATA,GEN_DUID,1,"2016/06/19 08:05:00",WOOLNTH1,49.000015,"2016/06/19 08:00:04"
D,METER_DATA,GEN_DUID,1,"2016/06/19 08:05:00",WPWF,6,"2016/06/19 08:00:04"
D,METER_DATA,GEN_DUID,1,"2016/06/19 08:05:00",YAMBUKWF,-0.30,"2016/06/19 08:00:04"
D,METER_DATA,GEN_DUID,1,"2016/06/19 08:10:00",BBDISEL1,0,"2016/06/19 08:05:04"
D,METER_DATA,GEN_DUID,1,"2016/06/19 08:10:00",BUTLERSG,7.799998,"2016/06/19 08:05:04"
D,METER_DATA,GEN_DUID,1,"2016/06/19 08:10:00",CALL_A_4,0,"2016/06/19 08:05:04"
D,METER_DATA,GEN_DUID,1,"2016/06/19 08:10:00",CAPTL_WF,32.772003,"2016/06/19 08:05:04"
D,METER_DATA,GEN_DUID,1,"2016/06/19 08:10:00",CATAGUN1,0,"2016/06/19 08:05:04"
D,METER_DATA,GEN_DUID,1,"2016/06/19 08:10:00",CATHROCK,1.95,"2016/06/19 08:05:04"
D,METER_DATA,GEN_DUID,1,"2016/06/19 08:10:00",CHALLHWF,6.60,"2016/06/19 08:05:04"
D,METER_DATA,GEN_DUID,1,"2016/06/19 08:10:00",CLOVER,-0.01,"2016/06/19 08:05:04"
D,METER_DATA,GEN_DUID,1,"2016/06/19 08:10:00",CLUNY,15.261721,"2016/06/19 08:05:04"
D,METER_DATA,GEN_DUID,1,"2016/06/19 08:10:00",CNUNDAWF,3.804438,"2016/06/19 08:05:04"
D,METER_DATA,GEN_DUID,1,"2016/06/19 08:10:00",CULLRGWF,21.450001,"2016/06/19 08:05:04"
D,METER_DATA,GEN_DUID,1,"2016/06/19 08:10:00",ERGT01,0,"2016/06/19 08:05:04"
D,METER_DATA,GEN_DUID,1,"2016/06/19 08:10:00",GB01,0.140652,"2016/06/19 08:05:04"
D,METER_DATA,GEN_DUID,1,"2016/06/19 08:10:00",GEORGTN1,0,"2016/06/19 08:05:04"
D,METER_DATA,GEN_DUID,1,"2016/06/19 08:10:00",GEORGTN2,0,"2016/06/19 08:05:04"
D,METER_DATA,GEN_DUID,1,"2016/06/19 08:10:00",GERMCRK,35.700001,"2016/06/19 08:05:04"
D,METER_DATA,GEN_DUID,1,"2016/06/19 08:10:00",INVICTA,13.1250,"2016/06/19 08:05:04"
D,METER_DATA,GEN_DUID,1,"2016/06/19 08:10:00",LKBONNY1,3.840303,"2016/06/19 08:05:04"
D,METER_DATA,GEN_DUID,1,"2016/06/19 08:10:00",MBAHNTH,59.531254,"2016/06/19 08:05:04"
D,METER_DATA,GEN_DUID,1,"2016/06/19 08:10:00",MEADOWB2,0,"2016/06/19 08:05:04"
D,METER_DATA,GEN_DUID,1,"2016/06/19 08:10:00",MLWF1,3.2250,"2016/06/19 08:05:04"
D,METER_DATA,GEN_DUID,1,"2016/06/19 08:10:00",MTMILLAR,12.159102,"2016/06/19 08:05:04"
D,METER_DATA,GEN_DUID,1,"2016/06/19 08:10:00",PALOONA,21.84,"2016/06/19 08:05:04"
D,METER_DATA,GEN_DUID,1,"2016/06/19 08:10:00",PORTLAT1,0,"2016/06/19 08:05:04"
D,METER_DATA,GEN_DUID,1,"2016/06/19 08:10:00",PORTWF,1.60,"2016/06/19 08:05:04"
D,METER_DATA,GEN_DUID,1,"2016/06/19 08:10:00",QUERIVE1,-0.15,"2016/06/19 08:05:04"
D,METER_DATA,GEN_DUID,1,"2016/06/19 08:10:00",REPULSE,28.144234,"2016/06/19 08:05:04"
D,METER_DATA,GEN_DUID,1,"2016/06/19 08:10:00",ROWALLAN,10.1530,"2016/06/19 08:05:04"
D,METER_DATA,GEN_DUID,1,"2016/06/19 08:10:00",ROYALLA1,0,"2016/06/19 08:05:04"
D,METER_DATA,GEN_DUID,1,"2016/06/19 08:10:00",RPCG,-0.20,"2016/06/19 08:05:04"
D,METER_DATA,GEN_DUID,1,"2016/06/19 08:10:00",RUBICON,0,"2016/06/19 08:05:04"
D,METER_DATA,GEN_DUID,1,"2016/06/19 08:10:00",STARHLWF,3.898863,"2016/06/19 08:05:04"
D,METER_DATA,GEN_DUID,1,"2016/06/19 08:10:00",WAUBRAWF,0,"2016/06/19 08:05:04"
D,METER_DATA,GEN_DUID,1,"2016/06/19 08:10:00",WOOLNTH1,48.150017,"2016/06/19 08:05:04"
D,METER_DATA,GEN_DUID,1,"2016/06/19 08:10:00",WPWF,7,"2016/06/19 08:05:04"
D,METER_DATA,GEN_DUID,1,"2016/06/19 08:10:00",YAMBUKWF,-0.30,"2016/06/19 08:05:04"
D,METER_DATA,GEN_DUID,1,"2016/06/19 08:15:00",BBDISEL1,0,"2016/06/19 08:10:04"
D,METER_DATA,GEN_DUID,1,"2016/06/19 08:15:00",BUTLERSG,7.699998,"2016/06/19 08:10:04"
D,METER_DATA,GEN_DUID,1,"2016/06/19 08:15:00",CALL_A_4,0,"2016/06/19 08:10:04"
D,METER_DATA,GEN_DUID,1,"2016/06/19 08:15:00",CAPTL_WF,33.287994,"2016/06/19 08:10:04"
D,METER_DATA,GEN_DUID,1,"2016/06/19 08:15:00",CATAGUN1,0,"2016/06/19 08:10:04"
D,METER_DATA,GEN_DUID,1,"2016/06/19 08:15:00",CATHROCK,1.97,"2016/06/19 08:10:04"
D,METER_DATA,GEN_DUID,1,"2016/06/19 08:15:00",CHALLHWF,6.40,"2016/06/19 08:10:04"
D,METER_DATA,GEN_DUID,1,"2016/06/19 08:15:00",CLOVER,21.60,"2016/06/19 08:10:04"
D,METER_DATA,GEN_DUID,1,"2016/06/19 08:15:00",CLUNY,14.632960,"2016/06/19 08:10:04"
D,METER_DATA,GEN_DUID,1,"2016/06/19 08:15:00",CNUNDAWF,3.804438,"2016/06/19 08:10:04"
D,METER_DATA,GEN_DUID,1,"2016/06/19 08:15:00",CULLRGWF,20.99,"2016/06/19 08:10:04"
D,METER_DATA,GEN_DUID,1,"2016/06/19 08:15:00",ERGT01,0,"2016/06/19 08:10:04"
D,METER_DATA,GEN_DUID,1,"2016/06/19 08:15:00",GB01,0.140652,"2016/06/19 08:10:04"
D,METER_DATA,GEN_DUID,1,"2016/06/19 08:15:00",GEORGTN1,0,"2016/06/19 08:10:04"
D,METER_DATA,GEN_DUID,1,"2016/06/19 08:15:00",GEORGTN2,0,"2016/06/19 08:10:04"
D,METER_DATA,GEN_DUID,1,"2016/06/19 08:15:00",GERMCRK,35.700001,"2016/06/19 08:10:04"
D,METER_DATA,GEN_DUID,1,"2016/06/19 08:15:00",INVICTA,11.525001,"2016/06/19 08:10:04"
D,METER_DATA,GEN_DUID,1,"2016/06/19 08:15:00",LKBONNY1,3.929612,"2016/06/19 08:10:04"
D,METER_DATA,GEN_DUID,1,"2016/06/19 08:15:00",MBAHNTH,59.531254,"2016/06/19 08:10:04"
D,METER_DATA,GEN_DUID,1,"2016/06/19 08:15:00",MEADOWB2,0,"2016/06/19 08:10:04"
D,METER_DATA,GEN_DUID,1,"2016/06/19 08:15:00",MLWF1,2.70,"2016/06/19 08:10:04"
D,METER_DATA,GEN_DUID,1,"2016/06/19 08:15:00",MTMILLAR,11.437296,"2016/06/19 08:10:04"
D,METER_DATA,GEN_DUID,1,"2016/06/19 08:15:00",PALOONA,21.84,"2016/06/19 08:10:04"
D,METER_DATA,GEN_DUID,1,"2016/06/19 08:15:00",PORTLAT1,0,"2016/06/19 08:10:04"
D,METER_DATA,GEN_DUID,1,"2016/06/19 08:15:00",PORTWF,0.90,"2016/06/19 08:10:04"
D,METER_DATA,GEN_DUID,1,"2016/06/19 08:15:00",QUERIVE1,-0.14,"2016/06/19 08:10:04"
D,METER_DATA,GEN_DUID,1,"2016/06/19 08:15:00",REPULSE,27.667860,"2016/06/19 08:10:04"
D,METER_DATA,GEN_DUID,1,"2016/06/19 08:15:00",ROWALLAN,9.9826,"2016/06/19 08:10:04"
D,METER_DATA,GEN_DUID,1,"2016/06/19 08:15:00",ROYALLA1,0,"2016/06/19 08:10:04"
D,METER_DATA,GEN_DUID,1,"2016/06/19 08:15:00",RPCG,-0.20,"2016/06/19 08:10:04"
D,METER_DATA,GEN_DUID,1,"2016/06/19 08:15:00",RUBICON,0,"2016/06/19 08:10:04"
D,METER_DATA,GEN_DUID,1,"2016/06/19 08:15:00",STARHLWF,3.498980,"2016/06/19 08:10:04"
D,METER_DATA,GEN_DUID,1,"2016/06/19 08:15:00",WAUBRAWF,0,"2016/06/19 08:10:04"
D,METER_DATA,GEN_DUID,1,"2016/06/19 08:15:00",WOOLNTH1,46.910015,"2016/06/19 08:10:04"
D,METER_DATA,GEN_DUID,1,"2016/06/19 08:15:00",WPWF,7,"2016/06/19 08:10:04"
D,METER_DATA,GEN_DUID,1,"2016/06/19 08:15:00",YAMBUKWF,-0.30,"2016/06/19 08:10:04"
D,METER_DATA,GEN_DUID,1,"2016/06/19 08:20:00",BBDISEL1,0,"2016/06/19 08:15:05"
D,METER_DATA,GEN_DUID,1,"2016/06/19 08:20:00",BUTLERSG,7.799998,"2016/06/19 08:15:05"
D,METER_DATA,GEN_DUID,1,"2016/06/19 08:20:00",CALL_A_4,0,"2016/06/19 08:15:05"
D,METER_DATA,GEN_DUID,1,"2016/06/19 08:20:00",CAPTL_WF,32.367996,"2016/06/19 08:15:05"
D,METER_DATA,GEN_DUID,1,"2016/06/19 08:20:00",CATAGUN1,0,"2016/06/19 08:15:05"
D,METER_DATA,GEN_DUID,1,"2016/06/19 08:20:00",CATHROCK,2.70,"2016/06/19 08:15:05"
D,METER_DATA,GEN_DUID,1,"2016/06/19 08:20:00",CHALLHWF,6.40,"2016/06/19 08:15:05"
D,METER_DATA,GEN_DUID,1,"2016/06/19 08:20:00",CLOVER,25.529999,"2016/06/19 08:15:05"
D,METER_DATA,GEN_DUID,1,"2016/06/19 08:20:00",CLUNY,14.618670,"2016/06/19 08:15:05"
D,METER_DATA,GEN_DUID,1,"2016/06/19 08:20:00",CNUNDAWF,4.204905,"2016/06/19 08:15:05"
D,METER_DATA,GEN_DUID,1,"2016/06/19 08:20:00",CULLRGWF,20.75,"2016/06/19 08:15:05"
D,METER_DATA,GEN_DUID,1,"2016/06/19 08:20:00",ERGT01,0,"2016/06/19 08:15:05"
D,METER_DATA,GEN_DUID,1,"2016/06/19 08:20:00",GB01,0.140652,"2016/06/19 08:15:05"
D,METER_DATA,GEN_DUID,1,"2016/06/19 08:20:00",GEORGTN1,0,"2016/06/19 08:15:05"
D,METER_DATA,GEN_DUID,1,"2016/06/19 08:20:00",GEORGTN2,0,"2016/06/19 08:15:05"
D,METER_DATA,GEN_DUID,1,"2016/06/19 08:20:00",GERMCRK,35.900002,"2016/06/19 08:15:05"
D,METER_DATA,GEN_DUID,1,"2016/06/19 08:20:00",INVICTA,11.525001,"2016/06/19 08:15:05"
D,METER_DATA,GEN_DUID,1,"2016/06/19 08:20:00",LKBONNY1,3.840303,"2016/06/19 08:15:05"
D,METER_DATA,GEN_DUID,1,"2016/06/19 08:20:00",MBAHNTH,59.531254,"2016/06/19 08:15:05"
D,METER_DATA,GEN_DUID,1,"2016/06/19 08:20:00",MEADOWB2,0,"2016/06/19 08:15:05"
D,METER_DATA,GEN_DUID,1,"2016/06/19 08:20:00",MLWF1,3.0150,"2016/06/19 08:15:05"
D,METER_DATA,GEN_DUID,1,"2016/06/19 08:20:00",MTMILLAR,10.529456,"2016/06/19 08:15:05"
D,METER_DATA,GEN_DUID,1,"2016/06/19 08:20:00",PALOONA,21.84,"2016/06/19 08:15:05"
D,METER_DATA,GEN_DUID,1,"2016/06/19 08:20:00",PORTLAT1,0,"2016/06/19 08:15:05"
D,METER_DATA,GEN_DUID,1,"2016/06/19 08:20:00",PORTWF,0,"2016/06/19 08:15:05"
D,METER_DATA,GEN_DUID,1,"2016/06/19 08:20:00",QUERIVE1,-0.14,"2016/06/19 08:15:05"
D,METER_DATA,GEN_DUID,1,"2016/06/19 08:20:00",REPULSE,27.896519,"2016/06/19 08:15:05"
D,METER_DATA,GEN_DUID,1,"2016/06/19 08:20:00",ROWALLAN,9.8335,"2016/06/19 08:15:05"
D,METER_DATA,GEN_DUID,1,"2016/06/19 08:20:00",ROYALLA1,0,"2016/06/19 08:15:05"
D,METER_DATA,GEN_DUID,1,"2016/06/19 08:20:00",RPCG,-0.20,"2016/06/19 08:15:05"
D,METER_DATA,GEN_DUID,1,"2016/06/19 08:20:00",RUBICON,0,"2016/06/19 08:15:05"
D,METER_DATA,GEN_DUID,1,"2016/06/19 08:20:00",STARHLWF,3.598951,"2016/06/19 08:15:05"
D,METER_DATA,GEN_DUID,1,"2016/06/19 08:20:00",WAUBRAWF,0,"2016/06/19 08:15:05"
D,METER_DATA,GEN_DUID,1,"2016/06/19 08:20:00",WOOLNTH1,45.850014,"2016/06/19 08:15:05"
D,METER_DATA,GEN_DUID,1,"2016/06/19 08:20:00",WPWF,6,"2016/06/19 08:15:05"
D,METER_DATA,GEN_DUID,1,"2016/06/19 08:20:00",YAMBUKWF,-0.20,"2016/06/19 08:15:05"
D,METER_DATA,GEN_DUID,1,"2016/06/19 08:25:00",BBDISEL1,0,"2016/06/19 08:20:05"
D,METER_DATA,GEN_DUID,1,"2016/06/19 08:25:00",BUTLERSG,7.799998,"2016/06/19 08:20:05"
D,METER_DATA,GEN_DUID,1,"2016/06/19 08:25:00",CALL_A_4,0,"2016/06/19 08:20:05"
D,METER_DATA,GEN_DUID,1,"2016/06/19 08:25:00",CAPTL_WF,33.951996,"2016/06/19 08:20:05"
D,METER_DATA,GEN_DUID,1,"2016/06/19 08:25:00",CATAGUN1,0,"2016/06/19 08:20:05"
D,METER_DATA,GEN_DUID,1,"2016/06/19 08:25:00",CATHROCK,2.26,"2016/06/19 08:20:05"
D,METER_DATA,GEN_DUID,1,"2016/06/19 08:25:00",CHALLHWF,6.70,"2016/06/19 08:20:05"
D,METER_DATA,GEN_DUID,1,"2016/06/19 08:25:00",CLOVER,25.48,"2016/06/19 08:20:05"
D,METER_DATA,GEN_DUID,1,"2016/06/19 08:25:00",CLUNY,15.318880,"2016/06/19 08:20:05"
D,METER_DATA,GEN_DUID,1,"2016/06/19 08:25:00",CNUNDAWF,3.804438,"2016/06/19 08:20:05"
D,METER_DATA,GEN_DUID,1,"2016/06/19 08:25:00",CULLRGWF,21.26,"2016/06/19 08:20:05"
D,METER_DATA,GEN_DUID,1,"2016/06/19 08:25:00",ERGT01,0,"2016/06/19 08:20:05"
D,METER_DATA,GEN_DUID,1,"2016/06/19 08:25:00",GB01,0.144562,"2016/06/19 08:20:05"
D,METER_DATA,GEN_DUID,1,"2016/06/19 08:25:00",GEORGTN1,0,"2016/06/19 08:20:05"
D,METER_DATA,GEN_DUID,1,"2016/06/19 08:25:00",GEORGTN2,0,"2016/06/19 08:20:05"
D,METER_DATA,GEN_DUID,1,"2016/06/19 08:25:00",GERMCRK,36.200001,"2016/06/19 08:20:05"
D,METER_DATA,GEN_DUID,1,"2016/06/19 08:25:00",INVICTA,12.650001,"2016/06/19 08:20:05"
D,METER_DATA,GEN_DUID,1,"2016/06/19 08:25:00",LKBONNY1,3.215137,"2016/06/19 08:20:05"
D,METER_DATA,GEN_DUID,1,"2016/06/19 08:25:00",MBAHNTH,59.531254,"2016/06/19 08:20:05"
D,METER_DATA,GEN_DUID,1,"2016/06/19 08:25:00",MEADOWB2,0,"2016/06/19 08:20:05"
D,METER_DATA,GEN_DUID,1,"2016/06/19 08:25:00",MLWF1,3.7350,"2016/06/19 08:20:05"
D,METER_DATA,GEN_DUID,1,"2016/06/19 08:25:00",MTMILLAR,10.343423,"2016/06/19 08:20:05"
D,METER_DATA,GEN_DUID,1,"2016/06/19 08:25:00",PALOONA,21.84,"2016/06/19 08:20:05"
D,METER_DATA,GEN_DUID,1,"2016/06/19 08:25:00",PORTLAT1,0,"2016/06/19 08:20:05"
D,METER_DATA,GEN_DUID,1,"2016/06/19 08:25:00",PORTWF,0,"2016/06/19 08:20:05"
D,METER_DATA,GEN_DUID,1,"2016/06/19 08:25:00",QUERIVE1,-0.14,"2016/06/19 08:20:05"
D,METER_DATA,GEN_DUID,1,"2016/06/19 08:25:00",REPULSE,27.343924,"2016/06/19 08:20:05"
D,METER_DATA,GEN_DUID,1,"2016/06/19 08:25:00",ROWALLAN,10.0323,"2016/06/19 08:20:05"
D,METER_DATA,GEN_DUID,1,"2016/06/19 08:25:00",ROYALLA1,0,"2016/06/19 08:20:05"
D,METER_DATA,GEN_DUID,1,"2016/06/19 08:25:00",RPCG,-0.20,"2016/06/19 08:20:05"
D,METER_DATA,GEN_DUID,1,"2016/06/19 08:25:00",RUBICON,0,"2016/06/19 08:20:05"
D,METER_DATA,GEN_DUID,1,"2016/06/19 08:25:00",STARHLWF,3.099096,"2016/06/19 08:20:05"
D,METER_DATA,GEN_DUID,1,"2016/06/19 08:25:00",WAUBRAWF,0,"2016/06/19 08:20:05"
D,METER_DATA,GEN_DUID,1,"2016/06/19 08:25:00",WOOLNTH1,42.810017,"2016/06/19 08:20:05"
D,METER_DATA,GEN_DUID,1,"2016/06/19 08:25:00",WPWF,6,"2016/06/19 08:20:05"
D,METER_DATA,GEN_DUID,1,"2016/06/19 08:25:00",YAMBUKWF,-0.20,"2016/06/19 08:20:05"
D,METER_DATA,GEN_DUID,1,"2016/06/19 08:30:00",BBDISEL1,0,"2016/06/19 08:25:04"
D,METER_DATA,GEN_DUID,1,"2016/06/19 08:30:00",BUTLERSG,7.799998,"2016/06/19 08:25:04"
D,METER_DATA,GEN_DUID,1,"2016/06/19 08:30:00",CALL_A_4,0,"2016/06/19 08:25:04"
D,METER_DATA,GEN_DUID,1,"2016/06/19 08:30:00",CAPTL_WF,34.072006,"2016/06/19 08:25:04"
D,METER_DATA,GEN_DUID,1,"2016/06/19 08:30:00",CATAGUN1,0,"2016/06/19 08:25:04"
D,METER_DATA,GEN_DUID,1,"2016/06/19 08:30:00",CATHROCK,1.41,"2016/06/19 08:25:04"
D,METER_DATA,GEN_DUID,1,"2016/06/19 08:30:00",CHALLHWF,7,"2016/06/19 08:25:04"
D,METER_DATA,GEN_DUID,1,"2016/06/19 08:30:00",CLOVER,25.439999,"2016/06/19 08:25:04"
D,METER_DATA,GEN_DUID,1,"2016/06/19 08:30:00",CLUNY,15.218850,"2016/06/19 08:25:04"
D,METER_DATA,GEN_DUID,1,"2016/06/19 08:30:00",CNUNDAWF,4.204905,"2016/06/19 08:25:04"
D,METER_DATA,GEN_DUID,1,"2016/06/19 08:30:00",CULLRGWF,21.24,"2016/06/19 08:25:04"
D,METER_DATA,GEN_DUID,1,"2016/06/19 08:30:00",ERGT01,0,"2016/06/19 08:25:04"
D,METER_DATA,GEN_DUID,1,"2016/06/19 08:30:00",GB01,0.144562,"2016/06/19 08:25:04"
D,METER_DATA,GEN_DUID,1,"2016/06/19 08:30:00",GEORGTN1,0,"2016/06/19 08:25:04"
D,METER_DATA,GEN_DUID,1,"2016/06/19 08:30:00",GEORGTN2,0,"2016/06/19 08:25:04"
D,METER_DATA,GEN_DUID,1,"2016/06/19 08:30:00",GERMCRK,36.599998,"2016/06/19 08:25:04"
D,METER_DATA,GEN_DUID,1,"2016/06/19 08:30:00",INVICTA,13.80,"2016/06/19 08:25:04"
D,METER_DATA,GEN_DUID,1,"2016/06/19 08:30:00",LKBONNY1,3.304446,"2016/06/19 08:25:04"
D,METER_DATA,GEN_DUID,1,"2016/06/19 08:30:00",MBAHNTH,59.531254,"2016/06/19 08:25:04"
D,METER_DATA,GEN_DUID,1,"2016/06/19 08:30:00",MEADOWB2,0,"2016/06/19 08:25:04"
D,METER_DATA,GEN_DUID,1,"2016/06/19 08:30:00",MLWF1,3.84,"2016/06/19 08:25:04"
D,METER_DATA,GEN_DUID,1,"2016/06/19 08:30:00",MTMILLAR,9.710912,"2016/06/19 08:25:04"
D,METER_DATA,GEN_DUID,1,"2016/06/19 08:30:00",PALOONA,21.84,"2016/06/19 08:25:04"
D,METER_DATA,GEN_DUID,1,"2016/06/19 08:30:00",PORTLAT1,0,"2016/06/19 08:25:04"
D,METER_DATA,GEN_DUID,1,"2016/06/19 08:30:00",PORTWF,-0.10,"2016/06/19 08:25:04"
D,METER_DATA,GEN_DUID,1,"2016/06/19 08:30:00",QUERIVE1,-0.15,"2016/06/19 08:25:04"
D,METER_DATA,GEN_DUID,1,"2016/06/19 08:30:00",REPULSE,28.468170,"2016/06/19 08:25:04"
D,METER_DATA,GEN_DUID,1,"2016/06/19 08:30:00",ROWALLAN,9.8477,"2016/06/19 08:25:04"
D,METER_DATA,GEN_DUID,1,"2016/06/19 08:30:00",ROYALLA1,0,"2016/06/19 08:25:04"
D,METER_DATA,GEN_DUID,1,"2016/06/19 08:30:00",RPCG,-0.20,"2016/06/19 08:25:04"
D,METER_DATA,GEN_DUID,1,"2016/06/19 08:30:00",RUBICON,0,"2016/06/19 08:25:04"
D,METER_DATA,GEN_DUID,1,"2016/06/19 08:30:00",STARHLWF,3.498980,"2016/06/19 08:25:04"
D,METER_DATA,GEN_DUID,1,"2016/06/19 08:30:00",WAUBRAWF,0,"2016/06/19 08:25:04"
D,METER_DATA,GEN_DUID,1,"2016/06/19 08:30:00",WOOLNTH1,45.370018,"2016/06/19 08:25:04"
D,METER_DATA,GEN_DUID,1,"2016/06/19 08:30:00",WPWF,7,"2016/06/19 08:25:04"
D,METER_DATA,GEN_DUID,1,"2016/06/19 08:30:00",YAMBUKWF,-0.30,"2016/06/19 08:25:04"
D,METER_DATA,GEN_DUID,1,"2016/06/19 08:35:00",BBDISEL1,0,"2016/06/19 08:30:04"
D,METER_DATA,GEN_DUID,1,"2016/06/19 08:35:00",BUTLERSG,7.799998,"2016/06/19 08:30:04"
D,METER_DATA,GEN_DUID,1,"2016/06/19 08:35:00",CALL_A_4,0,"2016/06/19 08:30:04"
D,METER_DATA,GEN_DUID,1,"2016/06/19 08:35:00",CAPTL_WF,30.011993,"2016/06/19 08:30:04"
D,METER_DATA,GEN_DUID,1,"2016/06/19 08:35:00",CATAGUN1,0,"2016/06/19 08:30:04"
D,METER_DATA,GEN_DUID,1,"2016/06/19 08:35:00",CATHROCK,0,"2016/06/19 08:30:04"
D,METER_DATA,GEN_DUID,1,"2016/06/19 08:35:00",CHALLHWF,6.70,"2016/06/19 08:30:04"
D,METER_DATA,GEN_DUID,1,"2016/06/19 08:35:00",CLOVER,25.43,"2016/06/19 08:30:04"
D,METER_DATA,GEN_DUID,1,"2016/06/19 08:35:00",CLUNY,14.833020,"2016/06/19 08:30:04"
D,METER_DATA,GEN_DUID,1,"2016/06/19 08:35:00",CNUNDAWF,4.204905,"2016/06/19 08:30:04"
D,METER_DATA,GEN_DUID,1,"2016/06/19 08:35:00",CULLRGWF,21.639999,"2016/06/19 08:30:04"
D,METER_DATA,GEN_DUID,1,"2016/06/19 08:35:00",ERGT01,0,"2016/06/19 08:30:04"
D,METER_DATA,GEN_DUID,1,"2016/06/19 08:35:00",GB01,0.144562,"2016/06/19 08:30:04"
D,METER_DATA,GEN_DUID,1,"2016/06/19 08:35:00",GEORGTN1,0,"2016/06/19 08:30:04"
D,METER_DATA,GEN_DUID,1,"2016/06/19 08:35:00",GEORGTN2,0,"2016/06/19 08:30:04"
D,METER_DATA,GEN_DUID,1,"2016/06/19 08:35:00",GERMCRK,39.900002,"2016/06/19 08:30:04"
D,METER_DATA,GEN_DUID,1,"2016/06/19 08:35:00",INVICTA,14.9250,"2016/06/19 08:30:04"
D,METER_DATA,GEN_DUID,1,"2016/06/19 08:35:00",LKBONNY1,3.572375,"2016/06/19 08:30:04"
D,METER_DATA,GEN_DUID,1,"2016/06/19 08:35:00",MBAHNTH,59.531254,"2016/06/19 08:30:04"
D,METER_DATA,GEN_DUID,1,"2016/06/19 08:35:00",MEADOWB2,0,"2016/06/19 08:30:04"
D,METER_DATA,GEN_DUID,1,"2016/06/19 08:35:00",MLWF1,3.63,"2016/06/19 08:30:04"
D,METER_DATA,GEN_DUID,1,"2016/06/19 08:35:00",MTMILLAR,8.929574,"2016/06/19 08:30:04"
D,METER_DATA,GEN_DUID,1,"2016/06/19 08:35:00",PALOONA,21.84,"2016/06/19 08:30:04"
D,METER_DATA,GEN_DUID,1,"2016/06/19 08:35:00",PORTLAT1,0,"2016/06/19 08:30:04"
D,METER_DATA,GEN_DUID,1,"2016/06/19 08:35:00",PORTWF,0,"2016/06/19 08:30:04"
D,METER_DATA,GEN_DUID,1,"2016/06/19 08:35:00",QUERIVE1,-0.14,"2016/06/19 08:30:04"
D,METER_DATA,GEN_DUID,1,"2016/06/19 08:35:00",REPULSE,27.420145,"2016/06/19 08:30:04"
D,METER_DATA,GEN_DUID,1,"2016/06/19 08:35:00",ROWALLAN,9.9258,"2016/06/19 08:30:04"
D,METER_DATA,GEN_DUID,1,"2016/06/19 08:35:00",ROYALLA1,0,"2016/06/19 08:30:04"
D,METER_DATA,GEN_DUID,1,"2016/06/19 08:35:00",RPCG,-0.20,"2016/06/19 08:30:04"
D,METER_DATA,GEN_DUID,1,"2016/06/19 08:35:00",RUBICON,0,"2016/06/19 08:30:04"
D,METER_DATA,GEN_DUID,1,"2016/06/19 08:35:00",STARHLWF,3.099096,"2016/06/19 08:30:04"
D,METER_DATA,GEN_DUID,1,"2016/06/19 08:35:00",WAUBRAWF,0,"2016/06/19 08:30:04"
D,METER_DATA,GEN_DUID,1,"2016/06/19 08:35:00",WOOLNTH1,42.960014,"2016/06/19 08:30:04"
D,METER_DATA,GEN_DUID,1,"2016/06/19 08:35:00",WPWF,5,"2016/06/19 08:30:04"
D,METER_DATA,GEN_DUID,1,"2016/06/19 08:35:00",YAMBUKWF,-0.30,"2016/06/19 08:30:04"
D,METER_DATA,GEN_DUID,1,"2016/06/19 08:40:00",BBDISEL1,0,"2016/06/19 08:35:04"
D,METER_DATA,GEN_DUID,1,"2016/06/19 08:40:00",BUTLERSG,7.799998,"2016/06/19 08:35:04"
D,METER_DATA,GEN_DUID,1,"2016/06/19 08:40:00",CALL_A_4,0,"2016/06/19 08:35:04"
D,METER_DATA,GEN_DUID,1,"2016/06/19 08:40:00",CAPTL_WF,33.620003,"2016/06/19 08:35:04"
D,METER_DATA,GEN_DUID,1,"2016/06/19 08:40:00",CATAGUN1,0,"2016/06/19 08:35:04"
D,METER_DATA,GEN_DUID,1,"2016/06/19 08:40:00",CATHROCK,0,"2016/06/19 08:35:04"
D,METER_DATA,GEN_DUID,1,"2016/06/19 08:40:00",CHALLHWF,6.80,"2016/06/19 08:35:04"
D,METER_DATA,GEN_DUID,1,"2016/06/19 08:40:00",CLOVER,25.450001,"2016/06/19 08:35:04"
D,METER_DATA,GEN_DUID,1,"2016/06/19 08:40:00",CLUNY,15.204560,"2016/06/19 08:35:04"
D,METER_DATA,GEN_DUID,1,"2016/06/19 08:40:00",CNUNDAWF,4.204905,"2016/06/19 08:35:04"
D,METER_DATA,GEN_DUID,1,"2016/06/19 08:40:00",CULLRGWF,22.940001,"2016/06/19 08:35:04"
D,METER_DATA,GEN_DUID,1,"2016/06/19 08:40:00",ERGT01,0,"2016/06/19 08:35:04"
D,METER_DATA,GEN_DUID,1,"2016/06/19 08:40:00",GB01,0.144562,"2016/06/19 08:35:04"
D,METER_DATA,GEN_DUID,1,"2016/06/19 08:40:00",GEORGTN1,0,"2016/06/19 08:35:04"
D,METER_DATA,GEN_DUID,1,"2016/06/19 08:40:00",GEORGTN2,0,"2016/06/19 08:35:04"
D,METER_DATA,GEN_DUID,1,"2016/06/19 08:40:00",GERMCRK,40.599998,"2016/06/19 08:35:04"
D,METER_DATA,GEN_DUID,1,"2016/06/19 08:40:00",INVICTA,14.9250,"2016/06/19 08:35:04"
D,METER_DATA,GEN_DUID,1,"2016/06/19 08:40:00",LKBONNY1,3.661684,"2016/06/19 08:35:04"
D,METER_DATA,GEN_DUID,1,"2016/06/19 08:40:00",MBAHNTH,59.531254,"2016/06/19 08:35:04"
D,METER_DATA,GEN_DUID,1,"2016/06/19 08:40:00",MEADOWB2,0,"2016/06/19 08:35:04"
D,METER_DATA,GEN_DUID,1,"2016/06/19 08:40:00",MLWF1,3.5250,"2016/06/19 08:35:04"
D,METER_DATA,GEN_DUID,1,"2016/06/19 08:40:00",MTMILLAR,7.523166,"2016/06/19 08:35:04"
D,METER_DATA,GEN_DUID,1,"2016/06/19 08:40:00",PALOONA,21.84,"2016/06/19 08:35:04"
D,METER_DATA,GEN_DUID,1,"2016/06/19 08:40:00",PORTLAT1,0,"2016/06/19 08:35:04"
D,METER_DATA,GEN_DUID,1,"2016/06/19 08:40:00",PORTWF,0,"2016/06/19 08:35:04"
D,METER_DATA,GEN_DUID,1,"2016/06/19 08:40:00",QUERIVE1,-0.14,"2016/06/19 08:35:04"
D,METER_DATA,GEN_DUID,1,"2016/06/19 08:40:00",REPULSE,28.449114,"2016/06/19 08:35:04"
D,METER_DATA,GEN_DUID,1,"2016/06/19 08:40:00",ROWALLAN,9.8619,"2016/06/19 08:35:04"
D,METER_DATA,GEN_DUID,1,"2016/06/19 08:40:00",ROYALLA1,0,"2016/06/19 08:35:04"
D,METER_DATA,GEN_DUID,1,"2016/06/19 08:40:00",RPCG,-0.20,"2016/06/19 08:35:04"
D,METER_DATA,GEN_DUID,1,"2016/06/19 08:40:00",RUBICON,0,"2016/06/19 08:35:04"
D,METER_DATA,GEN_DUID,1,"2016/06/19 08:40:00",STARHLWF,2.699213,"2016/06/19 08:35:04"
D,METER_DATA,GEN_DUID,1,"2016/06/19 08:40:00",WAUBRAWF,0,"2016/06/19 08:35:04"
D,METER_DATA,GEN_DUID,1,"2016/06/19 08:40:00",WOOLNTH1,42.040016,"2016/06/19 08:35:04"
D,METER_DATA,GEN_DUID,1,"2016/06/19 08:40:00",WPWF,3,"2016/06/19 08:35:04"
D,METER_DATA,GEN_DUID,1,"2016/06/19 08:40:00",YAMBUKWF,-0.30,"2016/06/19 08:35:04"
D,METER_DATA,GEN_DUID,1,"2016/06/19 08:45:00",BBDISEL1,0,"2016/06/19 08:40:04"
D,METER_DATA,GEN_DUID,1,"2016/06/19 08:45:00",BUTLERSG,7.799998,"2016/06/19 08:40:04"
D,METER_DATA,GEN_DUID,1,"2016/06/19 08:45:00",CALL_A_4,0,"2016/06/19 08:40:04"
D,METER_DATA,GEN_DUID,1,"2016/06/19 08:45:00",CAPTL_WF,37.935997,"2016/06/19 08:40:04"
D,METER_DATA,GEN_DUID,1,"2016/06/19 08:45:00",CATAGUN1,0,"2016/06/19 08:40:04"
D,METER_DATA,GEN_DUID,1,"2016/06/19 08:45:00",CATHROCK,0,"2016/06/19 08:40:04"
D,METER_DATA,GEN_DUID,1,"2016/06/19 08:45:00",CHALLHWF,5.10,"2016/06/19 08:40:04"
D,METER_DATA,GEN_DUID,1,"2016/06/19 08:45:00",CLOVER,25.43,"2016/06/19 08:40:04"
D,METER_DATA,GEN_DUID,1,"2016/06/19 08:45:00",CLUNY,14.947340,"2016/06/19 08:40:04"
D,METER_DATA,GEN_DUID,1,"2016/06/19 08:45:00",CNUNDAWF,4.204905,"2016/06/19 08:40:04"
D,METER_DATA,GEN_DUID,1,"2016/06/19 08:45:00",CULLRGWF,23.01,"2016/06/19 08:40:04"
D,METER_DATA,GEN_DUID,1,"2016/06/19 08:45:00",ERGT01,0,"2016/06/19 08:40:04"
D,METER_DATA,GEN_DUID,1,"2016/06/19 08:45:00",GB01,0.144562,"2016/06/19 08:40:04"
D,METER_DATA,GEN_DUID,1,"2016/06/19 08:45:00",GEORGTN1,0,"2016/06/19 08:40:04"
D,METER_DATA,GEN_DUID,1,"2016/06/19 08:45:00",GEORGTN2,0,"2016/06/19 08:40:04"
D,METER_DATA,GEN_DUID,1,"2016/06/19 08:45:00",GERMCRK,40.50,"2016/06/19 08:40:04"
D,METER_DATA,GEN_DUID,1,"2016/06/19 08:45:00",INVICTA,17.50,"2016/06/19 08:40:04"
D,METER_DATA,GEN_DUID,1,"2016/06/19 08:45:00",LKBONNY1,4.108231,"2016/06/19 08:40:04"
D,METER_DATA,GEN_DUID,1,"2016/06/19 08:45:00",MBAHNTH,59.531254,"2016/06/19 08:40:04"
D,METER_DATA,GEN_DUID,1,"2016/06/19 08:45:00",MEADOWB2,0,"2016/06/19 08:40:04"
D,METER_DATA,GEN_DUID,1,"2016/06/19 08:45:00",MLWF1,3.5550,"2016/06/19 08:40:04"
D,METER_DATA,GEN_DUID,1,"2016/06/19 08:45:00",MTMILLAR,6.347439,"2016/06/19 08:40:04"
D,METER_DATA,GEN_DUID,1,"2016/06/19 08:45:00",PALOONA,21.84,"2016/06/19 08:40:04"
D,METER_DATA,GEN_DUID,1,"2016/06/19 08:45:00",PORTLAT1,0,"2016/06/19 08:40:04"
D,METER_DATA,GEN_DUID,1,"2016/06/19 08:45:00",PORTWF,-0.30,"2016/06/19 08:40:04"
D,METER_DATA,GEN_DUID,1,"2016/06/19 08:45:00",QUERIVE1,-0.14,"2016/06/19 08:40:04"
D,METER_DATA,GEN_DUID,1,"2016/06/19 08:45:00",REPULSE,27.839354,"2016/06/19 08:40:04"
D,METER_DATA,GEN_DUID,1,"2016/06/19 08:45:00",ROWALLAN,9.9542,"2016/06/19 08:40:04"
D,METER_DATA,GEN_DUID,1,"2016/06/19 08:45:00",ROYALLA1,0,"2016/06/19 08:40:04"
D,METER_DATA,GEN_DUID,1,"2016/06/19 08:45:00",RPCG,-0.20,"2016/06/19 08:40:04"
D,METER_DATA,GEN_DUID,1,"2016/06/19 08:45:00",RUBICON,0,"2016/06/19 08:40:04"
D,METER_DATA,GEN_DUID,1,"2016/06/19 08:45:00",STARHLWF,2.699213,"2016/06/19 08:40:04"
D,METER_DATA,GEN_DUID,1,"2016/06/19 08:45:00",WAUBRAWF,0,"2016/06/19 08:40:04"
D,METER_DATA,GEN_DUID,1,"2016/06/19 08:45:00",WOOLNTH1,43.980019,"2016/06/19 08:40:04"
D,METER_DATA,GEN_DUID,1,"2016/06/19 08:45:00",WPWF,3,"2016/06/19 08:40:04"
D,METER_DATA,GEN_DUID,1,"2016/06/19 08:45:00",YAMBUKWF,-0.30,"2016/06/19 08:40:04"
D,METER_DATA,GEN_DUID,1,"2016/06/19 08:50:00",BBDISEL1,0,"2016/06/19 08:45:05"
D,METER_DATA,GEN_DUID,1,"2016/06/19 08:50:00",BUTLERSG,7.799998,"2016/06/19 08:45:05"
D,METER_DATA,GEN_DUID,1,"2016/06/19 08:50:00",CALL_A_4,0,"2016/06/19 08:45:05"
D,METER_DATA,GEN_DUID,1,"2016/06/19 08:50:00",CAPTL_WF,39.260002,"2016/06/19 08:45:05"
D,METER_DATA,GEN_DUID,1,"2016/06/19 08:50:00",CATAGUN1,0,"2016/06/19 08:45:05"
D,METER_DATA,GEN_DUID,1,"2016/06/19 08:50:00",CATHROCK,0,"2016/06/19 08:45:05"
D,METER_DATA,GEN_DUID,1,"2016/06/19 08:50:00",CHALLHWF,4.70,"2016/06/19 08:45:05"
D,METER_DATA,GEN_DUID,1,"2016/06/19 08:50:00",CLOVER,25.42,"2016/06/19 08:45:05"
D,METER_DATA,GEN_DUID,1,"2016/06/19 08:50:00",CLUNY,15.547521,"2016/06/19 08:45:05"
D,METER_DATA,GEN_DUID,1,"2016/06/19 08:50:00",CNUNDAWF,4.204905,"2016/06/19 08:45:05"
D,METER_DATA,GEN_DUID,1,"2016/06/19 08:50:00",CULLRGWF,23.15,"2016/06/19 08:45:05"
D,METER_DATA,GEN_DUID,1,"2016/06/19 08:50:00",ERGT01,0,"2016/06/19 08:45:05"
D,METER_DATA,GEN_DUID,1,"2016/06/19 08:50:00",GB01,0.144562,"2016/06/19 08:45:05"
D,METER_DATA,GEN_DUID,1,"2016/06/19 08:50:00",GEORGTN1,0,"2016/06/19 08:45:05"
D,METER_DATA,GEN_DUID,1,"2016/06/19 08:50:00",GEORGTN2,0,"2016/06/19 08:45:05"
D,METER_DATA,GEN_DUID,1,"2016/06/19 08:50:00",GERMCRK,40.599998,"2016/06/19 08:45:05"
D,METER_DATA,GEN_DUID,1,"2016/06/19 08:50:00",INVICTA,17.50,"2016/06/19 08:45:05"
D,METER_DATA,GEN_DUID,1,"2016/06/19 08:50:00",LKBONNY1,4.286849,"2016/06/19 08:45:05"
D,METER_DATA,GEN_DUID,1,"2016/06/19 08:50:00",MBAHNTH,59.531254,"2016/06/19 08:45:05"
D,METER_DATA,GEN_DUID,1,"2016/06/19 08:50:00",MEADOWB2,0,"2016/06/19 08:45:05"
D,METER_DATA,GEN_DUID,1,"2016/06/19 08:50:00",MLWF1,3.45,"2016/06/19 08:45:05"
D,METER_DATA,GEN_DUID,1,"2016/06/19 08:50:00",MTMILLAR,6.4665,"2016/06/19 08:45:05"
D,METER_DATA,GEN_DUID,1,"2016/06/19 08:50:00",PALOONA,21.84,"2016/06/19 08:45:05"
D,METER_DATA,GEN_DUID,1,"2016/06/19 08:50:00",PORTLAT1,0,"2016/06/19 08:45:05"
D,METER_DATA,GEN_DUID,1,"2016/06/19 08:50:00",PORTWF,-0.50,"2016/06/19 08:45:05"
D,METER_DATA,GEN_DUID,1,"2016/06/19 08:50:00",QUERIVE1,-0.14,"2016/06/19 08:45:05"
D,METER_DATA,GEN_DUID,1,"2016/06/19 08:50:00",REPULSE,28.125179,"2016/06/19 08:45:05"
D,METER_DATA,GEN_DUID,1,"2016/06/19 08:50:00",ROWALLAN,10.2737,"2016/06/19 08:45:05"
D,METER_DATA,GEN_DUID,1,"2016/06/19 08:50:00",ROYALLA1,0,"2016/06/19 08:45:05"
D,METER_DATA,GEN_DUID,1,"2016/06/19 08:50:00",RPCG,-0.20,"2016/06/19 08:45:05"
D,METER_DATA,GEN_DUID,1,"2016/06/19 08:50:00",RUBICON,0,"2016/06/19 08:45:05"
D,METER_DATA,GEN_DUID,1,"2016/06/19 08:50:00",STARHLWF,2.699213,"2016/06/19 08:45:05"
D,METER_DATA,GEN_DUID,1,"2016/06/19 08:50:00",WAUBRAWF,0,"2016/06/19 08:45:05"
D,METER_DATA,GEN_DUID,1,"2016/06/19 08:50:00",WOOLNTH1,43.000015,"2016/06/19 08:45:05"
D,METER_DATA,GEN_DUID,1,"2016/06/19 08:50:00",WPWF,2,"2016/06/19 08:45:05"
D,METER_DATA,GEN_DUID,1,"2016/06/19 08:50:00",YAMBUKWF,-0.30,"2016/06/19 08:45:05"
D,METER_DATA,GEN_DUID,1,"2016/06/19 08:55:00",BBDISEL1,0,"2016/06/19 08:50:05"
D,METER_DATA,GEN_DUID,1,"2016/06/19 08:55:00",BUTLERSG,7.799998,"2016/06/19 08:50:05"
D,METER_DATA,GEN_DUID,1,"2016/06/19 08:55:00",CALL_A_4,0,"2016/06/19 08:50:05"
D,METER_DATA,GEN_DUID,1,"2016/06/19 08:55:00",CAPTL_WF,41.68,"2016/06/19 08:50:05"
D,METER_DATA,GEN_DUID,1,"2016/06/19 08:55:00",CATAGUN1,0,"2016/06/19 08:50:05"
D,METER_DATA,GEN_DUID,1,"2016/06/19 08:55:00",CATHROCK,0,"2016/06/19 08:50:05"
D,METER_DATA,GEN_DUID,1,"2016/06/19 08:55:00",CHALLHWF,4.80,"2016/06/19 08:50:05"
D,METER_DATA,GEN_DUID,1,"2016/06/19 08:55:00",CLOVER,25.389999,"2016/06/19 08:50:05"
D,METER_DATA,GEN_DUID,1,"2016/06/19 08:55:00",CLUNY,14.032781,"2016/06/19 08:50:05"
D,METER_DATA,GEN_DUID,1,"2016/06/19 08:55:00",CNUNDAWF,4.204905,"2016/06/19 08:50:05"
D,METER_DATA,GEN_DUID,1,"2016/06/19 08:55:00",CULLRGWF,23.10,"2016/06/19 08:50:05"
D,METER_DATA,GEN_DUID,1,"2016/06/19 08:55:00",ERGT01,0,"2016/06/19 08:50:05"
D,METER_DATA,GEN_DUID,1,"2016/06/19 08:55:00",GB01,0.144562,"2016/06/19 08:50:05"
D,METER_DATA,GEN_DUID,1,"2016/06/19 08:55:00",GEORGTN1,0,"2016/06/19 08:50:05"
D,METER_DATA,GEN_DUID,1,"2016/06/19 08:55:00",GEORGTN2,0,"2016/06/19 08:50:05"
D,METER_DATA,GEN_DUID,1,"2016/06/19 08:55:00",GERMCRK,40.299999,"2016/06/19 08:50:05"
D,METER_DATA,GEN_DUID,1,"2016/06/19 08:55:00",INVICTA,18.7250,"2016/06/19 08:50:05"
D,METER_DATA,GEN_DUID,1,"2016/06/19 08:55:00",LKBONNY1,4.286849,"2016/06/19 08:50:05"
D,METER_DATA,GEN_DUID,1,"2016/06/19 08:55:00",MBAHNTH,59.531254,"2016/06/19 08:50:05"
D,METER_DATA,GEN_DUID,1,"2016/06/19 08:55:00",MEADOWB2,0,"2016/06/19 08:50:05"
D,METER_DATA,GEN_DUID,1,"2016/06/19 08:55:00",MLWF1,3.45,"2016/06/19 08:50:05"
D,METER_DATA,GEN_DUID,1,"2016/06/19 08:55:00",MTMILLAR,6.005138,"2016/06/19 08:50:05"
D,METER_DATA,GEN_DUID,1,"2016/06/19 08:55:00",PALOONA,21.74,"2016/06/19 08:50:05"
D,METER_DATA,GEN_DUID,1,"2016/06/19 08:55:00",PORTLAT1,0,"2016/06/19 08:50:05"
D,METER_DATA,GEN_DUID,1,"2016/06/19 08:55:00",PORTWF,-0.60,"2016/06/19 08:50:05"
D,METER_DATA,GEN_DUID,1,"2016/06/19 08:55:00",QUERIVE1,-0.14,"2016/06/19 08:50:05"
D,METER_DATA,GEN_DUID,1,"2016/06/19 08:55:00",REPULSE,27.343924,"2016/06/19 08:50:05"
D,METER_DATA,GEN_DUID,1,"2016/06/19 08:55:00",ROWALLAN,9.9258,"2016/06/19 08:50:05"
D,METER_DATA,GEN_DUID,1,"2016/06/19 08:55:00",ROYALLA1,0,"2016/06/19 08:50:05"
D,METER_DATA,GEN_DUID,1,"2016/06/19 08:55:00",RPCG,-0.20,"2016/06/19 08:50:05"
D,METER_DATA,GEN_DUID,1,"2016/06/19 08:55:00",RUBICON,0,"2016/06/19 08:50:05"
D,METER_DATA,GEN_DUID,1,"2016/06/19 08:55:00",STARHLWF,2.299330,"2016/06/19 08:50:05"
D,METER_DATA,GEN_DUID,1,"2016/06/19 08:55:00",WAUBRAWF,0,"2016/06/19 08:50:05"
D,METER_DATA,GEN_DUID,1,"2016/06/19 08:55:00",WOOLNTH1,39.440018,"2016/06/19 08:50:05"
D,METER_DATA,GEN_DUID,1,"2016/06/19 08:55:00",WPWF,2,"2016/06/19 08:50:05"
D,METER_DATA,GEN_DUID,1,"2016/06/19 08:55:00",YAMBUKWF,-0.30,"2016/06/19 08:50:05"
D,METER_DATA,GEN_DUID,1,"2016/06/19 09:00:00",BBDISEL1,0,"2016/06/19 08:55:05"
D,METER_DATA,GEN_DUID,1,"2016/06/19 09:00:00",BUTLERSG,7.799998,"2016/06/19 08:55:05"
D,METER_DATA,GEN_DUID,1,"2016/06/19 09:00:00",CALL_A_4,0,"2016/06/19 08:55:05"
D,METER_DATA,GEN_DUID,1,"2016/06/19 09:00:00",CAPTL_WF,42.267998,"2016/06/19 08:55:05"
D,METER_DATA,GEN_DUID,1,"2016/06/19 09:00:00",CATAGUN1,0,"2016/06/19 08:55:05"
D,METER_DATA,GEN_DUID,1,"2016/06/19 09:00:00",CATHROCK,0,"2016/06/19 08:55:05"
D,METER_DATA,GEN_DUID,1,"2016/06/19 09:00:00",CHALLHWF,4.70,"2016/06/19 08:55:05"
D,METER_DATA,GEN_DUID,1,"2016/06/19 09:00:00",CLOVER,25.400002,"2016/06/19 08:55:05"
D,METER_DATA,GEN_DUID,1,"2016/06/19 09:00:00",CLUNY,15.261721,"2016/06/19 08:55:05"
D,METER_DATA,GEN_DUID,1,"2016/06/19 09:00:00",CNUNDAWF,3.804438,"2016/06/19 08:55:05"
D,METER_DATA,GEN_DUID,1,"2016/06/19 09:00:00",CULLRGWF,21.540001,"2016/06/19 08:55:05"
D,METER_DATA,GEN_DUID,1,"2016/06/19 09:00:00",ERGT01,0,"2016/06/19 08:55:05"
D,METER_DATA,GEN_DUID,1,"2016/06/19 09:00:00",GB01,0.144562,"2016/06/19 08:55:05"
D,METER_DATA,GEN_DUID,1,"2016/06/19 09:00:00",GEORGTN1,0,"2016/06/19 08:55:05"
D,METER_DATA,GEN_DUID,1,"2016/06/19 09:00:00",GEORGTN2,0,"2016/06/19 08:55:05"
D,METER_DATA,GEN_DUID,1,"2016/06/19 09:00:00",GERMCRK,40.599998,"2016/06/19 08:55:05"
D,METER_DATA,GEN_DUID,1,"2016/06/19 09:00:00",INVICTA,15.9250,"2016/06/19 08:55:05"
D,METER_DATA,GEN_DUID,1,"2016/06/19 09:00:00",LKBONNY1,3.929612,"2016/06/19 08:55:05"
D,METER_DATA,GEN_DUID,1,"2016/06/19 09:00:00",MBAHNTH,59.531254,"2016/06/19 08:55:05"
D,METER_DATA,GEN_DUID,1,"2016/06/19 09:00:00",MEADOWB2,0,"2016/06/19 08:55:05"
D,METER_DATA,GEN_DUID,1,"2016/06/19 09:00:00",MLWF1,3.63,"2016/06/19 08:55:05"
D,METER_DATA,GEN_DUID,1,"2016/06/19 09:00:00",MTMILLAR,6.362321,"2016/06/19 08:55:05"
D,METER_DATA,GEN_DUID,1,"2016/06/19 09:00:00",PALOONA,21.74,"2016/06/19 08:55:05"
D,METER_DATA,GEN_DUID,1,"2016/06/19 09:00:00",PORTLAT1,0,"2016/06/19 08:55:05"
D,METER_DATA,GEN_DUID,1,"2016/06/19 09:00:00",PORTWF,-0.40,"2016/06/19 08:55:05"
D,METER_DATA,GEN_DUID,1,"2016/06/19 09:00:00",QUERIVE1,-0.14,"2016/06/19 08:55:05"
D,METER_DATA,GEN_DUID,1,"2016/06/19 09:00:00",REPULSE,28.563444,"2016/06/19 08:55:05"
D,METER_DATA,GEN_DUID,1,"2016/06/19 09:00:00",ROWALLAN,10.0110,"2016/06/19 08:55:05"
D,METER_DATA,GEN_DUID,1,"2016/06/19 09:00:00",ROYALLA1,0,"2016/06/19 08:55:05"
D,METER_DATA,GEN_DUID,1,"2016/06/19 09:00:00",RPCG,-0.20,"2016/06/19 08:55:05"
D,METER_DATA,GEN_DUID,1,"2016/06/19 09:00:00",RUBICON,0,"2016/06/19 08:55:05"
D,METER_DATA,GEN_DUID,1,"2016/06/19 09:00:00",STARHLWF,1.999417,"2016/06/19 08:55:05"
D,METER_DATA,GEN_DUID,1,"2016/06/19 09:00:00",WAUBRAWF,0,"2016/06/19 08:55:05"
D,METER_DATA,GEN_DUID,1,"2016/06/19 09:00:00",WOOLNTH1,40.930016,"2016/06/19 08:55:05"
D,METER_DATA,GEN_DUID,1,"2016/06/19 09:00:00",WPWF,1,"2016/06/19 08:55:05"
D,METER_DATA,GEN_DUID,1,"2016/06/19 09:00:00",YAMBUKWF,-0.30,"2016/06/19 08:55:05"
D,METER_DATA,GEN_DUID,1,"2016/06/19 09:05:00",BBDISEL1,0,"2016/06/19 09:00:04"
D,METER_DATA,GEN_DUID,1,"2016/06/19 09:05:00",BUTLERSG,7.799998,"2016/06/19 09:00:04"
D,METER_DATA,GEN_DUID,1,"2016/06/19 09:05:00",CALL_A_4,0,"2016/06/19 09:00:04"
D,METER_DATA,GEN_DUID,1,"2016/06/19 09:05:00",CAPTL_WF,43.580002,"2016/06/19 09:00:04"
D,METER_DATA,GEN_DUID,1,"2016/06/19 09:05:00",CATAGUN1,0,"2016/06/19 09:00:04"
D,METER_DATA,GEN_DUID,1,"2016/06/19 09:05:00",CATHROCK,0,"2016/06/19 09:00:04"
D,METER_DATA,GEN_DUID,1,"2016/06/19 09:05:00",CHALLHWF,5.40,"2016/06/19 09:00:04"
D,METER_DATA,GEN_DUID,1,"2016/06/19 09:05:00",CLOVER,25.41,"2016/06/19 09:00:04"
D,METER_DATA,GEN_DUID,1,"2016/06/19 09:05:00",CLUNY,14.790151,"2016/06/19 09:00:04"
D,METER_DATA,GEN_DUID,1,"2016/06/19 09:05:00",CNUNDAWF,4.004672,"2016/06/19 09:00:04"
D,METER_DATA,GEN_DUID,1,"2016/06/19 09:05:00",CULLRGWF,21.17,"2016/06/19 09:00:04"
D,METER_DATA,GEN_DUID,1,"2016/06/19 09:05:00",ERGT01,0,"2016/06/19 09:00:04"
D,METER_DATA,GEN_DUID,1,"2016/06/19 09:05:00",GB01,0.144562,"2016/06/19 09:00:04"
D,METER_DATA,GEN_DUID,1,"2016/06/19 09:05:00",GEORGTN1,0,"2016/06/19 09:00:04"
D,METER_DATA,GEN_DUID,1,"2016/06/19 09:05:00",GEORGTN2,0,"2016/06/19 09:00:04"
D,METER_DATA,GEN_DUID,1,"2016/06/19 09:05:00",GERMCRK,40.400002,"2016/06/19 09:00:04"
D,METER_DATA,GEN_DUID,1,"2016/06/19 09:05:00",INVICTA,15.9250,"2016/06/19 09:00:04"
D,METER_DATA,GEN_DUID,1,"2016/06/19 09:05:00",LKBONNY1,3.840303,"2016/06/19 09:00:04"
D,METER_DATA,GEN_DUID,1,"2016/06/19 09:05:00",MBAHNTH,59.531254,"2016/06/19 09:00:04"
D,METER_DATA,GEN_DUID,1,"2016/06/19 09:05:00",MEADOWB2,0,"2016/06/19 09:00:04"
D,METER_DATA,GEN_DUID,1,"2016/06/19 09:05:00",MLWF1,3.63,"2016/06/19 09:00:04"
D,METER_DATA,GEN_DUID,1,"2016/06/19 09:05:00",MTMILLAR,6.659974,"2016/06/19 09:00:04"
D,METER_DATA,GEN_DUID,1,"2016/06/19 09:05:00",PALOONA,21.879999,"2016/06/19 09:00:04"
D,METER_DATA,GEN_DUID,1,"2016/06/19 09:05:00",PORTLAT1,0,"2016/06/19 09:00:04"
D,METER_DATA,GEN_DUID,1,"2016/06/19 09:05:00",PORTWF,-0.40,"2016/06/19 09:00:04"
D,METER_DATA,GEN_DUID,1,"2016/06/19 09:05:00",QUERIVE1,-0.15,"2016/06/19 09:00:04"
D,METER_DATA,GEN_DUID,1,"2016/06/19 09:05:00",REPULSE,27.705969,"2016/06/19 09:00:04"
D,METER_DATA,GEN_DUID,1,"2016/06/19 09:05:00",ROWALLAN,10.1814,"2016/06/19 09:00:04"
D,METER_DATA,GEN_DUID,1,"2016/06/19 09:05:00",ROYALLA1,0,"2016/06/19 09:00:04"
D,METER_DATA,GEN_DUID,1,"2016/06/19 09:05:00",RPCG,-0.20,"2016/06/19 09:00:04"
D,METER_DATA,GEN_DUID,1,"2016/06/19 09:05:00",RUBICON,0,"2016/06/19 09:00:04"
D,METER_DATA,GEN_DUID,1,"2016/06/19 09:05:00",STARHLWF,2.099388,"2016/06/19 09:00:04"
D,METER_DATA,GEN_DUID,1,"2016/06/19 09:05:00",WAUBRAWF,0,"2016/06/19 09:00:04"
D,METER_DATA,GEN_DUID,1,"2016/06/19 09:05:00",WOOLNTH1,36.360016,"2016/06/19 09:00:04"
D,METER_DATA,GEN_DUID,1,"2016/06/19 09:05:00",WPWF,0,"2016/06/19 09:00:04"
D,METER_DATA,GEN_DUID,1,"2016/06/19 09:05:00",YAMBUKWF,-0.30,"2016/06/19 09:00:04"
D,METER_DATA,GEN_DUID,1,"2016/06/19 09:10:00",BBDISEL1,0,"2016/06/19 09:05:04"
D,METER_DATA,GEN_DUID,1,"2016/06/19 09:10:00",BUTLERSG,7.799998,"2016/06/19 09:05:04"
D,METER_DATA,GEN_DUID,1,"2016/06/19 09:10:00",CALL_A_4,0,"2016/06/19 09:05:04"
D,METER_DATA,GEN_DUID,1,"2016/06/19 09:10:00",CAPTL_WF,42.332001,"2016/06/19 09:05:04"
D,METER_DATA,GEN_DUID,1,"2016/06/19 09:10:00",CATAGUN1,0,"2016/06/19 09:05:04"
D,METER_DATA,GEN_DUID,1,"2016/06/19 09:10:00",CATHROCK,0,"2016/06/19 09:05:04"
D,METER_DATA,GEN_DUID,1,"2016/06/19 09:10:00",CHALLHWF,6.50,"2016/06/19 09:05:04"
D,METER_DATA,GEN_DUID,1,"2016/06/19 09:10:00",CLOVER,25.43,"2016/06/19 09:05:04"
D,METER_DATA,GEN_DUID,1,"2016/06/19 09:10:00",CLUNY,14.990211,"2016/06/19 09:05:04"
D,METER_DATA,GEN_DUID,1,"2016/06/19 09:10:00",CNUNDAWF,4.104788,"2016/06/19 09:05:04"
D,METER_DATA,GEN_DUID,1,"2016/06/19 09:10:00",CULLRGWF,20.459999,"2016/06/19 09:05:04"
D,METER_DATA,GEN_DUID,1,"2016/06/19 09:10:00",ERGT01,0,"2016/06/19 09:05:04"
D,METER_DATA,GEN_DUID,1,"2016/06/19 09:10:00",GB01,0.145756,"2016/06/19 09:05:04"
D,METER_DATA,GEN_DUID,1,"2016/06/19 09:10:00",GEORGTN1,0,"2016/06/19 09:05:04"
D,METER_DATA,GEN_DUID,1,"2016/06/19 09:10:00",GEORGTN2,0,"2016/06/19 09:05:04"
D,METER_DATA,GEN_DUID,1,"2016/06/19 09:10:00",GERMCRK,40.599998,"2016/06/19 09:05:04"
D,METER_DATA,GEN_DUID,1,"2016/06/19 09:10:00",INVICTA,15.9250,"2016/06/19 09:05:04"
D,METER_DATA,GEN_DUID,1,"2016/06/19 09:10:00",LKBONNY1,3.661684,"2016/06/19 09:05:04"
D,METER_DATA,GEN_DUID,1,"2016/06/19 09:10:00",MBAHNTH,59.531254,"2016/06/19 09:05:04"
D,METER_DATA,GEN_DUID,1,"2016/06/19 09:10:00",MEADOWB2,0,"2016/06/19 09:05:04"
D,METER_DATA,GEN_DUID,1,"2016/06/19 09:10:00",MLWF1,3.9450,"2016/06/19 09:05:04"
D,METER_DATA,GEN_DUID,1,"2016/06/19 09:10:00",MTMILLAR,6.146523,"2016/06/19 09:05:04"
D,METER_DATA,GEN_DUID,1,"2016/06/19 09:10:00",PALOONA,21.879999,"2016/06/19 09:05:04"
D,METER_DATA,GEN_DUID,1,"2016/06/19 09:10:00",PORTLAT1,0,"2016/06/19 09:05:04"
D,METER_DATA,GEN_DUID,1,"2016/06/19 09:10:00",PORTWF,-0.40,"2016/06/19 09:05:04"
D,METER_DATA,GEN_DUID,1,"2016/06/19 09:10:00",QUERIVE1,-0.15,"2016/06/19 09:05:04"
D,METER_DATA,GEN_DUID,1,"2016/06/19 09:10:00",REPULSE,28.220455,"2016/06/19 09:05:04"
D,METER_DATA,GEN_DUID,1,"2016/06/19 09:10:00",ROWALLAN,9.8264,"2016/06/19 09:05:04"
D,METER_DATA,GEN_DUID,1,"2016/06/19 09:10:00",ROYALLA1,0,"2016/06/19 09:05:04"
D,METER_DATA,GEN_DUID,1,"2016/06/19 09:10:00",RPCG,-0.20,"2016/06/19 09:05:04"
D,METER_DATA,GEN_DUID,1,"2016/06/19 09:10:00",RUBICON,0,"2016/06/19 09:05:04"
D,METER_DATA,GEN_DUID,1,"2016/06/19 09:10:00",STARHLWF,2.199359,"2016/06/19 09:05:04"
D,METER_DATA,GEN_DUID,1,"2016/06/19 09:10:00",WAUBRAWF,0,"2016/06/19 09:05:04"
D,METER_DATA,GEN_DUID,1,"2016/06/19 09:10:00",WOOLNTH1,33.660015,"2016/06/19 09:05:04"
D,METER_DATA,GEN_DUID,1,"2016/06/19 09:10:00",WPWF,0,"2016/06/19 09:05:04"
D,METER_DATA,GEN_DUID,1,"2016/06/19 09:10:00",YAMBUKWF,-0.30,"2016/06/19 09:05:04"
D,METER_DATA,GEN_DUID,1,"2016/06/19 09:15:00",BBDISEL1,0,"2016/06/19 09:10:04"
D,METER_DATA,GEN_DUID,1,"2016/06/19 09:15:00",BUTLERSG,7.799998,"2016/06/19 09:10:04"
D,METER_DATA,GEN_DUID,1,"2016/06/19 09:15:00",CALL_A_4,0,"2016/06/19 09:10:04"
D,METER_DATA,GEN_DUID,1,"2016/06/19 09:15:00",CAPTL_WF,39.783997,"2016/06/19 09:10:04"
D,METER_DATA,GEN_DUID,1,"2016/06/19 09:15:00",CATAGUN1,0,"2016/06/19 09:10:04"
D,METER_DATA,GEN_DUID,1,"2016/06/19 09:15:00",CATHROCK,0,"2016/06/19 09:10:04"
D,METER_DATA,GEN_DUID,1,"2016/06/19 09:15:00",CHALLHWF,7.10,"2016/06/19 09:10:04"
D,METER_DATA,GEN_DUID,1,"2016/06/19 09:15:00",CLOVER,25.43,"2016/06/19 09:10:04"
D,METER_DATA,GEN_DUID,1,"2016/06/19 09:15:00",CLUNY,14.790151,"2016/06/19 09:10:04"
D,METER_DATA,GEN_DUID,1,"2016/06/19 09:15:00",CNUNDAWF,4.104788,"2016/06/19 09:10:04"
D,METER_DATA,GEN_DUID,1,"2016/06/19 09:15:00",CULLRGWF,21.68,"2016/06/19 09:10:04"
D,METER_DATA,GEN_DUID,1,"2016/06/19 09:15:00",ERGT01,0,"2016/06/19 09:10:04"
D,METER_DATA,GEN_DUID,1,"2016/06/19 09:15:00",GB01,0.145756,"2016/06/19 09:10:04"
D,METER_DATA,GEN_DUID,1,"2016/06/19 09:15:00",GEORGTN1,0,"2016/06/19 09:10:04"
D,METER_DATA,GEN_DUID,1,"2016/06/19 09:15:00",GEORGTN2,0,"2016/06/19 09:10:04"
D,METER_DATA,GEN_DUID,1,"2016/06/19 09:15:00",GERMCRK,40.599998,"2016/06/19 09:10:04"
D,METER_DATA,GEN_DUID,1,"2016/06/19 09:15:00",INVICTA,15.9250,"2016/06/19 09:10:04"
D,METER_DATA,GEN_DUID,1,"2016/06/19 09:15:00",LKBONNY1,3.393756,"2016/06/19 09:10:04"
D,METER_DATA,GEN_DUID,1,"2016/06/19 09:15:00",MBAHNTH,59.531254,"2016/06/19 09:10:04"
D,METER_DATA,GEN_DUID,1,"2016/06/19 09:15:00",MEADOWB2,0,"2016/06/19 09:10:04"
D,METER_DATA,GEN_DUID,1,"2016/06/19 09:15:00",MLWF1,3.84,"2016/06/19 09:10:04"
D,METER_DATA,GEN_DUID,1,"2016/06/19 09:15:00",MTMILLAR,5.647955,"2016/06/19 09:10:04"
D,METER_DATA,GEN_DUID,1,"2016/06/19 09:15:00",PALOONA,21.93,"2016/06/19 09:10:04"
D,METER_DATA,GEN_DUID,1,"2016/06/19 09:15:00",PORTLAT1,0,"2016/06/19 09:10:04"
D,METER_DATA,GEN_DUID,1,"2016/06/19 09:15:00",PORTWF,-0.40,"2016/06/19 09:10:04"
D,METER_DATA,GEN_DUID,1,"2016/06/19 09:15:00",QUERIVE1,-0.14,"2016/06/19 09:10:04"
D,METER_DATA,GEN_DUID,1,"2016/06/19 09:15:00",REPULSE,28.048960,"2016/06/19 09:10:04"
D,METER_DATA,GEN_DUID,1,"2016/06/19 09:15:00",ROWALLAN,10.1459,"2016/06/19 09:10:04"
D,METER_DATA,GEN_DUID,1,"2016/06/19 09:15:00",ROYALLA1,1.244003,"2016/06/19 09:10:04"
D,METER_DATA,GEN_DUID,1,"2016/06/19 09:15:00",RPCG,-0.20,"2016/06/19 09:10:04"
D,METER_DATA,GEN_DUID,1,"2016/06/19 09:15:00",RUBICON,0,"2016/06/19 09:10:04"
D,METER_DATA,GEN_DUID,1,"2016/06/19 09:15:00",STARHLWF,2.199359,"2016/06/19 09:10:04"
D,METER_DATA,GEN_DUID,1,"2016/06/19 09:15:00",WAUBRAWF,0,"2016/06/19 09:10:04"
D,METER_DATA,GEN_DUID,1,"2016/06/19 09:15:00",WOOLNTH1,31.130016,"2016/06/19 09:10:04"
D,METER_DATA,GEN_DUID,1,"2016/06/19 09:15:00",WPWF,0,"2016/06/19 09:10:04"
D,METER_DATA,GEN_DUID,1,"2016/06/19 09:15:00",YAMBUKWF,-0.30,"2016/06/19 09:10:04"
D,METER_DATA,GEN_DUID,1,"2016/06/19 09:20:00",BBDISEL1,0,"2016/06/19 09:15:04"
D,METER_DATA,GEN_DUID,1,"2016/06/19 09:20:00",BUTLERSG,7.799998,"2016/06/19 09:15:04"
D,METER_DATA,GEN_DUID,1,"2016/06/19 09:20:00",CALL_A_4,0,"2016/06/19 09:15:04"
D,METER_DATA,GEN_DUID,1,"2016/06/19 09:20:00",CAPTL_WF,43.452003,"2016/06/19 09:15:04"
D,METER_DATA,GEN_DUID,1,"2016/06/19 09:20:00",CATAGUN1,0,"2016/06/19 09:15:04"
D,METER_DATA,GEN_DUID,1,"2016/06/19 09:20:00",CATHROCK,0,"2016/06/19 09:15:04"
D,METER_DATA,GEN_DUID,1,"2016/06/19 09:20:00",CHALLHWF,7.30,"2016/06/19 09:15:04"
D,METER_DATA,GEN_DUID,1,"2016/06/19 09:20:00",CLOVER,25.48,"2016/06/19 09:15:04"
D,METER_DATA,GEN_DUID,1,"2016/06/19 09:20:00",CLUNY,14.075650,"2016/06/19 09:15:04"
D,METER_DATA,GEN_DUID,1,"2016/06/19 09:20:00",CNUNDAWF,4.104788,"2016/06/19 09:15:04"
D,METER_DATA,GEN_DUID,1,"2016/06/19 09:20:00",CULLRGWF,22.74,"2016/06/19 09:15:04"
D,METER_DATA,GEN_DUID,1,"2016/06/19 09:20:00",ERGT01,0,"2016/06/19 09:15:04"
D,METER_DATA,GEN_DUID,1,"2016/06/19 09:20:00",GB01,0.145756,"2016/06/19 09:15:04"
D,METER_DATA,GEN_DUID,1,"2016/06/19 09:20:00",GEORGTN1,0,"2016/06/19 09:15:04"
D,METER_DATA,GEN_DUID,1,"2016/06/19 09:20:00",GEORGTN2,0,"2016/06/19 09:15:04"
D,METER_DATA,GEN_DUID,1,"2016/06/19 09:20:00",GERMCRK,40.400002,"2016/06/19 09:15:04"
D,METER_DATA,GEN_DUID,1,"2016/06/19 09:20:00",INVICTA,15.9250,"2016/06/19 09:15:04"
D,METER_DATA,GEN_DUID,1,"2016/06/19 09:20:00",LKBONNY1,3.483065,"2016/06/19 09:15:04"
D,METER_DATA,GEN_DUID,1,"2016/06/19 09:20:00",MBAHNTH,59.531254,"2016/06/19 09:15:04"
D,METER_DATA,GEN_DUID,1,"2016/06/19 09:20:00",MEADOWB2,0,"2016/06/19 09:15:04"
D,METER_DATA,GEN_DUID,1,"2016/06/19 09:20:00",MLWF1,3.21,"2016/06/19 09:15:04"
D,METER_DATA,GEN_DUID,1,"2016/06/19 09:20:00",MTMILLAR,5.729810,"2016/06/19 09:15:04"
D,METER_DATA,GEN_DUID,1,"2016/06/19 09:20:00",PALOONA,21.85,"2016/06/19 09:15:04"
D,METER_DATA,GEN_DUID,1,"2016/06/19 09:20:00",PORTLAT1,0,"2016/06/19 09:15:04"
D,METER_DATA,GEN_DUID,1,"2016/06/19 09:20:00",PORTWF,-0.40,"2016/06/19 09:15:04"
D,METER_DATA,GEN_DUID,1,"2016/06/19 09:20:00",QUERIVE1,-0.14,"2016/06/19 09:15:04"
D,METER_DATA,GEN_DUID,1,"2016/06/19 09:20:00",REPULSE,27.420145,"2016/06/19 09:15:04"
D,METER_DATA,GEN_DUID,1,"2016/06/19 09:20:00",ROWALLAN,9.9684,"2016/06/19 09:15:04"
D,METER_DATA,GEN_DUID,1,"2016/06/19 09:20:00",ROYALLA1,1.601003,"2016/06/19 09:15:04"
D,METER_DATA,GEN_DUID,1,"2016/06/19 09:20:00",RPCG,-0.20,"2016/06/19 09:15:04"
D,METER_DATA,GEN_DUID,1,"2016/06/19 09:20:00",RUBICON,0,"2016/06/19 09:15:04"
D,METER_DATA,GEN_DUID,1,"2016/06/19 09:20:00",STARHLWF,2.599242,"2016/06/19 09:15:04"
D,METER_DATA,GEN_DUID,1,"2016/06/19 09:20:00",WAUBRAWF,0,"2016/06/19 09:15:04"
D,METER_DATA,GEN_DUID,1,"2016/06/19 09:20:00",WOOLNTH1,30.080015,"2016/06/19 09:15:04"
D,METER_DATA,GEN_DUID,1,"2016/06/19 09:20:00",WPWF,0,"2016/06/19 09:15:04"
D,METER_DATA,GEN_DUID,1,"2016/06/19 09:20:00",YAMBUKWF,-0.30,"2016/06/19 09:15:04"
D,METER_DATA,GEN_DUID,1,"2016/06/19 09:25:00",BBDISEL1,0,"2016/06/19 09:20:04"
D,METER_DATA,GEN_DUID,1,"2016/06/19 09:25:00",BUTLERSG,7.799998,"2016/06/19 09:20:04"
D,METER_DATA,GEN_DUID,1,"2016/06/19 09:25:00",CALL_A_4,0,"2016/06/19 09:20:04"
D,METER_DATA,GEN_DUID,1,"2016/06/19 09:25:00",CAPTL_WF,48.300003,"2016/06/19 09:20:04"
D,METER_DATA,GEN_DUID,1,"2016/06/19 09:25:00",CATAGUN1,0,"2016/06/19 09:20:04"
D,METER_DATA,GEN_DUID,1,"2016/06/19 09:25:00",CATHROCK,0,"2016/06/19 09:20:04"
D,METER_DATA,GEN_DUID,1,"2016/06/19 09:25:00",CHALLHWF,6.50,"2016/06/19 09:20:04"
D,METER_DATA,GEN_DUID,1,"2016/06/19 09:25:00",CLOVER,25.389999,"2016/06/19 09:20:04"
D,METER_DATA,GEN_DUID,1,"2016/06/19 09:25:00",CLUNY,14.747280,"2016/06/19 09:20:04"
D,METER_DATA,GEN_DUID,1,"2016/06/19 09:25:00",CNUNDAWF,4.405139,"2016/06/19 09:20:04"
D,METER_DATA,GEN_DUID,1,"2016/06/19 09:25:00",CULLRGWF,21.98,"2016/06/19 09:20:04"
D,METER_DATA,GEN_DUID,1,"2016/06/19 09:25:00",ERGT01,0,"2016/06/19 09:20:04"
D,METER_DATA,GEN_DUID,1,"2016/06/19 09:25:00",GB01,0.145756,"2016/06/19 09:20:04"
D,METER_DATA,GEN_DUID,1,"2016/06/19 09:25:00",GEORGTN1,0,"2016/06/19 09:20:04"
D,METER_DATA,GEN_DUID,1,"2016/06/19 09:25:00",GEORGTN2,0,"2016/06/19 09:20:04"
D,METER_DATA,GEN_DUID,1,"2016/06/19 09:25:00",GERMCRK,40.299999,"2016/06/19 09:20:04"
D,METER_DATA,GEN_DUID,1,"2016/06/19 09:25:00",INVICTA,15.9250,"2016/06/19 09:20:04"
D,METER_DATA,GEN_DUID,1,"2016/06/19 09:25:00",LKBONNY1,3.840303,"2016/06/19 09:20:04"
D,METER_DATA,GEN_DUID,1,"2016/06/19 09:25:00",MBAHNTH,59.531254,"2016/06/19 09:20:04"
D,METER_DATA,GEN_DUID,1,"2016/06/19 09:25:00",MEADOWB2,0,"2016/06/19 09:20:04"
D,METER_DATA,GEN_DUID,1,"2016/06/19 09:25:00",MLWF1,3.0150,"2016/06/19 09:20:04"
D,METER_DATA,GEN_DUID,1,"2016/06/19 09:25:00",MTMILLAR,5.119622,"2016/06/19 09:20:04"
D,METER_DATA,GEN_DUID,1,"2016/06/19 09:25:00",PALOONA,21.85,"2016/06/19 09:20:04"
D,METER_DATA,GEN_DUID,1,"2016/06/19 09:25:00",PORTLAT1,0,"2016/06/19 09:20:04"
D,METER_DATA,GEN_DUID,1,"2016/06/19 09:25:00",PORTWF,-0.40,"2016/06/19 09:20:04"
D,METER_DATA,GEN_DUID,1,"2016/06/19 09:25:00",QUERIVE1,-0.14,"2016/06/19 09:20:04"
D,METER_DATA,GEN_DUID,1,"2016/06/19 09:25:00",REPULSE,27.705969,"2016/06/19 09:20:04"
D,METER_DATA,GEN_DUID,1,"2016/06/19 09:25:00",ROWALLAN,9.876101,"2016/06/19 09:20:04"
D,METER_DATA,GEN_DUID,1,"2016/06/19 09:25:00",ROYALLA1,1.788003,"2016/06/19 09:20:04"
D,METER_DATA,GEN_DUID,1,"2016/06/19 09:25:00",RPCG,-0.20,"2016/06/19 09:20:04"
D,METER_DATA,GEN_DUID,1,"2016/06/19 09:25:00",RUBICON,0,"2016/06/19 09:20:04"
D,METER_DATA,GEN_DUID,1,"2016/06/19 09:25:00",STARHLWF,2.899155,"2016/06/19 09:20:04"
D,METER_DATA,GEN_DUID,1,"2016/06/19 09:25:00",WAUBRAWF,0,"2016/06/19 09:20:04"
D,METER_DATA,GEN_DUID,1,"2016/06/19 09:25:00",WOOLNTH1,28.960014,"2016/06/19 09:20:04"
D,METER_DATA,GEN_DUID,1,"2016/06/19 09:25:00",WPWF,0,"2016/06/19 09:20:04"
D,METER_DATA,GEN_DUID,1,"2016/06/19 09:25:00",YAMBUKWF,-0.30,"2016/06/19 09:20:04"
D,METER_DATA,GEN_DUID,1,"2016/06/19 09:30:00",BBDISEL1,0,"2016/06/19 09:25:04"
D,METER_DATA,GEN_DUID,1,"2016/06/19 09:30:00",BUTLERSG,7.799998,"2016/06/19 09:25:04"
D,METER_DATA,GEN_DUID,1,"2016/06/19 09:30:00",CALL_A_4,0,"2016/06/19 09:25:04"
D,METER_DATA,GEN_DUID,1,"2016/06/19 09:30:00",CAPTL_WF,49.667999,"2016/06/19 09:25:04"
D,METER_DATA,GEN_DUID,1,"2016/06/19 09:30:00",CATAGUN1,0,"2016/06/19 09:25:04"
D,METER_DATA,GEN_DUID,1,"2016/06/19 09:30:00",CATHROCK,0,"2016/06/19 09:25:04"
D,METER_DATA,GEN_DUID,1,"2016/06/19 09:30:00",CHALLHWF,6.60,"2016/06/19 09:25:04"
D,METER_DATA,GEN_DUID,1,"2016/06/19 09:30:00",CLOVER,25.50,"2016/06/19 09:25:04"
D,METER_DATA,GEN_DUID,1,"2016/06/19 09:30:00",CLUNY,15.5761,"2016/06/19 09:25:04"
D,METER_DATA,GEN_DUID,1,"2016/06/19 09:30:00",CNUNDAWF,5.206073,"2016/06/19 09:25:04"
D,METER_DATA,GEN_DUID,1,"2016/06/19 09:30:00",CULLRGWF,20.450001,"2016/06/19 09:25:04"
D,METER_DATA,GEN_DUID,1,"2016/06/19 09:30:00",ERGT01,0,"2016/06/19 09:25:04"
D,METER_DATA,GEN_DUID,1,"2016/06/19 09:30:00",GB01,0.145756,"2016/06/19 09:25:04"
D,METER_DATA,GEN_DUID,1,"2016/06/19 09:30:00",GEORGTN1,0,"2016/06/19 09:25:04"
D,METER_DATA,GEN_DUID,1,"2016/06/19 09:30:00",GEORGTN2,0,"2016/06/19 09:25:04"
D,METER_DATA,GEN_DUID,1,"2016/06/19 09:30:00",GERMCRK,40.799999,"2016/06/19 09:25:04"
D,METER_DATA,GEN_DUID,1,"2016/06/19 09:30:00",INVICTA,18.1250,"2016/06/19 09:25:04"
D,METER_DATA,GEN_DUID,1,"2016/06/19 09:30:00",LKBONNY1,3.840303,"2016/06/19 09:25:04"
D,METER_DATA,GEN_DUID,1,"2016/06/19 09:30:00",MBAHNTH,59.531254,"2016/06/19 09:25:04"
D,METER_DATA,GEN_DUID,1,"2016/06/19 09:30:00",MEADOWB2,0,"2016/06/19 09:25:04"
D,METER_DATA,GEN_DUID,1,"2016/06/19 09:30:00",MLWF1,3.09,"2016/06/19 09:25:04"
D,METER_DATA,GEN_DUID,1,"2016/06/19 09:30:00",MTMILLAR,5.261007,"2016/06/19 09:25:04"
D,METER_DATA,GEN_DUID,1,"2016/06/19 09:30:00",PALOONA,21.85,"2016/06/19 09:25:04"
D,METER_DATA,GEN_DUID,1,"2016/06/19 09:30:00",PORTLAT1,0,"2016/06/19 09:25:04"
D,METER_DATA,GEN_DUID,1,"2016/06/19 09:30:00",PORTWF,-0.40,"2016/06/19 09:25:04"
D,METER_DATA,GEN_DUID,1,"2016/06/19 09:30:00",QUERIVE1,-0.14,"2016/06/19 09:25:04"
D,METER_DATA,GEN_DUID,1,"2016/06/19 09:30:00",REPULSE,27.991795,"2016/06/19 09:25:04"
D,METER_DATA,GEN_DUID,1,"2016/06/19 09:30:00",ROWALLAN,10.0820,"2016/06/19 09:25:04"
D,METER_DATA,GEN_DUID,1,"2016/06/19 09:30:00",ROYALLA1,1.778003,"2016/06/19 09:25:04"
D,METER_DATA,GEN_DUID,1,"2016/06/19 09:30:00",RPCG,-0.20,"2016/06/19 09:25:04"
D,METER_DATA,GEN_DUID,1,"2016/06/19 09:30:00",RUBICON,0,"2016/06/19 09:25:04"
D,METER_DATA,GEN_DUID,1,"2016/06/19 09:30:00",STARHLWF,2.899155,"2016/06/19 09:25:04"
D,METER_DATA,GEN_DUID,1,"2016/06/19 09:30:00",WAUBRAWF,0,"2016/06/19 09:25:04"
D,METER_DATA,GEN_DUID,1,"2016/06/19 09:30:00",WOOLNTH1,26.120014,"2016/06/19 09:25:04"
D,METER_DATA,GEN_DUID,1,"2016/06/19 09:30:00",WPWF,0,"2016/06/19 09:25:04"
D,METER_DATA,GEN_DUID,1,"2016/06/19 09:30:00",YAMBUKWF,-0.30,"2016/06/19 09:25:04"
D,METER_DATA,GEN_DUID,1,"2016/06/19 09:35:00",BBDISEL1,0,"2016/06/19 09:30:05"
D,METER_DATA,GEN_DUID,1,"2016/06/19 09:35:00",BUTLERSG,7.799998,"2016/06/19 09:30:05"
D,METER_DATA,GEN_DUID,1,"2016/06/19 09:35:00",CALL_A_4,0,"2016/06/19 09:30:05"
D,METER_DATA,GEN_DUID,1,"2016/06/19 09:35:00",CAPTL_WF,53.480003,"2016/06/19 09:30:05"
D,METER_DATA,GEN_DUID,1,"2016/06/19 09:35:00",CATAGUN1,0,"2016/06/19 09:30:05"
D,METER_DATA,GEN_DUID,1,"2016/06/19 09:35:00",CATHROCK,0,"2016/06/19 09:30:05"
D,METER_DATA,GEN_DUID,1,"2016/06/19 09:35:00",CHALLHWF,6.30,"2016/06/19 09:30:05"
D,METER_DATA,GEN_DUID,1,"2016/06/19 09:35:00",CLOVER,25.440001,"2016/06/19 09:30:05"
D,METER_DATA,GEN_DUID,1,"2016/06/19 09:35:00",CLUNY,14.332870,"2016/06/19 09:30:05"
D,METER_DATA,GEN_DUID,1,"2016/06/19 09:35:00",CNUNDAWF,4.805606,"2016/06/19 09:30:05"
D,METER_DATA,GEN_DUID,1,"2016/06/19 09:35:00",CULLRGWF,18.76,"2016/06/19 09:30:05"
D,METER_DATA,GEN_DUID,1,"2016/06/19 09:35:00",ERGT01,0,"2016/06/19 09:30:05"
D,METER_DATA,GEN_DUID,1,"2016/06/19 09:35:00",GB01,0.145756,"2016/06/19 09:30:05"
D,METER_DATA,GEN_DUID,1,"2016/06/19 09:35:00",GEORGTN1,0,"2016/06/19 09:30:05"
D,METER_DATA,GEN_DUID,1,"2016/06/19 09:35:00",GEORGTN2,0,"2016/06/19 09:30:05"
D,METER_DATA,GEN_DUID,1,"2016/06/19 09:35:00",GERMCRK,40.599998,"2016/06/19 09:30:05"
D,METER_DATA,GEN_DUID,1,"2016/06/19 09:35:00",INVICTA,20.325001,"2016/06/19 09:30:05"
D,METER_DATA,GEN_DUID,1,"2016/06/19 09:35:00",LKBONNY1,4.108231,"2016/06/19 09:30:05"
D,METER_DATA,GEN_DUID,1,"2016/06/19 09:35:00",MBAHNTH,59.531254,"2016/06/19 09:30:05"
D,METER_DATA,GEN_DUID,1,"2016/06/19 09:35:00",MEADOWB2,0,"2016/06/19 09:30:05"
D,METER_DATA,GEN_DUID,1,"2016/06/19 09:35:00",MLWF1,2.8050,"2016/06/19 09:30:05"
D,METER_DATA,GEN_DUID,1,"2016/06/19 09:35:00",MTMILLAR,6.377204,"2016/06/19 09:30:05"
D,METER_DATA,GEN_DUID,1,"2016/06/19 09:35:00",PALOONA,21.68,"2016/06/19 09:30:05"
D,METER_DATA,GEN_DUID,1,"2016/06/19 09:35:00",PORTLAT1,0,"2016/06/19 09:30:05"
D,METER_DATA,GEN_DUID,1,"2016/06/19 09:35:00",PORTWF,-0.50,"2016/06/19 09:30:05"
D,METER_DATA,GEN_DUID,1,"2016/06/19 09:35:00",QUERIVE1,-0.14,"2016/06/19 09:30:05"
D,METER_DATA,GEN_DUID,1,"2016/06/19 09:35:00",REPULSE,28.068014,"2016/06/19 09:30:05"
D,METER_DATA,GEN_DUID,1,"2016/06/19 09:35:00",ROWALLAN,10.0465,"2016/06/19 09:30:05"
D,METER_DATA,GEN_DUID,1,"2016/06/19 09:35:00",ROYALLA1,1.811003,"2016/06/19 09:30:05"
D,METER_DATA,GEN_DUID,1,"2016/06/19 09:35:00",RPCG,-0.20,"2016/06/19 09:30:05"
D,METER_DATA,GEN_DUID,1,"2016/06/19 09:35:00",RUBICON,0,"2016/06/19 09:30:05"
D,METER_DATA,GEN_DUID,1,"2016/06/19 09:35:00",STARHLWF,2.199359,"2016/06/19 09:30:05"
D,METER_DATA,GEN_DUID,1,"2016/06/19 09:35:00",WAUBRAWF,0,"2016/06/19 09:30:05"
D,METER_DATA,GEN_DUID,1,"2016/06/19 09:35:00",WOOLNTH1,26.040016,"2016/06/19 09:30:05"
D,METER_DATA,GEN_DUID,1,"2016/06/19 09:35:00",WPWF,0,"2016/06/19 09:30:05"
D,METER_DATA,GEN_DUID,1,"2016/06/19 09:35:00",YAMBUKWF,-0.30,"2016/06/19 09:30:05"
D,METER_DATA,GEN_DUID,1,"2016/06/19 09:40:00",BBDISEL1,0,"2016/06/19 09:35:05"
D,METER_DATA,GEN_DUID,1,"2016/06/19 09:40:00",BUTLERSG,7.799998,"2016/06/19 09:35:05"
D,METER_DATA,GEN_DUID,1,"2016/06/19 09:40:00",CALL_A_4,0,"2016/06/19 09:35:05"
D,METER_DATA,GEN_DUID,1,"2016/06/19 09:40:00",CAPTL_WF,47.052002,"2016/06/19 09:35:05"
D,METER_DATA,GEN_DUID,1,"2016/06/19 09:40:00",CATAGUN1,0,"2016/06/19 09:35:05"
D,METER_DATA,GEN_DUID,1,"2016/06/19 09:40:00",CATHROCK,0,"2016/06/19 09:35:05"
D,METER_DATA,GEN_DUID,1,"2016/06/19 09:40:00",CHALLHWF,5.70,"2016/06/19 09:35:05"
D,METER_DATA,GEN_DUID,1,"2016/06/19 09:40:00",CLOVER,25.42,"2016/06/19 09:35:05"
D,METER_DATA,GEN_DUID,1,"2016/06/19 09:40:00",CLUNY,14.404321,"2016/06/19 09:35:05"
D,METER_DATA,GEN_DUID,1,"2016/06/19 09:40:00",CNUNDAWF,4.805606,"2016/06/19 09:35:05"
D,METER_DATA,GEN_DUID,1,"2016/06/19 09:40:00",CULLRGWF,18.41,"2016/06/19 09:35:05"
D,METER_DATA,GEN_DUID,1,"2016/06/19 09:40:00",ERGT01,0,"2016/06/19 09:35:05"
D,METER_DATA,GEN_DUID,1,"2016/06/19 09:40:00",GB01,0.145756,"2016/06/19 09:35:05"
D,METER_DATA,GEN_DUID,1,"2016/06/19 09:40:00",GEORGTN1,0,"2016/06/19 09:35:05"
D,METER_DATA,GEN_DUID,1,"2016/06/19 09:40:00",GEORGTN2,0,"2016/06/19 09:35:05"
D,METER_DATA,GEN_DUID,1,"2016/06/19 09:40:00",GERMCRK,40.200001,"2016/06/19 09:35:05"
D,METER_DATA,GEN_DUID,1,"2016/06/19 09:40:00",INVICTA,20.325001,"2016/06/19 09:35:05"
D,METER_DATA,GEN_DUID,1,"2016/06/19 09:40:00",LKBONNY1,3.929612,"2016/06/19 09:35:05"
D,METER_DATA,GEN_DUID,1,"2016/06/19 09:40:00",MBAHNTH,59.531254,"2016/06/19 09:35:05"
D,METER_DATA,GEN_DUID,1,"2016/06/19 09:40:00",MEADOWB2,0,"2016/06/19 09:35:05"
D,METER_DATA,GEN_DUID,1,"2016/06/19 09:40:00",MLWF1,2.2650,"2016/06/19 09:35:05"
D,METER_DATA,GEN_DUID,1,"2016/06/19 09:40:00",MTMILLAR,7.076687,"2016/06/19 09:35:05"
D,METER_DATA,GEN_DUID,1,"2016/06/19 09:40:00",PALOONA,21.859999,"2016/06/19 09:35:05"
D,METER_DATA,GEN_DUID,1,"2016/06/19 09:40:00",PORTLAT1,0,"2016/06/19 09:35:05"
D,METER_DATA,GEN_DUID,1,"2016/06/19 09:40:00",PORTWF,-0.20,"2016/06/19 09:35:05"
D,METER_DATA,GEN_DUID,1,"2016/06/19 09:40:00",QUERIVE1,-0.15,"2016/06/19 09:35:05"
D,METER_DATA,GEN_DUID,1,"2016/06/19 09:40:00",REPULSE,27.458254,"2016/06/19 09:35:05"
D,METER_DATA,GEN_DUID,1,"2016/06/19 09:40:00",ROWALLAN,9.7412,"2016/06/19 09:35:05"
D,METER_DATA,GEN_DUID,1,"2016/06/19 09:40:00",ROYALLA1,2.297003,"2016/06/19 09:35:05"
D,METER_DATA,GEN_DUID,1,"2016/06/19 09:40:00",RPCG,-0.20,"2016/06/19 09:35:05"
D,METER_DATA,GEN_DUID,1,"2016/06/19 09:40:00",RUBICON,0,"2016/06/19 09:35:05"
D,METER_DATA,GEN_DUID,1,"2016/06/19 09:40:00",STARHLWF,1.899446,"2016/06/19 09:35:05"
D,METER_DATA,GEN_DUID,1,"2016/06/19 09:40:00",WAUBRAWF,0,"2016/06/19 09:35:05"
D,METER_DATA,GEN_DUID,1,"2016/06/19 09:40:00",WOOLNTH1,25.150015,"2016/06/19 09:35:05"
D,METER_DATA,GEN_DUID,1,"2016/06/19 09:40:00",WPWF,0,"2016/06/19 09:35:05"
D,METER_DATA,GEN_DUID,1,"2016/06/19 09:40:00",YAMBUKWF,-0.20,"2016/06/19 09:35:05"
D,METER_DATA,GEN_DUID,1,"2016/06/19 09:45:00",BBDISEL1,0,"2016/06/19 09:40:05"
D,METER_DATA,GEN_DUID,1,"2016/06/19 09:45:00",BUTLERSG,7.799998,"2016/06/19 09:40:05"
D,METER_DATA,GEN_DUID,1,"2016/06/19 09:45:00",CALL_A_4,0,"2016/06/19 09:40:05"
D,METER_DATA,GEN_DUID,1,"2016/06/19 09:45:00",CAPTL_WF,45.3480,"2016/06/19 09:40:05"
D,METER_DATA,GEN_DUID,1,"2016/06/19 09:45:00",CATAGUN1,0,"2016/06/19 09:40:05"
D,METER_DATA,GEN_DUID,1,"2016/06/19 09:45:00",CATHROCK,0,"2016/06/19 09:40:05"
D,METER_DATA,GEN_DUID,1,"2016/06/19 09:45:00",CHALLHWF,5.50,"2016/06/19 09:40:05"
D,METER_DATA,GEN_DUID,1,"2016/06/19 09:45:00",CLOVER,25.50,"2016/06/19 09:40:05"
D,METER_DATA,GEN_DUID,1,"2016/06/19 09:45:00",CLUNY,15.218850,"2016/06/19 09:40:05"
D,METER_DATA,GEN_DUID,1,"2016/06/19 09:45:00",CNUNDAWF,4.405139,"2016/06/19 09:40:05"
D,METER_DATA,GEN_DUID,1,"2016/06/19 09:45:00",CULLRGWF,17.49,"2016/06/19 09:40:05"
D,METER_DATA,GEN_DUID,1,"2016/06/19 09:45:00",ERGT01,0,"2016/06/19 09:40:05"
D,METER_DATA,GEN_DUID,1,"2016/06/19 09:45:00",GB01,0.145756,"2016/06/19 09:40:05"
D,METER_DATA,GEN_DUID,1,"2016/06/19 09:45:00",GEORGTN1,0,"2016/06/19 09:40:05"
D,METER_DATA,GEN_DUID,1,"2016/06/19 09:45:00",GEORGTN2,0,"2016/06/19 09:40:05"
D,METER_DATA,GEN_DUID,1,"2016/06/19 09:45:00",GERMCRK,40.599998,"2016/06/19 09:40:05"
D,METER_DATA,GEN_DUID,1,"2016/06/19 09:45:00",INVICTA,20.325001,"2016/06/19 09:40:05"
D,METER_DATA,GEN_DUID,1,"2016/06/19 09:45:00",LKBONNY1,3.840303,"2016/06/19 09:40:05"
D,METER_DATA,GEN_DUID,1,"2016/06/19 09:45:00",MBAHNTH,59.531254,"2016/06/19 09:40:05"
D,METER_DATA,GEN_DUID,1,"2016/06/19 09:45:00",MEADOWB2,0,"2016/06/19 09:40:05"
D,METER_DATA,GEN_DUID,1,"2016/06/19 09:45:00",MLWF1,1.74,"2016/06/19 09:40:05"
D,METER_DATA,GEN_DUID,1,"2016/06/19 09:45:00",MTMILLAR,5.767016,"2016/06/19 09:40:05"
D,METER_DATA,GEN_DUID,1,"2016/06/19 09:45:00",PALOONA,21.66,"2016/06/19 09:40:05"
D,METER_DATA,GEN_DUID,1,"2016/06/19 09:45:00",PORTLAT1,0,"2016/06/19 09:40:05"
D,METER_DATA,GEN_DUID,1,"2016/06/19 09:45:00",PORTWF,0.90,"2016/06/19 09:40:05"
D,METER_DATA,GEN_DUID,1,"2016/06/19 09:45:00",QUERIVE1,-0.15,"2016/06/19 09:40:05"
D,METER_DATA,GEN_DUID,1,"2016/06/19 09:45:00",REPULSE,28.182344,"2016/06/19 09:40:05"
D,METER_DATA,GEN_DUID,1,"2016/06/19 09:45:00",ROWALLAN,9.9755,"2016/06/19 09:40:05"
D,METER_DATA,GEN_DUID,1,"2016/06/19 09:45:00",ROYALLA1,2.730003,"2016/06/19 09:40:05"
D,METER_DATA,GEN_DUID,1,"2016/06/19 09:45:00",RPCG,-0.20,"2016/06/19 09:40:05"
D,METER_DATA,GEN_DUID,1,"2016/06/19 09:45:00",RUBICON,0,"2016/06/19 09:40:05"
D,METER_DATA,GEN_DUID,1,"2016/06/19 09:45:00",STARHLWF,1.199650,"2016/06/19 09:40:05"
D,METER_DATA,GEN_DUID,1,"2016/06/19 09:45:00",WAUBRAWF,0,"2016/06/19 09:40:05"
D,METER_DATA,GEN_DUID,1,"2016/06/19 09:45:00",WOOLNTH1,25.350016,"2016/06/19 09:40:05"
D,METER_DATA,GEN_DUID,1,"2016/06/19 09:45:00",WPWF,0,"2016/06/19 09:40:05"
D,METER_DATA,GEN_DUID,1,"2016/06/19 09:45:00",YAMBUKWF,-0.20,"2016/06/19 09:40:05"
D,METER_DATA,GEN_DUID,1,"2016/06/19 09:50:00",BBDISEL1,0,"2016/06/19 09:45:05"
D,METER_DATA,GEN_DUID,1,"2016/06/19 09:50:00",BUTLERSG,7.799998,"2016/06/19 09:45:05"
D,METER_DATA,GEN_DUID,1,"2016/06/19 09:50:00",CALL_A_4,0,"2016/06/19 09:45:05"
D,METER_DATA,GEN_DUID,1,"2016/06/19 09:50:00",CAPTL_WF,44.627998,"2016/06/19 09:45:05"
D,METER_DATA,GEN_DUID,1,"2016/06/19 09:50:00",CATAGUN1,0,"2016/06/19 09:45:05"
D,METER_DATA,GEN_DUID,1,"2016/06/19 09:50:00",CATHROCK,0,"2016/06/19 09:45:05"
D,METER_DATA,GEN_DUID,1,"2016/06/19 09:50:00",CHALLHWF,5.10,"2016/06/19 09:45:05"
D,METER_DATA,GEN_DUID,1,"2016/06/19 09:50:00",CLOVER,25.43,"2016/06/19 09:45:05"
D,METER_DATA,GEN_DUID,1,"2016/06/19 09:50:00",CLUNY,14.475770,"2016/06/19 09:45:05"
D,METER_DATA,GEN_DUID,1,"2016/06/19 09:50:00",CNUNDAWF,4.004672,"2016/06/19 09:45:05"
D,METER_DATA,GEN_DUID,1,"2016/06/19 09:50:00",CULLRGWF,19,"2016/06/19 09:45:05"
D,METER_DATA,GEN_DUID,1,"2016/06/19 09:50:00",ERGT01,0,"2016/06/19 09:45:05"
D,METER_DATA,GEN_DUID,1,"2016/06/19 09:50:00",GB01,0.145756,"2016/06/19 09:45:05"
D,METER_DATA,GEN_DUID,1,"2016/06/19 09:50:00",GEORGTN1,0,"2016/06/19 09:45:05"
D,METER_DATA,GEN_DUID,1,"2016/06/19 09:50:00",GEORGTN2,0,"2016/06/19 09:45:05"
D,METER_DATA,GEN_DUID,1,"2016/06/19 09:50:00",GERMCRK,40.700001,"2016/06/19 09:45:05"
D,METER_DATA,GEN_DUID,1,"2016/06/19 09:50:00",INVICTA,20.325001,"2016/06/19 09:45:05"
D,METER_DATA,GEN_DUID,1,"2016/06/19 09:50:00",LKBONNY1,3.125828,"2016/06/19 09:45:05"
D,METER_DATA,GEN_DUID,1,"2016/06/19 09:50:00",MBAHNTH,59.531254,"2016/06/19 09:45:05"
D,METER_DATA,GEN_DUID,1,"2016/06/19 09:50:00",MEADOWB2,0,"2016/06/19 09:45:05"
D,METER_DATA,GEN_DUID,1,"2016/06/19 09:50:00",MLWF1,1.20,"2016/06/19 09:45:05"
D,METER_DATA,GEN_DUID,1,"2016/06/19 09:50:00",MTMILLAR,5.171711,"2016/06/19 09:45:05"
D,METER_DATA,GEN_DUID,1,"2016/06/19 09:50:00",PALOONA,21.789999,"2016/06/19 09:45:05"
D,METER_DATA,GEN_DUID,1,"2016/06/19 09:50:00",PORTLAT1,0,"2016/06/19 09:45:05"
D,METER_DATA,GEN_DUID,1,"2016/06/19 09:50:00",PORTWF,2,"2016/06/19 09:45:05"
D,METER_DATA,GEN_DUID,1,"2016/06/19 09:50:00",QUERIVE1,-0.14,"2016/06/19 09:45:05"
D,METER_DATA,GEN_DUID,1,"2016/06/19 09:50:00",REPULSE,27.134319,"2016/06/19 09:45:05"
D,METER_DATA,GEN_DUID,1,"2016/06/19 09:50:00",ROWALLAN,10.003901,"2016/06/19 09:45:05"
D,METER_DATA,GEN_DUID,1,"2016/06/19 09:50:00",ROYALLA1,2.966003,"2016/06/19 09:45:05"
D,METER_DATA,GEN_DUID,1,"2016/06/19 09:50:00",RPCG,-0.20,"2016/06/19 09:45:05"
D,METER_DATA,GEN_DUID,1,"2016/06/19 09:50:00",RUBICON,0,"2016/06/19 09:45:05"
D,METER_DATA,GEN_DUID,1,"2016/06/19 09:50:00",STARHLWF,0.699796,"2016/06/19 09:45:05"
D,METER_DATA,GEN_DUID,1,"2016/06/19 09:50:00",WAUBRAWF,0,"2016/06/19 09:45:05"
D,METER_DATA,GEN_DUID,1,"2016/06/19 09:50:00",WOOLNTH1,24.940016,"2016/06/19 09:45:05"
D,METER_DATA,GEN_DUID,1,"2016/06/19 09:50:00",WPWF,0,"2016/06/19 09:45:05"
D,METER_DATA,GEN_DUID,1,"2016/06/19 09:50:00",YAMBUKWF,-0.20,"2016/06/19 09:45:05"
D,METER_DATA,GEN_DUID,1,"2016/06/19 09:55:00",BBDISEL1,0,"2016/06/19 09:50:05"
D,METER_DATA,GEN_DUID,1,"2016/06/19 09:55:00",BUTLERSG,7.799998,"2016/06/19 09:50:05"
D,METER_DATA,GEN_DUID,1,"2016/06/19 09:55:00",CALL_A_4,0,"2016/06/19 09:50:05"
D,METER_DATA,GEN_DUID,1,"2016/06/19 09:55:00",CAPTL_WF,50.660004,"2016/06/19 09:50:05"
D,METER_DATA,GEN_DUID,1,"2016/06/19 09:55:00",CATAGUN1,0,"2016/06/19 09:50:05"
D,METER_DATA,GEN_DUID,1,"2016/06/19 09:55:00",CATHROCK,4.47,"2016/06/19 09:50:05"
D,METER_DATA,GEN_DUID,1,"2016/06/19 09:55:00",CHALLHWF,5.10,"2016/06/19 09:50:05"
D,METER_DATA,GEN_DUID,1,"2016/06/19 09:55:00",CLOVER,25.49,"2016/06/19 09:50:05"
D,METER_DATA,GEN_DUID,1,"2016/06/19 09:55:00",CLUNY,14.918760,"2016/06/19 09:50:05"
D,METER_DATA,GEN_DUID,1,"2016/06/19 09:55:00",CNUNDAWF,3.604205,"2016/06/19 09:50:05"
D,METER_DATA,GEN_DUID,1,"2016/06/19 09:55:00",CULLRGWF,17.84,"2016/06/19 09:50:05"
D,METER_DATA,GEN_DUID,1,"2016/06/19 09:55:00",ERGT01,0,"2016/06/19 09:50:05"
D,METER_DATA,GEN_DUID,1,"2016/06/19 09:55:00",GB01,0.144310,"2016/06/19 09:50:05"
D,METER_DATA,GEN_DUID,1,"2016/06/19 09:55:00",GEORGTN1,0,"2016/06/19 09:50:05"
D,METER_DATA,GEN_DUID,1,"2016/06/19 09:55:00",GEORGTN2,0,"2016/06/19 09:50:05"
D,METER_DATA,GEN_DUID,1,"2016/06/19 09:55:00",GERMCRK,40.50,"2016/06/19 09:50:05"
D,METER_DATA,GEN_DUID,1,"2016/06/19 09:55:00",INVICTA,20.325001,"2016/06/19 09:50:05"
D,METER_DATA,GEN_DUID,1,"2016/06/19 09:55:00",LKBONNY1,3.125828,"2016/06/19 09:50:05"
D,METER_DATA,GEN_DUID,1,"2016/06/19 09:55:00",MBAHNTH,59.531254,"2016/06/19 09:50:05"
D,METER_DATA,GEN_DUID,1,"2016/06/19 09:55:00",MEADOWB2,0,"2016/06/19 09:50:05"
D,METER_DATA,GEN_DUID,1,"2016/06/19 09:55:00",MLWF1,1.0050,"2016/06/19 09:50:05"
D,METER_DATA,GEN_DUID,1,"2016/06/19 09:55:00",MTMILLAR,5.938167,"2016/06/19 09:50:05"
D,METER_DATA,GEN_DUID,1,"2016/06/19 09:55:00",PALOONA,21.789999,"2016/06/19 09:50:05"
D,METER_DATA,GEN_DUID,1,"2016/06/19 09:55:00",PORTLAT1,0,"2016/06/19 09:50:05"
D,METER_DATA,GEN_DUID,1,"2016/06/19 09:55:00",PORTWF,3,"2016/06/19 09:50:05"
D,METER_DATA,GEN_DUID,1,"2016/06/19 09:55:00",QUERIVE1,-0.14,"2016/06/19 09:50:05"
D,METER_DATA,GEN_DUID,1,"2016/06/19 09:55:00",REPULSE,28.220455,"2016/06/19 09:50:05"
D,METER_DATA,GEN_DUID,1,"2016/06/19 09:55:00",ROWALLAN,9.8548,"2016/06/19 09:50:05"
D,METER_DATA,GEN_DUID,1,"2016/06/19 09:55:00",ROYALLA1,2.377003,"2016/06/19 09:50:05"
D,METER_DATA,GEN_DUID,1,"2016/06/19 09:55:00",RPCG,-0.20,"2016/06/19 09:50:05"
D,METER_DATA,GEN_DUID,1,"2016/06/19 09:55:00",RUBICON,0,"2016/06/19 09:50:05"
D,METER_DATA,GEN_DUID,1,"2016/06/19 09:55:00",STARHLWF,0.699796,"2016/06/19 09:50:05"
D,METER_DATA,GEN_DUID,1,"2016/06/19 09:55:00",WAUBRAWF,0,"2016/06/19 09:50:05"
D,METER_DATA,GEN_DUID,1,"2016/06/19 09:55:00",WOOLNTH1,22.510015,"2016/06/19 09:50:05"
D,METER_DATA,GEN_DUID,1,"2016/06/19 09:55:00",WPWF,0,"2016/06/19 09:50:05"
D,METER_DATA,GEN_DUID,1,"2016/06/19 09:55:00",YAMBUKWF,-0.20,"2016/06/19 09:50:05"
D,METER_DATA,GEN_DUID,1,"2016/06/19 10:00:00",BBDISEL1,0,"2016/06/19 09:55:04"
D,METER_DATA,GEN_DUID,1,"2016/06/19 10:00:00",BUTLERSG,7.799998,"2016/06/19 09:55:04"
D,METER_DATA,GEN_DUID,1,"2016/06/19 10:00:00",CALL_A_4,0,"2016/06/19 09:55:04"
D,METER_DATA,GEN_DUID,1,"2016/06/19 10:00:00",CAPTL_WF,55.18,"2016/06/19 09:55:04"
D,METER_DATA,GEN_DUID,1,"2016/06/19 10:00:00",CATAGUN1,0,"2016/06/19 09:55:04"
D,METER_DATA,GEN_DUID,1,"2016/06/19 10:00:00",CATHROCK,5.67,"2016/06/19 09:55:04"
D,METER_DATA,GEN_DUID,1,"2016/06/19 10:00:00",CHALLHWF,4.80,"2016/06/19 09:55:04"
D,METER_DATA,GEN_DUID,1,"2016/06/19 10:00:00",CLOVER,25.43,"2016/06/19 09:55:04"
D,METER_DATA,GEN_DUID,1,"2016/06/19 10:00:00",CLUNY,15.304590,"2016/06/19 09:55:04"
D,METER_DATA,GEN_DUID,1,"2016/06/19 10:00:00",CNUNDAWF,4.405139,"2016/06/19 09:55:04"
D,METER_DATA,GEN_DUID,1,"2016/06/19 10:00:00",CULLRGWF,17.93,"2016/06/19 09:55:04"
D,METER_DATA,GEN_DUID,1,"2016/06/19 10:00:00",ERGT01,0,"2016/06/19 09:55:04"
D,METER_DATA,GEN_DUID,1,"2016/06/19 10:00:00",GB01,0.144310,"2016/06/19 09:55:04"
D,METER_DATA,GEN_DUID,1,"2016/06/19 10:00:00",GEORGTN1,0,"2016/06/19 09:55:04"
D,METER_DATA,GEN_DUID,1,"2016/06/19 10:00:00",GEORGTN2,0,"2016/06/19 09:55:04"
D,METER_DATA,GEN_DUID,1,"2016/06/19 10:00:00",GERMCRK,40.299999,"2016/06/19 09:55:04"
D,METER_DATA,GEN_DUID,1,"2016/06/19 10:00:00",INVICTA,20.325001,"2016/06/19 09:55:04"
D,METER_DATA,GEN_DUID,1,"2016/06/19 10:00:00",LKBONNY1,3.304446,"2016/06/19 09:55:04"
D,METER_DATA,GEN_DUID,1,"2016/06/19 10:00:00",MBAHNTH,59.531254,"2016/06/19 09:55:04"
D,METER_DATA,GEN_DUID,1,"2016/06/19 10:00:00",MEADOWB2,0,"2016/06/19 09:55:04"
D,METER_DATA,GEN_DUID,1,"2016/06/19 10:00:00",MLWF1,0.6750,"2016/06/19 09:55:04"
D,METER_DATA,GEN_DUID,1,"2016/06/19 10:00:00",MTMILLAR,6.042345,"2016/06/19 09:55:04"
D,METER_DATA,GEN_DUID,1,"2016/06/19 10:00:00",PALOONA,21.789999,"2016/06/19 09:55:04"
D,METER_DATA,GEN_DUID,1,"2016/06/19 10:00:00",PORTLAT1,0,"2016/06/19 09:55:04"
D,METER_DATA,GEN_DUID,1,"2016/06/19 10:00:00",PORTWF,2.50,"2016/06/19 09:55:04"
D,METER_DATA,GEN_DUID,1,"2016/06/19 10:00:00",QUERIVE1,-0.14,"2016/06/19 09:55:04"
D,METER_DATA,GEN_DUID,1,"2016/06/19 10:00:00",REPULSE,28.582499,"2016/06/19 09:55:04"
D,METER_DATA,GEN_DUID,1,"2016/06/19 10:00:00",ROWALLAN,10.0465,"2016/06/19 09:55:04"
D,METER_DATA,GEN_DUID,1,"2016/06/19 10:00:00",ROYALLA1,2.093003,"2016/06/19 09:55:04"
D,METER_DATA,GEN_DUID,1,"2016/06/19 10:00:00",RPCG,-0.20,"2016/06/19 09:55:04"
D,METER_DATA,GEN_DUID,1,"2016/06/19 10:00:00",RUBICON,0,"2016/06/19 09:55:04"
D,METER_DATA,GEN_DUID,1,"2016/06/19 10:00:00",STARHLWF,0.499854,"2016/06/19 09:55:04"
D,METER_DATA,GEN_DUID,1,"2016/06/19 10:00:00",WAUBRAWF,0,"2016/06/19 09:55:04"
D,METER_DATA,GEN_DUID,1,"2016/06/19 10:00:00",WOOLNTH1,21.140015,"2016/06/19 09:55:04"
D,METER_DATA,GEN_DUID,1,"2016/06/19 10:00:00",WPWF,0,"2016/06/19 09:55:04"
D,METER_DATA,GEN_DUID,1,"2016/06/19 10:00:00",YAMBUKWF,-0.20,"2016/06/19 09:55:04"
D,METER_DATA,GEN_DUID,1,"2016/06/19 10:05:00",BBDISEL1,0,"2016/06/19 10:00:04"
D,METER_DATA,GEN_DUID,1,"2016/06/19 10:05:00",BUTLERSG,7.799998,"2016/06/19 10:00:04"
D,METER_DATA,GEN_DUID,1,"2016/06/19 10:05:00",CALL_A_4,0,"2016/06/19 10:00:04"
D,METER_DATA,GEN_DUID,1,"2016/06/19 10:05:00",CATAGUN1,0,"2016/06/19 10:00:04"
D,METER_DATA,GEN_DUID,1,"2016/06/19 10:05:00",CATHROCK,5.62,"2016/06/19 10:00:04"
D,METER_DATA,GEN_DUID,1,"2016/06/19 10:05:00",CHALLHWF,4.70,"2016/06/19 10:00:04"
D,METER_DATA,GEN_DUID,1,"2016/06/19 10:05:00",CLOVER,25.43,"2016/06/19 10:00:04"
D,METER_DATA,GEN_DUID,1,"2016/06/19 10:05:00",CLUNY,14.704411,"2016/06/19 10:00:04"
D,METER_DATA,GEN_DUID,1,"2016/06/19 10:05:00",CNUNDAWF,5.306190,"2016/06/19 10:00:04"
D,METER_DATA,GEN_DUID,1,"2016/06/19 10:05:00",CULLRGWF,17.870001,"2016/06/19 10:00:04"
D,METER_DATA,GEN_DUID,1,"2016/06/19 10:05:00",ERGT01,0,"2016/06/19 10:00:04"
D,METER_DATA,GEN_DUID,1,"2016/06/19 10:05:00",GB01,0.144310,"2016/06/19 10:00:04"
D,METER_DATA,GEN_DUID,1,"2016/06/19 10:05:00",GEORGTN1,0,"2016/06/19 10:00:04"
D,METER_DATA,GEN_DUID,1,"2016/06/19 10:05:00",GEORGTN2,0,"2016/06/19 10:00:04"
D,METER_DATA,GEN_DUID,1,"2016/06/19 10:05:00",GERMCRK,40.200001,"2016/06/19 10:00:04"
D,METER_DATA,GEN_DUID,1,"2016/06/19 10:05:00",INVICTA,20.325001,"2016/06/19 10:00:04"
D,METER_DATA,GEN_DUID,1,"2016/06/19 10:05:00",LKBONNY1,3.661684,"2016/06/19 10:00:04"
D,METER_DATA,GEN_DUID,1,"2016/06/19 10:05:00",MBAHNTH,59.531254,"2016/06/19 10:00:04"
D,METER_DATA,GEN_DUID,1,"2016/06/19 10:05:00",MEADOWB2,0,"2016/06/19 10:00:04"
D,METER_DATA,GEN_DUID,1,"2016/06/19 10:05:00",MLWF1,0.3450,"2016/06/19 10:00:04"
D,METER_DATA,GEN_DUID,1,"2016/06/19 10:05:00",MTMILLAR,6.585561,"2016/06/19 10:00:04"
D,METER_DATA,GEN_DUID,1,"2016/06/19 10:05:00",PALOONA,21.789999,"2016/06/19 10:00:04"
D,METER_DATA,GEN_DUID,1,"2016/06/19 10:05:00",PORTLAT1,0,"2016/06/19 10:00:04"
D,METER_DATA,GEN_DUID,1,"2016/06/19 10:05:00",PORTWF,2.50,"2016/06/19 10:00:04"
D,METER_DATA,GEN_DUID,1,"2016/06/19 10:05:00",QUERIVE1,-0.14,"2016/06/19 10:00:04"
D,METER_DATA,GEN_DUID,1,"2016/06/19 10:05:00",REPULSE,28.334784,"2016/06/19 10:00:04"
D,METER_DATA,GEN_DUID,1,"2016/06/19 10:05:00",ROWALLAN,9.9045,"2016/06/19 10:00:04"
D,METER_DATA,GEN_DUID,1,"2016/06/19 10:05:00",ROYALLA1,2.631003,"2016/06/19 10:00:04"
D,METER_DATA,GEN_DUID,1,"2016/06/19 10:05:00",RPCG,-0.20,"2016/06/19 10:00:04"
D,METER_DATA,GEN_DUID,1,"2016/06/19 10:05:00",RUBICON,0,"2016/06/19 10:00:04"
D,METER_DATA,GEN_DUID,1,"2016/06/19 10:05:00",STARHLWF,0.099971,"2016/06/19 10:00:04"
D,METER_DATA,GEN_DUID,1,"2016/06/19 10:05:00",WAUBRAWF,0,"2016/06/19 10:00:04"
D,METER_DATA,GEN_DUID,1,"2016/06/19 10:05:00",WOOLNTH1,21.090015,"2016/06/19 10:00:04"
D,METER_DATA,GEN_DUID,1,"2016/06/19 10:05:00",WPWF,0,"2016/06/19 10:00:04"
D,METER_DATA,GEN_DUID,1,"2016/06/19 10:05:00",YAMBUKWF,-0.20,"2016/06/19 10:00:04"
D,METER_DATA,GEN_DUID,1,"2016/06/19 10:10:00",BBDISEL1,0,"2016/06/19 10:05:05"
D,METER_DATA,GEN_DUID,1,"2016/06/19 10:10:00",BUTLERSG,7.799998,"2016/06/19 10:05:05"
D,METER_DATA,GEN_DUID,1,"2016/06/19 10:10:00",CALL_A_4,0,"2016/06/19 10:05:05"
D,METER_DATA,GEN_DUID,1,"2016/06/19 10:10:00",CAPTL_WF,63.496002,"2016/06/19 10:05:05"
D,METER_DATA,GEN_DUID,1,"2016/06/19 10:10:00",CATAGUN1,0,"2016/06/19 10:05:05"
D,METER_DATA,GEN_DUID,1,"2016/06/19 10:10:00",CATHROCK,11.28,"2016/06/19 10:05:05"
D,METER_DATA,GEN_DUID,1,"2016/06/19 10:10:00",CHALLHWF,4.40,"2016/06/19 10:05:05"
D,METER_DATA,GEN_DUID,1,"2016/06/19 10:10:00",CLOVER,25.48,"2016/06/19 10:05:05"
D,METER_DATA,GEN_DUID,1,"2016/06/19 10:10:00",CLUNY,15.8619,"2016/06/19 10:05:05"
D,METER_DATA,GEN_DUID,1,"2016/06/19 10:10:00",CNUNDAWF,4.905723,"2016/06/19 10:05:05"
D,METER_DATA,GEN_DUID,1,"2016/06/19 10:10:00",CULLRGWF,18.35,"2016/06/19 10:05:05"
D,METER_DATA,GEN_DUID,1,"2016/06/19 10:10:00",ERGT01,0,"2016/06/19 10:05:05"
D,METER_DATA,GEN_DUID,1,"2016/06/19 10:10:00",GB01,0.144310,"2016/06/19 10:05:05"
D,METER_DATA,GEN_DUID,1,"2016/06/19 10:10:00",GEORGTN1,0,"2016/06/19 10:05:05"
D,METER_DATA,GEN_DUID,1,"2016/06/19 10:10:00",GEORGTN2,0,"2016/06/19 10:05:05"
D,METER_DATA,GEN_DUID,1,"2016/06/19 10:10:00",GERMCRK,40.599998,"2016/06/19 10:05:05"
D,METER_DATA,GEN_DUID,1,"2016/06/19 10:10:00",INVICTA,21.550001,"2016/06/19 10:05:05"
D,METER_DATA,GEN_DUID,1,"2016/06/19 10:10:00",LKBONNY1,5.090634,"2016/06/19 10:05:05"
D,METER_DATA,GEN_DUID,1,"2016/06/19 10:10:00",MBAHNTH,59.531254,"2016/06/19 10:05:05"
D,METER_DATA,GEN_DUID,1,"2016/06/19 10:10:00",MEADOWB2,0,"2016/06/19 10:05:05"
D,METER_DATA,GEN_DUID,1,"2016/06/19 10:10:00",MLWF1,0.1350,"2016/06/19 10:05:05"
D,METER_DATA,GEN_DUID,1,"2016/06/19 10:10:00",MTMILLAR,6.057228,"2016/06/19 10:05:05"
D,METER_DATA,GEN_DUID,1,"2016/06/19 10:10:00",PALOONA,21.789999,"2016/06/19 10:05:05"
D,METER_DATA,GEN_DUID,1,"2016/06/19 10:10:00",PORTLAT1,0,"2016/06/19 10:05:05"
D,METER_DATA,GEN_DUID,1,"2016/06/19 10:10:00",PORTWF,4.90,"2016/06/19 10:05:05"
D,METER_DATA,GEN_DUID,1,"2016/06/19 10:10:00",QUERIVE1,-0.15,"2016/06/19 10:05:05"
D,METER_DATA,GEN_DUID,1,"2016/06/19 10:10:00",REPULSE,28.106125,"2016/06/19 10:05:05"
D,METER_DATA,GEN_DUID,1,"2016/06/19 10:10:00",ROWALLAN,10.259501,"2016/06/19 10:05:05"
D,METER_DATA,GEN_DUID,1,"2016/06/19 10:10:00",ROYALLA1,3.176003,"2016/06/19 10:05:05"
D,METER_DATA,GEN_DUID,1,"2016/06/19 10:10:00",RPCG,-0.20,"2016/06/19 10:05:05"
D,METER_DATA,GEN_DUID,1,"2016/06/19 10:10:00",RUBICON,0,"2016/06/19 10:05:05"
D,METER_DATA,GEN_DUID,1,"2016/06/19 10:10:00",STARHLWF,0.099971,"2016/06/19 10:05:05"
D,METER_DATA,GEN_DUID,1,"2016/06/19 10:10:00",WAUBRAWF,0,"2016/06/19 10:05:05"
D,METER_DATA,GEN_DUID,1,"2016/06/19 10:10:00",WOOLNTH1,20.490017,"2016/06/19 10:05:05"
D,METER_DATA,GEN_DUID,1,"2016/06/19 10:10:00",WPWF,0,"2016/06/19 10:05:05"
D,METER_DATA,GEN_DUID,1,"2016/06/19 10:10:00",YAMBUKWF,-0.20,"2016/06/19 10:05:05"
D,METER_DATA,GEN_DUID,1,"2016/06/19 10:15:00",BBDISEL1,0,"2016/06/19 10:10:05"
D,METER_DATA,GEN_DUID,1,"2016/06/19 10:15:00",BUTLERSG,7.799998,"2016/06/19 10:10:05"
D,METER_DATA,GEN_DUID,1,"2016/06/19 10:15:00",CALL_A_4,0,"2016/06/19 10:10:05"
D,METER_DATA,GEN_DUID,1,"2016/06/19 10:15:00",CAPTL_WF,60.815994,"2016/06/19 10:10:05"
D,METER_DATA,GEN_DUID,1,"2016/06/19 10:15:00",CATAGUN1,0,"2016/06/19 10:10:05"
D,METER_DATA,GEN_DUID,1,"2016/06/19 10:15:00",CATHROCK,13.119999,"2016/06/19 10:10:05"
D,METER_DATA,GEN_DUID,1,"2016/06/19 10:15:00",CHALLHWF,4.70,"2016/06/19 10:10:05"
D,METER_DATA,GEN_DUID,1,"2016/06/19 10:15:00",CLOVER,25.450001,"2016/06/19 10:10:05"
D,METER_DATA,GEN_DUID,1,"2016/06/19 10:15:00",CLUNY,14.604381,"2016/06/19 10:10:05"
D,METER_DATA,GEN_DUID,1,"2016/06/19 10:15:00",CNUNDAWF,4.104789,"2016/06/19 10:10:05"
D,METER_DATA,GEN_DUID,1,"2016/06/19 10:15:00",CULLRGWF,18.190001,"2016/06/19 10:10:05"
D,METER_DATA,GEN_DUID,1,"2016/06/19 10:15:00",ERGT01,0,"2016/06/19 10:10:05"
D,METER_DATA,GEN_DUID,1,"2016/06/19 10:15:00",GB01,0.144310,"2016/06/19 10:10:05"
D,METER_DATA,GEN_DUID,1,"2016/06/19 10:15:00",GEORGTN1,0,"2016/06/19 10:10:05"
D,METER_DATA,GEN_DUID,1,"2016/06/19 10:15:00",GEORGTN2,0,"2016/06/19 10:10:05"
D,METER_DATA,GEN_DUID,1,"2016/06/19 10:15:00",GERMCRK,40.50,"2016/06/19 10:10:05"
D,METER_DATA,GEN_DUID,1,"2016/06/19 10:15:00",INVICTA,22.75,"2016/06/19 10:10:05"
D,METER_DATA,GEN_DUID,1,"2016/06/19 10:15:00",LKBONNY1,5.805109,"2016/06/19 10:10:05"
D,METER_DATA,GEN_DUID,1,"2016/06/19 10:15:00",MBAHNTH,59.531254,"2016/06/19 10:10:05"
D,METER_DATA,GEN_DUID,1,"2016/06/19 10:15:00",MEADOWB2,0,"2016/06/19 10:10:05"
D,METER_DATA,GEN_DUID,1,"2016/06/19 10:15:00",MLWF1,0.0450,"2016/06/19 10:10:05"
D,METER_DATA,GEN_DUID,1,"2016/06/19 10:15:00",MTMILLAR,5.848871,"2016/06/19 10:10:05"
D,METER_DATA,GEN_DUID,1,"2016/06/19 10:15:00",PALOONA,21.789999,"2016/06/19 10:10:05"
D,METER_DATA,GEN_DUID,1,"2016/06/19 10:15:00",PORTLAT1,0,"2016/06/19 10:10:05"
D,METER_DATA,GEN_DUID,1,"2016/06/19 10:15:00",PORTWF,10.10,"2016/06/19 10:10:05"
D,METER_DATA,GEN_DUID,1,"2016/06/19 10:15:00",QUERIVE1,-0.15,"2016/06/19 10:10:05"
D,METER_DATA,GEN_DUID,1,"2016/06/19 10:15:00",REPULSE,27.572584,"2016/06/19 10:10:05"
D,METER_DATA,GEN_DUID,1,"2016/06/19 10:15:00",ROWALLAN,9.8690,"2016/06/19 10:10:05"
D,METER_DATA,GEN_DUID,1,"2016/06/19 10:15:00",ROYALLA1,3.251003,"2016/06/19 10:10:05"
D,METER_DATA,GEN_DUID,1,"2016/06/19 10:15:00",RPCG,-0.20,"2016/06/19 10:10:05"
D,METER_DATA,GEN_DUID,1,"2016/06/19 10:15:00",RUBICON,0,"2016/06/19 10:10:05"
D,METER_DATA,GEN_DUID,1,"2016/06/19 10:15:00",STARHLWF,0.099971,"2016/06/19 10:10:05"
D,METER_DATA,GEN_DUID,1,"2016/06/19 10:15:00",WAUBRAWF,0,"2016/06/19 10:10:05"
D,METER_DATA,GEN_DUID,1,"2016/06/19 10:15:00",WOOLNTH1,19.370016,"2016/06/19 10:10:05"
D,METER_DATA,GEN_DUID,1,"2016/06/19 10:15:00",WPWF,0,"2016/06/19 10:10:05"
D,METER_DATA,GEN_DUID,1,"2016/06/19 10:15:00",YAMBUKWF,-0.20,"2016/06/19 10:10:05"
D,METER_DATA,GEN_DUID,1,"2016/06/19 10:20:00",BBDISEL1,0,"2016/06/19 10:15:05"
D,METER_DATA,GEN_DUID,1,"2016/06/19 10:20:00",BUTLERSG,7.799998,"2016/06/19 10:15:05"
D,METER_DATA,GEN_DUID,1,"2016/06/19 10:20:00",CALL_A_4,0,"2016/06/19 10:15:05"
D,METER_DATA,GEN_DUID,1,"2016/06/19 10:20:00",CAPTL_WF,60.167999,"2016/06/19 10:15:05"
D,METER_DATA,GEN_DUID,1,"2016/06/19 10:20:00",CATAGUN1,0,"2016/06/19 10:15:05"
D,METER_DATA,GEN_DUID,1,"2016/06/19 10:20:00",CATHROCK,13.07,"2016/06/19 10:15:05"
D,METER_DATA,GEN_DUID,1,"2016/06/19 10:20:00",CHALLHWF,5.30,"2016/06/19 10:15:05"
D,METER_DATA,GEN_DUID,1,"2016/06/19 10:20:00",CLOVER,25.439999,"2016/06/19 10:15:05"
D,METER_DATA,GEN_DUID,1,"2016/06/19 10:20:00",CLUNY,14.804440,"2016/06/19 10:15:05"
D,METER_DATA,GEN_DUID,1,"2016/06/19 10:20:00",CNUNDAWF,3.303854,"2016/06/19 10:15:05"
D,METER_DATA,GEN_DUID,1,"2016/06/19 10:20:00",CULLRGWF,18.34,"2016/06/19 10:15:05"
D,METER_DATA,GEN_DUID,1,"2016/06/19 10:20:00",ERGT01,0,"2016/06/19 10:15:05"
D,METER_DATA,GEN_DUID,1,"2016/06/19 10:20:00",GB01,0.144310,"2016/06/19 10:15:05"
D,METER_DATA,GEN_DUID,1,"2016/06/19 10:20:00",GEORGTN1,0,"2016/06/19 10:15:05"
D,METER_DATA,GEN_DUID,1,"2016/06/19 10:20:00",GEORGTN2,0,"2016/06/19 10:15:05"
D,METER_DATA,GEN_DUID,1,"2016/06/19 10:20:00",GERMCRK,40.200001,"2016/06/19 10:15:05"
D,METER_DATA,GEN_DUID,1,"2016/06/19 10:20:00",INVICTA,24.15,"2016/06/19 10:15:05"
D,METER_DATA,GEN_DUID,1,"2016/06/19 10:20:00",LKBONNY1,5.894418,"2016/06/19 10:15:05"
D,METER_DATA,GEN_DUID,1,"2016/06/19 10:20:00",MBAHNTH,59.531254,"2016/06/19 10:15:05"
D,METER_DATA,GEN_DUID,1,"2016/06/19 10:20:00",MEADOWB2,0,"2016/06/19 10:15:05"
D,METER_DATA,GEN_DUID,1,"2016/06/19 10:20:00",MLWF1,0.0750,"2016/06/19 10:15:05"
D,METER_DATA,GEN_DUID,1,"2016/06/19 10:20:00",MTMILLAR,6.927861,"2016/06/19 10:15:05"
D,METER_DATA,GEN_DUID,1,"2016/06/19 10:20:00",PALOONA,21.789999,"2016/06/19 10:15:05"
D,METER_DATA,GEN_DUID,1,"2016/06/19 10:20:00",PORTLAT1,0,"2016/06/19 10:15:05"
D,METER_DATA,GEN_DUID,1,"2016/06/19 10:20:00",PORTWF,12.20,"2016/06/19 10:15:05"
D,METER_DATA,GEN_DUID,1,"2016/06/19 10:20:00",QUERIVE1,-0.13,"2016/06/19 10:15:05"
D,METER_DATA,GEN_DUID,1,"2016/06/19 10:20:00",REPULSE,27.343924,"2016/06/19 10:15:05"
D,METER_DATA,GEN_DUID,1,"2016/06/19 10:20:00",ROWALLAN,9.9613,"2016/06/19 10:15:05"
D,METER_DATA,GEN_DUID,1,"2016/06/19 10:20:00",ROYALLA1,3.214003,"2016/06/19 10:15:05"
D,METER_DATA,GEN_DUID,1,"2016/06/19 10:20:00",RPCG,-0.20,"2016/06/19 10:15:05"
D,METER_DATA,GEN_DUID,1,"2016/06/19 10:20:00",RUBICON,0,"2016/06/19 10:15:05"
D,METER_DATA,GEN_DUID,1,"2016/06/19 10:20:00",STARHLWF,0.499854,"2016/06/19 10:15:05"
D,METER_DATA,GEN_DUID,1,"2016/06/19 10:20:00",WAUBRAWF,0,"2016/06/19 10:15:05"
D,METER_DATA,GEN_DUID,1,"2016/06/19 10:20:00",WOOLNTH1,21.010015,"2016/06/19 10:15:05"
D,METER_DATA,GEN_DUID,1,"2016/06/19 10:20:00",WPWF,0,"2016/06/19 10:15:05"
D,METER_DATA,GEN_DUID,1,"2016/06/19 10:20:00",YAMBUKWF,-0.20,"2016/06/19 10:15:05"
D,METER_DATA,GEN_DUID,1,"2016/06/19 10:25:00",BBDISEL1,0,"2016/06/19 10:20:05"
D,METER_DATA,GEN_DUID,1,"2016/06/19 10:25:00",BUTLERSG,7.799998,"2016/06/19 10:20:05"
D,METER_DATA,GEN_DUID,1,"2016/06/19 10:25:00",CALL_A_4,0,"2016/06/19 10:20:05"
D,METER_DATA,GEN_DUID,1,"2016/06/19 10:25:00",CAPTL_WF,57.744003,"2016/06/19 10:20:05"
D,METER_DATA,GEN_DUID,1,"2016/06/19 10:25:00",CATAGUN1,0,"2016/06/19 10:20:05"
D,METER_DATA,GEN_DUID,1,"2016/06/19 10:25:00",CATHROCK,12.249999,"2016/06/19 10:20:05"
D,METER_DATA,GEN_DUID,1,"2016/06/19 10:25:00",CHALLHWF,6.20,"2016/06/19 10:20:05"
D,METER_DATA,GEN_DUID,1,"2016/06/19 10:25:00",CLOVER,25.470001,"2016/06/19 10:20:05"
D,METER_DATA,GEN_DUID,1,"2016/06/19 10:25:00",CLUNY,15.561810,"2016/06/19 10:20:05"
D,METER_DATA,GEN_DUID,1,"2016/06/19 10:25:00",CNUNDAWF,2.102453,"2016/06/19 10:20:05"
D,METER_DATA,GEN_DUID,1,"2016/06/19 10:25:00",CULLRGWF,19.23,"2016/06/19 10:20:05"
D,METER_DATA,GEN_DUID,1,"2016/06/19 10:25:00",ERGT01,0,"2016/06/19 10:20:05"
D,METER_DATA,GEN_DUID,1,"2016/06/19 10:25:00",GB01,0.144310,"2016/06/19 10:20:05"
D,METER_DATA,GEN_DUID,1,"2016/06/19 10:25:00",GEORGTN1,0,"2016/06/19 10:20:05"
D,METER_DATA,GEN_DUID,1,"2016/06/19 10:25:00",GEORGTN2,0,"2016/06/19 10:20:05"
D,METER_DATA,GEN_DUID,1,"2016/06/19 10:25:00",GERMCRK,40.599998,"2016/06/19 10:20:05"
D,METER_DATA,GEN_DUID,1,"2016/06/19 10:25:00",INVICTA,24.15,"2016/06/19 10:20:05"
D,METER_DATA,GEN_DUID,1,"2016/06/19 10:25:00",LKBONNY1,5.626490,"2016/06/19 10:20:05"
D,METER_DATA,GEN_DUID,1,"2016/06/19 10:25:00",MBAHNTH,59.531254,"2016/06/19 10:20:05"
D,METER_DATA,GEN_DUID,1,"2016/06/19 10:25:00",MEADOWB2,0,"2016/06/19 10:20:05"
D,METER_DATA,GEN_DUID,1,"2016/06/19 10:25:00",MLWF1,-0.0150,"2016/06/19 10:20:05"
D,METER_DATA,GEN_DUID,1,"2016/06/19 10:25:00",MTMILLAR,5.953049,"2016/06/19 10:20:05"
D,METER_DATA,GEN_DUID,1,"2016/06/19 10:25:00",PALOONA,21.789999,"2016/06/19 10:20:05"
D,METER_DATA,GEN_DUID,1,"2016/06/19 10:25:00",PORTLAT1,0,"2016/06/19 10:20:05"
D,METER_DATA,GEN_DUID,1,"2016/06/19 10:25:00",PORTWF,11.20,"2016/06/19 10:20:05"
D,METER_DATA,GEN_DUID,1,"2016/06/19 10:25:00",QUERIVE1,-0.13,"2016/06/19 10:20:05"
D,METER_DATA,GEN_DUID,1,"2016/06/19 10:25:00",REPULSE,29.192259,"2016/06/19 10:20:05"
D,METER_DATA,GEN_DUID,1,"2016/06/19 10:25:00",ROWALLAN,10.2737,"2016/06/19 10:20:05"
D,METER_DATA,GEN_DUID,1,"2016/06/19 10:25:00",ROYALLA1,2.922003,"2016/06/19 10:20:05"
D,METER_DATA,GEN_DUID,1,"2016/06/19 10:25:00",RPCG,-0.20,"2016/06/19 10:20:05"
D,METER_DATA,GEN_DUID,1,"2016/06/19 10:25:00",RUBICON,0,"2016/06/19 10:20:05"
D,METER_DATA,GEN_DUID,1,"2016/06/19 10:25:00",STARHLWF,0.499854,"2016/06/19 10:20:05"
D,METER_DATA,GEN_DUID,1,"2016/06/19 10:25:00",WAUBRAWF,0,"2016/06/19 10:20:05"
D,METER_DATA,GEN_DUID,1,"2016/06/19 10:25:00",WOOLNTH1,20.010015,"2016/06/19 10:20:05"
D,METER_DATA,GEN_DUID,1,"2016/06/19 10:25:00",WPWF,0,"2016/06/19 10:20:05"
D,METER_DATA,GEN_DUID,1,"2016/06/19 10:25:00",YAMBUKWF,-0.20,"2016/06/19 10:20:05"
D,METER_DATA,GEN_DUID,1,"2016/06/19 10:30:00",BBDISEL1,0,"2016/06/19 10:25:04"
D,METER_DATA,GEN_DUID,1,"2016/06/19 10:30:00",BUTLERSG,7.799998,"2016/06/19 10:25:04"
D,METER_DATA,GEN_DUID,1,"2016/06/19 10:30:00",CALL_A_4,0,"2016/06/19 10:25:04"
D,METER_DATA,GEN_DUID,1,"2016/06/19 10:30:00",CAPTL_WF,60.491997,"2016/06/19 10:25:04"
D,METER_DATA,GEN_DUID,1,"2016/06/19 10:30:00",CATAGUN1,0,"2016/06/19 10:25:04"
D,METER_DATA,GEN_DUID,1,"2016/06/19 10:30:00",CATHROCK,7.50,"2016/06/19 10:25:04"
D,METER_DATA,GEN_DUID,1,"2016/06/19 10:30:00",CHALLHWF,6.20,"2016/06/19 10:25:04"
D,METER_DATA,GEN_DUID,1,"2016/06/19 10:30:00",CLOVER,25.49,"2016/06/19 10:25:04"
D,METER_DATA,GEN_DUID,1,"2016/06/19 10:30:00",CLUNY,15.233140,"2016/06/19 10:25:04"
D,METER_DATA,GEN_DUID,1,"2016/06/19 10:30:00",CNUNDAWF,1.701985,"2016/06/19 10:25:04"
D,METER_DATA,GEN_DUID,1,"2016/06/19 10:30:00",CULLRGWF,19.969999,"2016/06/19 10:25:04"
D,METER_DATA,GEN_DUID,1,"2016/06/19 10:30:00",ERGT01,0,"2016/06/19 10:25:04"
D,METER_DATA,GEN_DUID,1,"2016/06/19 10:30:00",GB01,0.144310,"2016/06/19 10:25:04"
D,METER_DATA,GEN_DUID,1,"2016/06/19 10:30:00",GEORGTN1,0,"2016/06/19 10:25:04"
D,METER_DATA,GEN_DUID,1,"2016/06/19 10:30:00",GEORGTN2,0,"2016/06/19 10:25:04"
D,METER_DATA,GEN_DUID,1,"2016/06/19 10:30:00",GERMCRK,40.50,"2016/06/19 10:25:04"
D,METER_DATA,GEN_DUID,1,"2016/06/19 10:30:00",INVICTA,26.50,"2016/06/19 10:25:04"
D,METER_DATA,GEN_DUID,1,"2016/06/19 10:30:00",LKBONNY1,5.537180,"2016/06/19 10:25:04"
D,METER_DATA,GEN_DUID,1,"2016/06/19 10:30:00",MBAHNTH,59.531254,"2016/06/19 10:25:04"
D,METER_DATA,GEN_DUID,1,"2016/06/19 10:30:00",MEADOWB2,0,"2016/06/19 10:25:04"
D,METER_DATA,GEN_DUID,1,"2016/06/19 10:30:00",MLWF1,-0.0150,"2016/06/19 10:25:04"
D,METER_DATA,GEN_DUID,1,"2016/06/19 10:30:00",MTMILLAR,6.801359,"2016/06/19 10:25:04"
D,METER_DATA,GEN_DUID,1,"2016/06/19 10:30:00",PALOONA,21.789999,"2016/06/19 10:25:04"
D,METER_DATA,GEN_DUID,1,"2016/06/19 10:30:00",PORTLAT1,0,"2016/06/19 10:25:04"
D,METER_DATA,GEN_DUID,1,"2016/06/19 10:30:00",PORTWF,11.80,"2016/06/19 10:25:04"
D,METER_DATA,GEN_DUID,1,"2016/06/19 10:30:00",QUERIVE1,-0.13,"2016/06/19 10:25:04"
D,METER_DATA,GEN_DUID,1,"2016/06/19 10:30:00",REPULSE,29.249424,"2016/06/19 10:25:04"
D,METER_DATA,GEN_DUID,1,"2016/06/19 10:30:00",ROWALLAN,10.0536,"2016/06/19 10:25:04"
D,METER_DATA,GEN_DUID,1,"2016/06/19 10:30:00",ROYALLA1,2.864003,"2016/06/19 10:25:04"
D,METER_DATA,GEN_DUID,1,"2016/06/19 10:30:00",RPCG,-0.20,"2016/06/19 10:25:04"
D,METER_DATA,GEN_DUID,1,"2016/06/19 10:30:00",RUBICON,0,"2016/06/19 10:25:04"
D,METER_DATA,GEN_DUID,1,"2016/06/19 10:30:00",STARHLWF,0.499854,"2016/06/19 10:25:04"
D,METER_DATA,GEN_DUID,1,"2016/06/19 10:30:00",WAUBRAWF,0,"2016/06/19 10:25:04"
D,METER_DATA,GEN_DUID,1,"2016/06/19 10:30:00",WOOLNTH1,21.880016,"2016/06/19 10:25:04"
D,METER_DATA,GEN_DUID,1,"2016/06/19 10:30:00",WPWF,0,"2016/06/19 10:25:04"
D,METER_DATA,GEN_DUID,1,"2016/06/19 10:30:00",YAMBUKWF,-0.20,"2016/06/19 10:25:04"
D,METER_DATA,GEN_DUID,1,"2016/06/19 10:35:00",BBDISEL1,0,"2016/06/19 10:30:05"
D,METER_DATA,GEN_DUID,1,"2016/06/19 10:35:00",BUTLERSG,7.799998,"2016/06/19 10:30:05"
D,METER_DATA,GEN_DUID,1,"2016/06/19 10:35:00",CALL_A_4,0,"2016/06/19 10:30:05"
D,METER_DATA,GEN_DUID,1,"2016/06/19 10:35:00",CAPTL_WF,60.751999,"2016/06/19 10:30:05"
D,METER_DATA,GEN_DUID,1,"2016/06/19 10:35:00",CATAGUN1,0,"2016/06/19 10:30:05"
D,METER_DATA,GEN_DUID,1,"2016/06/19 10:35:00",CATHROCK,5.40,"2016/06/19 10:30:05"
D,METER_DATA,GEN_DUID,1,"2016/06/19 10:35:00",CHALLHWF,6.30,"2016/06/19 10:30:05"
D,METER_DATA,GEN_DUID,1,"2016/06/19 10:35:00",CLOVER,25.469999,"2016/06/19 10:30:05"
D,METER_DATA,GEN_DUID,1,"2016/06/19 10:35:00",CLUNY,15.161691,"2016/06/19 10:30:05"
D,METER_DATA,GEN_DUID,1,"2016/06/19 10:35:00",CNUNDAWF,1.301518,"2016/06/19 10:30:05"
D,METER_DATA,GEN_DUID,1,"2016/06/19 10:35:00",CULLRGWF,20.709999,"2016/06/19 10:30:05"
D,METER_DATA,GEN_DUID,1,"2016/06/19 10:35:00",ERGT01,0,"2016/06/19 10:30:05"
D,METER_DATA,GEN_DUID,1,"2016/06/19 10:35:00",GB01,0.144310,"2016/06/19 10:30:05"
D,METER_DATA,GEN_DUID,1,"2016/06/19 10:35:00",GEORGTN1,0,"2016/06/19 10:30:05"
D,METER_DATA,GEN_DUID,1,"2016/06/19 10:35:00",GEORGTN2,0,"2016/06/19 10:30:05"
D,METER_DATA,GEN_DUID,1,"2016/06/19 10:35:00",GERMCRK,40.400002,"2016/06/19 10:30:05"
D,METER_DATA,GEN_DUID,1,"2016/06/19 10:35:00",INVICTA,23.950001,"2016/06/19 10:30:05"
D,METER_DATA,GEN_DUID,1,"2016/06/19 10:35:00",LKBONNY1,4.554778,"2016/06/19 10:30:05"
D,METER_DATA,GEN_DUID,1,"2016/06/19 10:35:00",MBAHNTH,59.531254,"2016/06/19 10:30:05"
D,METER_DATA,GEN_DUID,1,"2016/06/19 10:35:00",MEADOWB2,0,"2016/06/19 10:30:05"
D,METER_DATA,GEN_DUID,1,"2016/06/19 10:35:00",MLWF1,0.09,"2016/06/19 10:30:05"
D,METER_DATA,GEN_DUID,1,"2016/06/19 10:35:00",MTMILLAR,5.633073,"2016/06/19 10:30:05"
D,METER_DATA,GEN_DUID,1,"2016/06/19 10:35:00",PALOONA,21.789999,"2016/06/19 10:30:05"
D,METER_DATA,GEN_DUID,1,"2016/06/19 10:35:00",PORTLAT1,0,"2016/06/19 10:30:05"
D,METER_DATA,GEN_DUID,1,"2016/06/19 10:35:00",PORTWF,14,"2016/06/19 10:30:05"
D,METER_DATA,GEN_DUID,1,"2016/06/19 10:35:00",QUERIVE1,-0.12,"2016/06/19 10:30:05"
D,METER_DATA,GEN_DUID,1,"2016/06/19 10:35:00",REPULSE,27.382034,"2016/06/19 10:30:05"
D,METER_DATA,GEN_DUID,1,"2016/06/19 10:35:00",ROWALLAN,10.0820,"2016/06/19 10:30:05"
D,METER_DATA,GEN_DUID,1,"2016/06/19 10:35:00",ROYALLA1,2.947003,"2016/06/19 10:30:05"
D,METER_DATA,GEN_DUID,1,"2016/06/19 10:35:00",RPCG,-0.20,"2016/06/19 10:30:05"
D,METER_DATA,GEN_DUID,1,"2016/06/19 10:35:00",RUBICON,0,"2016/06/19 10:30:05"
D,METER_DATA,GEN_DUID,1,"2016/06/19 10:35:00",STARHLWF,0.499854,"2016/06/19 10:30:05"
D,METER_DATA,GEN_DUID,1,"2016/06/19 10:35:00",WAUBRAWF,0,"2016/06/19 10:30:05"
D,METER_DATA,GEN_DUID,1,"2016/06/19 10:35:00",WOOLNTH1,24.380016,"2016/06/19 10:30:05"
D,METER_DATA,GEN_DUID,1,"2016/06/19 10:35:00",WPWF,0,"2016/06/19 10:30:05"
D,METER_DATA,GEN_DUID,1,"2016/06/19 10:35:00",YAMBUKWF,-0.20,"2016/06/19 10:30:05"
D,METER_DATA,GEN_DUID,1,"2016/06/19 10:40:00",BBDISEL1,0,"2016/06/19 10:35:05"
D,METER_DATA,GEN_DUID,1,"2016/06/19 10:40:00",BUTLERSG,7.799998,"2016/06/19 10:35:05"
D,METER_DATA,GEN_DUID,1,"2016/06/19 10:40:00",CALL_A_4,0,"2016/06/19 10:35:05"
D,METER_DATA,GEN_DUID,1,"2016/06/19 10:40:00",CAPTL_WF,57.540001,"2016/06/19 10:35:05"
D,METER_DATA,GEN_DUID,1,"2016/06/19 10:40:00",CATAGUN1,0,"2016/06/19 10:35:05"
D,METER_DATA,GEN_DUID,1,"2016/06/19 10:40:00",CATHROCK,6.22,"2016/06/19 10:35:05"
D,METER_DATA,GEN_DUID,1,"2016/06/19 10:40:00",CHALLHWF,6.80,"2016/06/19 10:35:05"
D,METER_DATA,GEN_DUID,1,"2016/06/19 10:40:00",CLOVER,25.459999,"2016/06/19 10:35:05"
D,METER_DATA,GEN_DUID,1,"2016/06/19 10:40:00",CLUNY,15.161691,"2016/06/19 10:35:05"
D,METER_DATA,GEN_DUID,1,"2016/06/19 10:40:00",CNUNDAWF,0.901051,"2016/06/19 10:35:05"
D,METER_DATA,GEN_DUID,1,"2016/06/19 10:40:00",CULLRGWF,20.33,"2016/06/19 10:35:05"
D,METER_DATA,GEN_DUID,1,"2016/06/19 10:40:00",ERGT01,0,"2016/06/19 10:35:05"
D,METER_DATA,GEN_DUID,1,"2016/06/19 10:40:00",GB01,0.144081,"2016/06/19 10:35:05"
D,METER_DATA,GEN_DUID,1,"2016/06/19 10:40:00",GEORGTN1,0,"2016/06/19 10:35:05"
D,METER_DATA,GEN_DUID,1,"2016/06/19 10:40:00",GEORGTN2,0,"2016/06/19 10:35:05"
D,METER_DATA,GEN_DUID,1,"2016/06/19 10:40:00",GERMCRK,39.799999,"2016/06/19 10:35:05"
D,METER_DATA,GEN_DUID,1,"2016/06/19 10:40:00",INVICTA,26.550001,"2016/06/19 10:35:05"
D,METER_DATA,GEN_DUID,1,"2016/06/19 10:40:00",LKBONNY1,4.018921,"2016/06/19 10:35:05"
D,METER_DATA,GEN_DUID,1,"2016/06/19 10:40:00",MBAHNTH,59.531254,"2016/06/19 10:35:05"
D,METER_DATA,GEN_DUID,1,"2016/06/19 10:40:00",MEADOWB2,0,"2016/06/19 10:35:05"
D,METER_DATA,GEN_DUID,1,"2016/06/19 10:40:00",MLWF1,0.09,"2016/06/19 10:35:05"
D,METER_DATA,GEN_DUID,1,"2016/06/19 10:40:00",MTMILLAR,5.417275,"2016/06/19 10:35:05"
D,METER_DATA,GEN_DUID,1,"2016/06/19 10:40:00",PALOONA,22.59,"2016/06/19 10:35:05"
D,METER_DATA,GEN_DUID,1,"2016/06/19 10:40:00",PORTLAT1,0,"2016/06/19 10:35:05"
D,METER_DATA,GEN_DUID,1,"2016/06/19 10:40:00",PORTWF,12.70,"2016/06/19 10:35:05"
D,METER_DATA,GEN_DUID,1,"2016/06/19 10:40:00",QUERIVE1,-0.13,"2016/06/19 10:35:05"
D,METER_DATA,GEN_DUID,1,"2016/06/19 10:40:00",REPULSE,27.991795,"2016/06/19 10:35:05"
D,METER_DATA,GEN_DUID,1,"2016/06/19 10:40:00",ROWALLAN,9.9755,"2016/06/19 10:35:05"
D,METER_DATA,GEN_DUID,1,"2016/06/19 10:40:00",ROYALLA1,3.110003,"2016/06/19 10:35:05"
D,METER_DATA,GEN_DUID,1,"2016/06/19 10:40:00",RPCG,-0.20,"2016/06/19 10:35:05"
D,METER_DATA,GEN_DUID,1,"2016/06/19 10:40:00",RUBICON,0,"2016/06/19 10:35:05"
D,METER_DATA,GEN_DUID,1,"2016/06/19 10:40:00",STARHLWF,0.499854,"2016/06/19 10:35:05"
D,METER_DATA,GEN_DUID,1,"2016/06/19 10:40:00",WAUBRAWF,0,"2016/06/19 10:35:05"
D,METER_DATA,GEN_DUID,1,"2016/06/19 10:40:00",WOOLNTH1,26.570015,"2016/06/19 10:35:05"
D,METER_DATA,GEN_DUID,1,"2016/06/19 10:40:00",WPWF,0,"2016/06/19 10:35:05"
D,METER_DATA,GEN_DUID,1,"2016/06/19 10:40:00",YAMBUKWF,-0.20,"2016/06/19 10:35:05"
D,METER_DATA,GEN_DUID,1,"2016/06/19 10:45:00",BBDISEL1,0,"2016/06/19 10:40:05"
D,METER_DATA,GEN_DUID,1,"2016/06/19 10:45:00",BUTLERSG,7.799998,"2016/06/19 10:40:05"
D,METER_DATA,GEN_DUID,1,"2016/06/19 10:45:00",CALL_A_4,0,"2016/06/19 10:40:05"
D,METER_DATA,GEN_DUID,1,"2016/06/19 10:45:00",CAPTL_WF,59.239998,"2016/06/19 10:40:05"
D,METER_DATA,GEN_DUID,1,"2016/06/19 10:45:00",CATAGUN1,0,"2016/06/19 10:40:05"
D,METER_DATA,GEN_DUID,1,"2016/06/19 10:45:00",CATHROCK,5.05,"2016/06/19 10:40:05"
D,METER_DATA,GEN_DUID,1,"2016/06/19 10:45:00",CHALLHWF,7,"2016/06/19 10:40:05"
D,METER_DATA,GEN_DUID,1,"2016/06/19 10:45:00",CLOVER,25.50,"2016/06/19 10:40:05"
D,METER_DATA,GEN_DUID,1,"2016/06/19 10:45:00",CLUNY,15.175981,"2016/06/19 10:40:05"
D,METER_DATA,GEN_DUID,1,"2016/06/19 10:45:00",CNUNDAWF,1.301518,"2016/06/19 10:40:05"
D,METER_DATA,GEN_DUID,1,"2016/06/19 10:45:00",CULLRGWF,19.809999,"2016/06/19 10:40:05"
D,METER_DATA,GEN_DUID,1,"2016/06/19 10:45:00",ERGT01,0,"2016/06/19 10:40:05"
D,METER_DATA,GEN_DUID,1,"2016/06/19 10:45:00",GB01,0.144081,"2016/06/19 10:40:05"
D,METER_DATA,GEN_DUID,1,"2016/06/19 10:45:00",GEORGTN1,0,"2016/06/19 10:40:05"
D,METER_DATA,GEN_DUID,1,"2016/06/19 10:45:00",GEORGTN2,0,"2016/06/19 10:40:05"
D,METER_DATA,GEN_DUID,1,"2016/06/19 10:45:00",GERMCRK,40.50,"2016/06/19 10:40:05"
D,METER_DATA,GEN_DUID,1,"2016/06/19 10:45:00",INVICTA,28.65,"2016/06/19 10:40:05"
D,METER_DATA,GEN_DUID,1,"2016/06/19 10:45:00",LKBONNY1,3.929612,"2016/06/19 10:40:05"
D,METER_DATA,GEN_DUID,1,"2016/06/19 10:45:00",MBAHNTH,59.531254,"2016/06/19 10:40:05"
D,METER_DATA,GEN_DUID,1,"2016/06/19 10:45:00",MEADOWB2,0,"2016/06/19 10:40:05"
D,METER_DATA,GEN_DUID,1,"2016/06/19 10:45:00",MLWF1,0.1050,"2016/06/19 10:40:05"
D,METER_DATA,GEN_DUID,1,"2016/06/19 10:45:00",MTMILLAR,4.516876,"2016/06/19 10:40:05"
D,METER_DATA,GEN_DUID,1,"2016/06/19 10:45:00",PALOONA,22.869999,"2016/06/19 10:40:05"
D,METER_DATA,GEN_DUID,1,"2016/06/19 10:45:00",PORTLAT1,0,"2016/06/19 10:40:05"
D,METER_DATA,GEN_DUID,1,"2016/06/19 10:45:00",PORTWF,11.40,"2016/06/19 10:40:05"
D,METER_DATA,GEN_DUID,1,"2016/06/19 10:45:00",QUERIVE1,-0.14,"2016/06/19 10:40:05"
D,METER_DATA,GEN_DUID,1,"2016/06/19 10:45:00",REPULSE,28.430059,"2016/06/19 10:40:05"
D,METER_DATA,GEN_DUID,1,"2016/06/19 10:45:00",ROWALLAN,10.1672,"2016/06/19 10:40:05"
D,METER_DATA,GEN_DUID,1,"2016/06/19 10:45:00",ROYALLA1,3.199003,"2016/06/19 10:40:05"
D,METER_DATA,GEN_DUID,1,"2016/06/19 10:45:00",RPCG,-0.20,"2016/06/19 10:40:05"
D,METER_DATA,GEN_DUID,1,"2016/06/19 10:45:00",RUBICON,0,"2016/06/19 10:40:05"
D,METER_DATA,GEN_DUID,1,"2016/06/19 10:45:00",STARHLWF,0.499854,"2016/06/19 10:40:05"
D,METER_DATA,GEN_DUID,1,"2016/06/19 10:45:00",WAUBRAWF,0,"2016/06/19 10:40:05"
D,METER_DATA,GEN_DUID,1,"2016/06/19 10:45:00",WOOLNTH1,29.390017,"2016/06/19 10:40:05"
D,METER_DATA,GEN_DUID,1,"2016/06/19 10:45:00",WPWF,0,"2016/06/19 10:40:05"
D,METER_DATA,GEN_DUID,1,"2016/06/19 10:45:00",YAMBUKWF,-0.20,"2016/06/19 10:40:05"
D,METER_DATA,GEN_DUID,1,"2016/06/19 10:50:00",BBDISEL1,0,"2016/06/19 10:45:05"
D,METER_DATA,GEN_DUID,1,"2016/06/19 10:50:00",BUTLERSG,7.799998,"2016/06/19 10:45:05"
D,METER_DATA,GEN_DUID,1,"2016/06/19 10:50:00",CALL_A_4,0,"2016/06/19 10:45:05"
D,METER_DATA,GEN_DUID,1,"2016/06/19 10:50:00",CAPTL_WF,62.7080,"2016/06/19 10:45:05"
D,METER_DATA,GEN_DUID,1,"2016/06/19 10:50:00",CATAGUN1,0,"2016/06/19 10:45:05"
D,METER_DATA,GEN_DUID,1,"2016/06/19 10:50:00",CATHROCK,4.46,"2016/06/19 10:45:05"
D,METER_DATA,GEN_DUID,1,"2016/06/19 10:50:00",CHALLHWF,6.70,"2016/06/19 10:45:05"
D,METER_DATA,GEN_DUID,1,"2016/06/19 10:50:00",CLOVER,25.450001,"2016/06/19 10:45:05"
D,METER_DATA,GEN_DUID,1,"2016/06/19 10:50:00",CLUNY,14.918760,"2016/06/19 10:45:05"
D,METER_DATA,GEN_DUID,1,"2016/06/19 10:50:00",CNUNDAWF,0.901051,"2016/06/19 10:45:05"
D,METER_DATA,GEN_DUID,1,"2016/06/19 10:50:00",CULLRGWF,20.10,"2016/06/19 10:45:05"
D,METER_DATA,GEN_DUID,1,"2016/06/19 10:50:00",ERGT01,0,"2016/06/19 10:45:05"
D,METER_DATA,GEN_DUID,1,"2016/06/19 10:50:00",GB01,0.144081,"2016/06/19 10:45:05"
D,METER_DATA,GEN_DUID,1,"2016/06/19 10:50:00",GEORGTN1,0,"2016/06/19 10:45:05"
D,METER_DATA,GEN_DUID,1,"2016/06/19 10:50:00",GEORGTN2,0,"2016/06/19 10:45:05"
D,METER_DATA,GEN_DUID,1,"2016/06/19 10:50:00",GERMCRK,40.400002,"2016/06/19 10:45:05"
D,METER_DATA,GEN_DUID,1,"2016/06/19 10:50:00",INVICTA,25.9750,"2016/06/19 10:45:05"
D,METER_DATA,GEN_DUID,1,"2016/06/19 10:50:00",LKBONNY1,3.215137,"2016/06/19 10:45:05"
D,METER_DATA,GEN_DUID,1,"2016/06/19 10:50:00",MBAHNTH,59.531254,"2016/06/19 10:45:05"
D,METER_DATA,GEN_DUID,1,"2016/06/19 10:50:00",MEADOWB2,0,"2016/06/19 10:45:05"
D,METER_DATA,GEN_DUID,1,"2016/06/19 10:50:00",MLWF1,0.18,"2016/06/19 10:45:05"
D,METER_DATA,GEN_DUID,1,"2016/06/19 10:50:00",MTMILLAR,3.586712,"2016/06/19 10:45:05"
D,METER_DATA,GEN_DUID,1,"2016/06/19 10:50:00",PALOONA,22.869999,"2016/06/19 10:45:05"
D,METER_DATA,GEN_DUID,1,"2016/06/19 10:50:00",PORTLAT1,0,"2016/06/19 10:45:05"
D,METER_DATA,GEN_DUID,1,"2016/06/19 10:50:00",PORTWF,10.40,"2016/06/19 10:45:05"
D,METER_DATA,GEN_DUID,1,"2016/06/19 10:50:00",QUERIVE1,-0.14,"2016/06/19 10:45:05"
D,METER_DATA,GEN_DUID,1,"2016/06/19 10:50:00",REPULSE,27.744080,"2016/06/19 10:45:05"
D,METER_DATA,GEN_DUID,1,"2016/06/19 10:50:00",ROWALLAN,10.067801,"2016/06/19 10:45:05"
D,METER_DATA,GEN_DUID,1,"2016/06/19 10:50:00",ROYALLA1,3.080003,"2016/06/19 10:45:05"
D,METER_DATA,GEN_DUID,1,"2016/06/19 10:50:00",RPCG,-0.20,"2016/06/19 10:45:05"
D,METER_DATA,GEN_DUID,1,"2016/06/19 10:50:00",RUBICON,0,"2016/06/19 10:45:05"
D,METER_DATA,GEN_DUID,1,"2016/06/19 10:50:00",STARHLWF,0.499854,"2016/06/19 10:45:05"
D,METER_DATA,GEN_DUID,1,"2016/06/19 10:50:00",WAUBRAWF,0,"2016/06/19 10:45:05"
D,METER_DATA,GEN_DUID,1,"2016/06/19 10:50:00",WOOLNTH1,27.760014,"2016/06/19 10:45:05"
D,METER_DATA,GEN_DUID,1,"2016/06/19 10:50:00",WPWF,0,"2016/06/19 10:45:05"
D,METER_DATA,GEN_DUID,1,"2016/06/19 10:50:00",YAMBUKWF,-0.20,"2016/06/19 10:45:05"
D,METER_DATA,GEN_DUID,1,"2016/06/19 10:55:00",BBDISEL1,0,"2016/06/19 10:50:05"
D,METER_DATA,GEN_DUID,1,"2016/06/19 10:55:00",BUTLERSG,7.799998,"2016/06/19 10:50:05"
D,METER_DATA,GEN_DUID,1,"2016/06/19 10:55:00",CALL_A_4,0,"2016/06/19 10:50:05"
D,METER_DATA,GEN_DUID,1,"2016/06/19 10:55:00",CAPTL_WF,61.2080,"2016/06/19 10:50:05"
D,METER_DATA,GEN_DUID,1,"2016/06/19 10:55:00",CATAGUN1,0,"2016/06/19 10:50:05"
D,METER_DATA,GEN_DUID,1,"2016/06/19 10:55:00",CATHROCK,2.64,"2016/06/19 10:50:05"
D,METER_DATA,GEN_DUID,1,"2016/06/19 10:55:00",CHALLHWF,6.80,"2016/06/19 10:50:05"
D,METER_DATA,GEN_DUID,1,"2016/06/19 10:55:00",CLOVER,25.48,"2016/06/19 10:50:05"
D,METER_DATA,GEN_DUID,1,"2016/06/19 10:55:00",CLUNY,14.089940,"2016/06/19 10:50:05"
D,METER_DATA,GEN_DUID,1,"2016/06/19 10:55:00",CNUNDAWF,0.500584,"2016/06/19 10:50:05"
D,METER_DATA,GEN_DUID,1,"2016/06/19 10:55:00",CULLRGWF,19.99,"2016/06/19 10:50:05"
D,METER_DATA,GEN_DUID,1,"2016/06/19 10:55:00",ERGT01,0,"2016/06/19 10:50:05"
D,METER_DATA,GEN_DUID,1,"2016/06/19 10:55:00",GB01,0.144081,"2016/06/19 10:50:05"
D,METER_DATA,GEN_DUID,1,"2016/06/19 10:55:00",GEORGTN1,0,"2016/06/19 10:50:05"
D,METER_DATA,GEN_DUID,1,"2016/06/19 10:55:00",GEORGTN2,0,"2016/06/19 10:50:05"
D,METER_DATA,GEN_DUID,1,"2016/06/19 10:55:00",GERMCRK,40.50,"2016/06/19 10:50:05"
D,METER_DATA,GEN_DUID,1,"2016/06/19 10:55:00",INVICTA,25.9750,"2016/06/19 10:50:05"
D,METER_DATA,GEN_DUID,1,"2016/06/19 10:55:00",LKBONNY1,2.143425,"2016/06/19 10:50:05"
D,METER_DATA,GEN_DUID,1,"2016/06/19 10:55:00",MBAHNTH,59.531254,"2016/06/19 10:50:05"
D,METER_DATA,GEN_DUID,1,"2016/06/19 10:55:00",MEADOWB2,0,"2016/06/19 10:50:05"
D,METER_DATA,GEN_DUID,1,"2016/06/19 10:55:00",MLWF1,0.18,"2016/06/19 10:50:05"
D,METER_DATA,GEN_DUID,1,"2016/06/19 10:55:00",MTMILLAR,5.008003,"2016/06/19 10:50:05"
D,METER_DATA,GEN_DUID,1,"2016/06/19 10:55:00",PALOONA,22.869999,"2016/06/19 10:50:05"
D,METER_DATA,GEN_DUID,1,"2016/06/19 10:55:00",PORTLAT1,0,"2016/06/19 10:50:05"
D,METER_DATA,GEN_DUID,1,"2016/06/19 10:55:00",PORTWF,10.80,"2016/06/19 10:50:05"
D,METER_DATA,GEN_DUID,1,"2016/06/19 10:55:00",QUERIVE1,-0.15,"2016/06/19 10:50:05"
D,METER_DATA,GEN_DUID,1,"2016/06/19 10:55:00",REPULSE,26.867550,"2016/06/19 10:50:05"
D,METER_DATA,GEN_DUID,1,"2016/06/19 10:55:00",ROWALLAN,9.8193,"2016/06/19 10:50:05"
D,METER_DATA,GEN_DUID,1,"2016/06/19 10:55:00",ROYALLA1,2.802003,"2016/06/19 10:50:05"
D,METER_DATA,GEN_DUID,1,"2016/06/19 10:55:00",RPCG,-0.20,"2016/06/19 10:50:05"
D,METER_DATA,GEN_DUID,1,"2016/06/19 10:55:00",RUBICON,0,"2016/06/19 10:50:05"
D,METER_DATA,GEN_DUID,1,"2016/06/19 10:55:00",STARHLWF,0.199942,"2016/06/19 10:50:05"
D,METER_DATA,GEN_DUID,1,"2016/06/19 10:55:00",WAUBRAWF,0,"2016/06/19 10:50:05"
D,METER_DATA,GEN_DUID,1,"2016/06/19 10:55:00",WOOLNTH1,25.300016,"2016/06/19 10:50:05"
D,METER_DATA,GEN_DUID,1,"2016/06/19 10:55:00",WPWF,0,"2016/06/19 10:50:05"
D,METER_DATA,GEN_DUID,1,"2016/06/19 10:55:00",YAMBUKWF,-0.20,"2016/06/19 10:50:05"
D,METER_DATA,GEN_DUID,1,"2016/06/19 11:00:00",BBDISEL1,0,"2016/06/19 10:55:04"
D,METER_DATA,GEN_DUID,1,"2016/06/19 11:00:00",BUTLERSG,7.799998,"2016/06/19 10:55:04"
D,METER_DATA,GEN_DUID,1,"2016/06/19 11:00:00",CALL_A_4,0,"2016/06/19 10:55:04"
D,METER_DATA,GEN_DUID,1,"2016/06/19 11:00:00",CAPTL_WF,61.4720,"2016/06/19 10:55:04"
D,METER_DATA,GEN_DUID,1,"2016/06/19 11:00:00",CATAGUN1,0,"2016/06/19 10:55:04"
D,METER_DATA,GEN_DUID,1,"2016/06/19 11:00:00",CATHROCK,1.76,"2016/06/19 10:55:04"
D,METER_DATA,GEN_DUID,1,"2016/06/19 11:00:00",CHALLHWF,7.50,"2016/06/19 10:55:04"
D,METER_DATA,GEN_DUID,1,"2016/06/19 11:00:00",CLOVER,25.52,"2016/06/19 10:55:04"
D,METER_DATA,GEN_DUID,1,"2016/06/19 11:00:00",CLUNY,15.461781,"2016/06/19 10:55:04"
D,METER_DATA,GEN_DUID,1,"2016/06/19 11:00:00",CNUNDAWF,0.100117,"2016/06/19 10:55:04"
D,METER_DATA,GEN_DUID,1,"2016/06/19 11:00:00",CULLRGWF,20.98,"2016/06/19 10:55:04"
D,METER_DATA,GEN_DUID,1,"2016/06/19 11:00:00",ERGT01,0,"2016/06/19 10:55:04"
D,METER_DATA,GEN_DUID,1,"2016/06/19 11:00:00",GB01,0.144081,"2016/06/19 10:55:04"
D,METER_DATA,GEN_DUID,1,"2016/06/19 11:00:00",GEORGTN1,0,"2016/06/19 10:55:04"
D,METER_DATA,GEN_DUID,1,"2016/06/19 11:00:00",GEORGTN2,0,"2016/06/19 10:55:04"
D,METER_DATA,GEN_DUID,1,"2016/06/19 11:00:00",GERMCRK,40.200001,"2016/06/19 10:55:04"
D,METER_DATA,GEN_DUID,1,"2016/06/19 11:00:00",INVICTA,28.450001,"2016/06/19 10:55:04"
D,METER_DATA,GEN_DUID,1,"2016/06/19 11:00:00",LKBONNY1,1.339640,"2016/06/19 10:55:04"
D,METER_DATA,GEN_DUID,1,"2016/06/19 11:00:00",MBAHNTH,59.531254,"2016/06/19 10:55:04"
D,METER_DATA,GEN_DUID,1,"2016/06/19 11:00:00",MEADOWB2,0,"2016/06/19 10:55:04"
D,METER_DATA,GEN_DUID,1,"2016/06/19 11:00:00",MLWF1,0.1050,"2016/06/19 10:55:04"
D,METER_DATA,GEN_DUID,1,"2016/06/19 11:00:00",MTMILLAR,4.911265,"2016/06/19 10:55:04"
D,METER_DATA,GEN_DUID,1,"2016/06/19 11:00:00",PALOONA,22.869999,"2016/06/19 10:55:04"
D,METER_DATA,GEN_DUID,1,"2016/06/19 11:00:00",PORTLAT1,0,"2016/06/19 10:55:04"
D,METER_DATA,GEN_DUID,1,"2016/06/19 11:00:00",PORTWF,11,"2016/06/19 10:55:04"
D,METER_DATA,GEN_DUID,1,"2016/06/19 11:00:00",QUERIVE1,-0.14,"2016/06/19 10:55:04"
D,METER_DATA,GEN_DUID,1,"2016/06/19 11:00:00",REPULSE,27.610695,"2016/06/19 10:55:04"
D,METER_DATA,GEN_DUID,1,"2016/06/19 11:00:00",ROWALLAN,9.8264,"2016/06/19 10:55:04"
D,METER_DATA,GEN_DUID,1,"2016/06/19 11:00:00",ROYALLA1,2.570003,"2016/06/19 10:55:04"
D,METER_DATA,GEN_DUID,1,"2016/06/19 11:00:00",RPCG,-0.20,"2016/06/19 10:55:04"
D,METER_DATA,GEN_DUID,1,"2016/06/19 11:00:00",RUBICON,0,"2016/06/19 10:55:04"
D,METER_DATA,GEN_DUID,1,"2016/06/19 11:00:00",STARHLWF,0.099971,"2016/06/19 10:55:04"
D,METER_DATA,GEN_DUID,1,"2016/06/19 11:00:00",WAUBRAWF,0,"2016/06/19 10:55:04"
D,METER_DATA,GEN_DUID,1,"2016/06/19 11:00:00",WOOLNTH1,25.680016,"2016/06/19 10:55:04"
D,METER_DATA,GEN_DUID,1,"2016/06/19 11:00:00",WPWF,0,"2016/06/19 10:55:04"
D,METER_DATA,GEN_DUID,1,"2016/06/19 11:00:00",YAMBUKWF,-0.20,"2016/06/19 10:55:04"
D,METER_DATA,GEN_DUID,1,"2016/06/19 11:05:00",BBDISEL1,0,"2016/06/19 11:00:04"
D,METER_DATA,GEN_DUID,1,"2016/06/19 11:05:00",BUTLERSG,7.799998,"2016/06/19 11:00:04"
D,METER_DATA,GEN_DUID,1,"2016/06/19 11:05:00",CALL_A_4,0,"2016/06/19 11:00:04"
D,METER_DATA,GEN_DUID,1,"2016/06/19 11:05:00",CAPTL_WF,60.624001,"2016/06/19 11:00:04"
D,METER_DATA,GEN_DUID,1,"2016/06/19 11:05:00",CATAGUN1,0,"2016/06/19 11:00:04"
D,METER_DATA,GEN_DUID,1,"2016/06/19 11:05:00",CATHROCK,2.05,"2016/06/19 11:00:04"
D,METER_DATA,GEN_DUID,1,"2016/06/19 11:05:00",CHALLHWF,7.70,"2016/06/19 11:00:04"
D,METER_DATA,GEN_DUID,1,"2016/06/19 11:05:00",CLOVER,25.529999,"2016/06/19 11:00:04"
D,METER_DATA,GEN_DUID,1,"2016/06/19 11:05:00",CLUNY,15.776160,"2016/06/19 11:00:04"
D,METER_DATA,GEN_DUID,1,"2016/06/19 11:05:00",CNUNDAWF,0.200234,"2016/06/19 11:00:04"
D,METER_DATA,GEN_DUID,1,"2016/06/19 11:05:00",CULLRGWF,21.299999,"2016/06/19 11:00:04"
D,METER_DATA,GEN_DUID,1,"2016/06/19 11:05:00",ERGT01,0,"2016/06/19 11:00:04"
D,METER_DATA,GEN_DUID,1,"2016/06/19 11:05:00",GB01,0.144081,"2016/06/19 11:00:04"
D,METER_DATA,GEN_DUID,1,"2016/06/19 11:05:00",GEORGTN1,0,"2016/06/19 11:00:04"
D,METER_DATA,GEN_DUID,1,"2016/06/19 11:05:00",GEORGTN2,0,"2016/06/19 11:00:04"
D,METER_DATA,GEN_DUID,1,"2016/06/19 11:05:00",GERMCRK,40.50,"2016/06/19 11:00:04"
D,METER_DATA,GEN_DUID,1,"2016/06/19 11:05:00",INVICTA,29.65,"2016/06/19 11:00:04"
D,METER_DATA,GEN_DUID,1,"2016/06/19 11:05:00",LKBONNY1,0.535856,"2016/06/19 11:00:04"
D,METER_DATA,GEN_DUID,1,"2016/06/19 11:05:00",MBAHNTH,59.531254,"2016/06/19 11:00:04"
D,METER_DATA,GEN_DUID,1,"2016/06/19 11:05:00",MEADOWB2,0,"2016/06/19 11:00:04"
D,METER_DATA,GEN_DUID,1,"2016/06/19 11:05:00",MLWF1,0.42,"2016/06/19 11:00:04"
D,METER_DATA,GEN_DUID,1,"2016/06/19 11:05:00",MTMILLAR,5.112181,"2016/06/19 11:00:04"
D,METER_DATA,GEN_DUID,1,"2016/06/19 11:05:00",PALOONA,22.869999,"2016/06/19 11:00:04"
D,METER_DATA,GEN_DUID,1,"2016/06/19 11:05:00",PORTLAT1,0,"2016/06/19 11:00:04"
D,METER_DATA,GEN_DUID,1,"2016/06/19 11:05:00",PORTWF,9.70,"2016/06/19 11:00:04"
D,METER_DATA,GEN_DUID,1,"2016/06/19 11:05:00",QUERIVE1,-0.14,"2016/06/19 11:00:04"
D,METER_DATA,GEN_DUID,1,"2016/06/19 11:05:00",REPULSE,29.992569,"2016/06/19 11:00:04"
D,METER_DATA,GEN_DUID,1,"2016/06/19 11:05:00",ROWALLAN,10.0891,"2016/06/19 11:00:04"
D,METER_DATA,GEN_DUID,1,"2016/06/19 11:05:00",ROYALLA1,2.439003,"2016/06/19 11:00:04"
D,METER_DATA,GEN_DUID,1,"2016/06/19 11:05:00",RPCG,-0.20,"2016/06/19 11:00:04"
D,METER_DATA,GEN_DUID,1,"2016/06/19 11:05:00",RUBICON,0,"2016/06/19 11:00:04"
D,METER_DATA,GEN_DUID,1,"2016/06/19 11:05:00",STARHLWF,0.099971,"2016/06/19 11:00:04"
D,METER_DATA,GEN_DUID,1,"2016/06/19 11:05:00",WAUBRAWF,0,"2016/06/19 11:00:04"
D,METER_DATA,GEN_DUID,1,"2016/06/19 11:05:00",WOOLNTH1,27.510014,"2016/06/19 11:00:04"
D,METER_DATA,GEN_DUID,1,"2016/06/19 11:05:00",WPWF,0,"2016/06/19 11:00:04"
D,METER_DATA,GEN_DUID,1,"2016/06/19 11:05:00",YAMBUKWF,-0.20,"2016/06/19 11:00:04"
D,METER_DATA,GEN_DUID,1,"2016/06/19 11:10:00",BBDISEL1,0,"2016/06/19 11:05:05"
D,METER_DATA,GEN_DUID,1,"2016/06/19 11:10:00",BUTLERSG,7.799998,"2016/06/19 11:05:05"
D,METER_DATA,GEN_DUID,1,"2016/06/19 11:10:00",CALL_A_4,0,"2016/06/19 11:05:05"
D,METER_DATA,GEN_DUID,1,"2016/06/19 11:10:00",CAPTL_WF,55.771996,"2016/06/19 11:05:05"
D,METER_DATA,GEN_DUID,1,"2016/06/19 11:10:00",CATAGUN1,0,"2016/06/19 11:05:05"
D,METER_DATA,GEN_DUID,1,"2016/06/19 11:10:00",CATHROCK,1.97,"2016/06/19 11:05:05"
D,METER_DATA,GEN_DUID,1,"2016/06/19 11:10:00",CHALLHWF,7.80,"2016/06/19 11:05:05"
D,METER_DATA,GEN_DUID,1,"2016/06/19 11:10:00",CLOVER,25.50,"2016/06/19 11:05:05"
D,METER_DATA,GEN_DUID,1,"2016/06/19 11:10:00",CLUNY,15.175981,"2016/06/19 11:05:05"
D,METER_DATA,GEN_DUID,1,"2016/06/19 11:10:00",CNUNDAWF,0.200234,"2016/06/19 11:05:05"
D,METER_DATA,GEN_DUID,1,"2016/06/19 11:10:00",CULLRGWF,20.93,"2016/06/19 11:05:05"
D,METER_DATA,GEN_DUID,1,"2016/06/19 11:10:00",ERGT01,0,"2016/06/19 11:05:05"
D,METER_DATA,GEN_DUID,1,"2016/06/19 11:10:00",GB01,0.144081,"2016/06/19 11:05:05"
D,METER_DATA,GEN_DUID,1,"2016/06/19 11:10:00",GEORGTN1,0,"2016/06/19 11:05:05"
D,METER_DATA,GEN_DUID,1,"2016/06/19 11:10:00",GEORGTN2,0,"2016/06/19 11:05:05"
D,METER_DATA,GEN_DUID,1,"2016/06/19 11:10:00",GERMCRK,40.700001,"2016/06/19 11:05:05"
D,METER_DATA,GEN_DUID,1,"2016/06/19 11:10:00",INVICTA,30.65,"2016/06/19 11:05:05"
D,METER_DATA,GEN_DUID,1,"2016/06/19 11:10:00",LKBONNY1,0.535856,"2016/06/19 11:05:05"
D,METER_DATA,GEN_DUID,1,"2016/06/19 11:10:00",MBAHNTH,59.531254,"2016/06/19 11:05:05"
D,METER_DATA,GEN_DUID,1,"2016/06/19 11:10:00",MEADOWB2,0,"2016/06/19 11:05:05"
D,METER_DATA,GEN_DUID,1,"2016/06/19 11:10:00",MLWF1,0.69,"2016/06/19 11:05:05"
D,METER_DATA,GEN_DUID,1,"2016/06/19 11:10:00",MTMILLAR,4.829411,"2016/06/19 11:05:05"
D,METER_DATA,GEN_DUID,1,"2016/06/19 11:10:00",PALOONA,22.869999,"2016/06/19 11:05:05"
D,METER_DATA,GEN_DUID,1,"2016/06/19 11:10:00",PORTLAT1,0,"2016/06/19 11:05:05"
D,METER_DATA,GEN_DUID,1,"2016/06/19 11:10:00",PORTWF,9.20,"2016/06/19 11:05:05"
D,METER_DATA,GEN_DUID,1,"2016/06/19 11:10:00",QUERIVE1,-0.12,"2016/06/19 11:05:05"
D,METER_DATA,GEN_DUID,1,"2016/06/19 11:10:00",REPULSE,28.506279,"2016/06/19 11:05:05"
D,METER_DATA,GEN_DUID,1,"2016/06/19 11:10:00",ROWALLAN,9.9329,"2016/06/19 11:05:05"
D,METER_DATA,GEN_DUID,1,"2016/06/19 11:10:00",ROYALLA1,2.500003,"2016/06/19 11:05:05"
D,METER_DATA,GEN_DUID,1,"2016/06/19 11:10:00",RPCG,-0.20,"2016/06/19 11:05:05"
D,METER_DATA,GEN_DUID,1,"2016/06/19 11:10:00",RUBICON,0,"2016/06/19 11:05:05"
D,METER_DATA,GEN_DUID,1,"2016/06/19 11:10:00",STARHLWF,0.099971,"2016/06/19 11:05:05"
D,METER_DATA,GEN_DUID,1,"2016/06/19 11:10:00",WAUBRAWF,0.3450,"2016/06/19 11:05:05"
D,METER_DATA,GEN_DUID,1,"2016/06/19 11:10:00",WOOLNTH1,28.140015,"2016/06/19 11:05:05"
D,METER_DATA,GEN_DUID,1,"2016/06/19 11:10:00",WPWF,0,"2016/06/19 11:05:05"
D,METER_DATA,GEN_DUID,1,"2016/06/19 11:10:00",YAMBUKWF,-0.20,"2016/06/19 11:05:05"
D,METER_DATA,GEN_DUID,1,"2016/06/19 11:15:00",BBDISEL1,0,"2016/06/19 11:10:05"
D,METER_DATA,GEN_DUID,1,"2016/06/19 11:15:00",BUTLERSG,7.799998,"2016/06/19 11:10:05"
D,METER_DATA,GEN_DUID,1,"2016/06/19 11:15:00",CALL_A_4,0,"2016/06/19 11:10:05"
D,METER_DATA,GEN_DUID,1,"2016/06/19 11:15:00",CAPTL_WF,58.139999,"2016/06/19 11:10:05"
D,METER_DATA,GEN_DUID,1,"2016/06/19 11:15:00",CATAGUN1,0,"2016/06/19 11:10:05"
D,METER_DATA,GEN_DUID,1,"2016/06/19 11:15:00",CATHROCK,1.55,"2016/06/19 11:10:05"
D,METER_DATA,GEN_DUID,1,"2016/06/19 11:15:00",CHALLHWF,7.40,"2016/06/19 11:10:05"
D,METER_DATA,GEN_DUID,1,"2016/06/19 11:15:00",CLOVER,25.459999,"2016/06/19 11:10:05"
D,METER_DATA,GEN_DUID,1,"2016/06/19 11:15:00",CLUNY,14.975921,"2016/06/19 11:10:05"
D,METER_DATA,GEN_DUID,1,"2016/06/19 11:15:00",CNUNDAWF,0.200234,"2016/06/19 11:10:05"
D,METER_DATA,GEN_DUID,1,"2016/06/19 11:15:00",CULLRGWF,20.049999,"2016/06/19 11:10:05"
D,METER_DATA,GEN_DUID,1,"2016/06/19 11:15:00",ERGT01,0,"2016/06/19 11:10:05"
D,METER_DATA,GEN_DUID,1,"2016/06/19 11:15:00",GB01,0.144081,"2016/06/19 11:10:05"
D,METER_DATA,GEN_DUID,1,"2016/06/19 11:15:00",GEORGTN1,0,"2016/06/19 11:10:05"
D,METER_DATA,GEN_DUID,1,"2016/06/19 11:15:00",GEORGTN2,0,"2016/06/19 11:10:05"
D,METER_DATA,GEN_DUID,1,"2016/06/19 11:15:00",GERMCRK,40.400002,"2016/06/19 11:10:05"
D,METER_DATA,GEN_DUID,1,"2016/06/19 11:15:00",INVICTA,30.65,"2016/06/19 11:10:05"
D,METER_DATA,GEN_DUID,1,"2016/06/19 11:15:00",LKBONNY1,0.178619,"2016/06/19 11:10:05"
D,METER_DATA,GEN_DUID,1,"2016/06/19 11:15:00",MBAHNTH,59.531254,"2016/06/19 11:10:05"
D,METER_DATA,GEN_DUID,1,"2016/06/19 11:15:00",MEADOWB2,0,"2016/06/19 11:10:05"
D,METER_DATA,GEN_DUID,1,"2016/06/19 11:15:00",MLWF1,0.9750,"2016/06/19 11:10:05"
D,METER_DATA,GEN_DUID,1,"2016/06/19 11:15:00",MTMILLAR,5.149387,"2016/06/19 11:10:05"
D,METER_DATA,GEN_DUID,1,"2016/06/19 11:15:00",PALOONA,22.84,"2016/06/19 11:10:05"
D,METER_DATA,GEN_DUID,1,"2016/06/19 11:15:00",PORTLAT1,0,"2016/06/19 11:10:05"
D,METER_DATA,GEN_DUID,1,"2016/06/19 11:15:00",PORTWF,8.60,"2016/06/19 11:10:05"
D,METER_DATA,GEN_DUID,1,"2016/06/19 11:15:00",QUERIVE1,-0.13,"2016/06/19 11:10:05"
D,METER_DATA,GEN_DUID,1,"2016/06/19 11:15:00",REPULSE,27.305815,"2016/06/19 11:10:05"
D,METER_DATA,GEN_DUID,1,"2016/06/19 11:15:00",ROWALLAN,9.8832,"2016/06/19 11:10:05"
D,METER_DATA,GEN_DUID,1,"2016/06/19 11:15:00",ROYALLA1,2.345003,"2016/06/19 11:10:05"
D,METER_DATA,GEN_DUID,1,"2016/06/19 11:15:00",RPCG,-0.20,"2016/06/19 11:10:05"
D,METER_DATA,GEN_DUID,1,"2016/06/19 11:15:00",RUBICON,0,"2016/06/19 11:10:05"
D,METER_DATA,GEN_DUID,1,"2016/06/19 11:15:00",STARHLWF,0.099971,"2016/06/19 11:10:05"
D,METER_DATA,GEN_DUID,1,"2016/06/19 11:15:00",WAUBRAWF,0.7420,"2016/06/19 11:10:05"
D,METER_DATA,GEN_DUID,1,"2016/06/19 11:15:00",WOOLNTH1,25.520016,"2016/06/19 11:10:05"
D,METER_DATA,GEN_DUID,1,"2016/06/19 11:15:00",WPWF,0,"2016/06/19 11:10:05"
D,METER_DATA,GEN_DUID,1,"2016/06/19 11:15:00",YAMBUKWF,-0.20,"2016/06/19 11:10:05"
D,METER_DATA,GEN_DUID,1,"2016/06/19 11:20:00",BBDISEL1,0,"2016/06/19 11:15:05"
D,METER_DATA,GEN_DUID,1,"2016/06/19 11:20:00",BUTLERSG,7.799998,"2016/06/19 11:15:05"
D,METER_DATA,GEN_DUID,1,"2016/06/19 11:20:00",CALL_A_4,0,"2016/06/19 11:15:05"
D,METER_DATA,GEN_DUID,1,"2016/06/19 11:20:00",CAPTL_WF,62,"2016/06/19 11:15:05"
D,METER_DATA,GEN_DUID,1,"2016/06/19 11:20:00",CATAGUN1,0,"2016/06/19 11:15:05"
D,METER_DATA,GEN_DUID,1,"2016/06/19 11:20:00",CATHROCK,2.73,"2016/06/19 11:15:05"
D,METER_DATA,GEN_DUID,1,"2016/06/19 11:20:00",CHALLHWF,6.30,"2016/06/19 11:15:05"
D,METER_DATA,GEN_DUID,1,"2016/06/19 11:20:00",CLOVER,25.49,"2016/06/19 11:15:05"
D,METER_DATA,GEN_DUID,1,"2016/06/19 11:20:00",CLUNY,14.532930,"2016/06/19 11:15:05"
D,METER_DATA,GEN_DUID,1,"2016/06/19 11:20:00",CNUNDAWF,0.600701,"2016/06/19 11:15:05"
D,METER_DATA,GEN_DUID,1,"2016/06/19 11:20:00",CULLRGWF,20.51,"2016/06/19 11:15:05"
D,METER_DATA,GEN_DUID,1,"2016/06/19 11:20:00",ERGT01,0,"2016/06/19 11:15:05"
D,METER_DATA,GEN_DUID,1,"2016/06/19 11:20:00",GB01,0.144081,"2016/06/19 11:15:05"
D,METER_DATA,GEN_DUID,1,"2016/06/19 11:20:00",GEORGTN1,0,"2016/06/19 11:15:05"
D,METER_DATA,GEN_DUID,1,"2016/06/19 11:20:00",GEORGTN2,0,"2016/06/19 11:15:05"
D,METER_DATA,GEN_DUID,1,"2016/06/19 11:20:00",GERMCRK,40.50,"2016/06/19 11:15:05"
D,METER_DATA,GEN_DUID,1,"2016/06/19 11:20:00",INVICTA,31.800001,"2016/06/19 11:15:05"
D,METER_DATA,GEN_DUID,1,"2016/06/19 11:20:00",LKBONNY1,0.089309,"2016/06/19 11:15:05"
D,METER_DATA,GEN_DUID,1,"2016/06/19 11:20:00",MBAHNTH,59.531254,"2016/06/19 11:15:05"
D,METER_DATA,GEN_DUID,1,"2016/06/19 11:20:00",MEADOWB2,0,"2016/06/19 11:15:05"
D,METER_DATA,GEN_DUID,1,"2016/06/19 11:20:00",MLWF1,1.08,"2016/06/19 11:15:05"
D,METER_DATA,GEN_DUID,1,"2016/06/19 11:20:00",MTMILLAR,5.194036,"2016/06/19 11:15:05"
D,METER_DATA,GEN_DUID,1,"2016/06/19 11:20:00",PALOONA,22.84,"2016/06/19 11:15:05"
D,METER_DATA,GEN_DUID,1,"2016/06/19 11:20:00",PORTLAT1,0,"2016/06/19 11:15:05"
D,METER_DATA,GEN_DUID,1,"2016/06/19 11:20:00",PORTWF,6.60,"2016/06/19 11:15:05"
D,METER_DATA,GEN_DUID,1,"2016/06/19 11:20:00",QUERIVE1,-0.12,"2016/06/19 11:15:05"
D,METER_DATA,GEN_DUID,1,"2016/06/19 11:20:00",REPULSE,28.201399,"2016/06/19 11:15:05"
D,METER_DATA,GEN_DUID,1,"2016/06/19 11:20:00",ROWALLAN,9.9826,"2016/06/19 11:15:05"
D,METER_DATA,GEN_DUID,1,"2016/06/19 11:20:00",ROYALLA1,2.423003,"2016/06/19 11:15:05"
D,METER_DATA,GEN_DUID,1,"2016/06/19 11:20:00",RPCG,-0.20,"2016/06/19 11:15:05"
D,METER_DATA,GEN_DUID,1,"2016/06/19 11:20:00",RUBICON,0,"2016/06/19 11:15:05"
D,METER_DATA,GEN_DUID,1,"2016/06/19 11:20:00",STARHLWF,0.099971,"2016/06/19 11:15:05"
D,METER_DATA,GEN_DUID,1,"2016/06/19 11:20:00",WAUBRAWF,1.4960,"2016/06/19 11:15:05"
D,METER_DATA,GEN_DUID,1,"2016/06/19 11:20:00",WOOLNTH1,27.820015,"2016/06/19 11:15:05"
D,METER_DATA,GEN_DUID,1,"2016/06/19 11:20:00",WPWF,0,"2016/06/19 11:15:05"
D,METER_DATA,GEN_DUID,1,"2016/06/19 11:20:00",YAMBUKWF,-0.20,"2016/06/19 11:15:05"
D,METER_DATA,GEN_DUID,1,"2016/06/19 11:25:00",BBDISEL1,0,"2016/06/19 11:20:05"
D,METER_DATA,GEN_DUID,1,"2016/06/19 11:25:00",BUTLERSG,7.799998,"2016/06/19 11:20:05"
D,METER_DATA,GEN_DUID,1,"2016/06/19 11:25:00",CALL_A_4,0,"2016/06/19 11:20:05"
D,METER_DATA,GEN_DUID,1,"2016/06/19 11:25:00",CAPTL_WF,67.18,"2016/06/19 11:20:05"
D,METER_DATA,GEN_DUID,1,"2016/06/19 11:25:00",CATAGUN1,0,"2016/06/19 11:20:05"
D,METER_DATA,GEN_DUID,1,"2016/06/19 11:25:00",CATHROCK,2.41,"2016/06/19 11:20:05"
D,METER_DATA,GEN_DUID,1,"2016/06/19 11:25:00",CHALLHWF,4.90,"2016/06/19 11:20:05"
D,METER_DATA,GEN_DUID,1,"2016/06/19 11:25:00",CLOVER,25.540001,"2016/06/19 11:20:05"
D,METER_DATA,GEN_DUID,1,"2016/06/19 11:25:00",CLUNY,15.276011,"2016/06/19 11:20:05"
D,METER_DATA,GEN_DUID,1,"2016/06/19 11:25:00",CNUNDAWF,0.600701,"2016/06/19 11:20:05"
D,METER_DATA,GEN_DUID,1,"2016/06/19 11:25:00",CULLRGWF,21.65,"2016/06/19 11:20:05"
D,METER_DATA,GEN_DUID,1,"2016/06/19 11:25:00",ERGT01,0,"2016/06/19 11:20:05"
D,METER_DATA,GEN_DUID,1,"2016/06/19 11:25:00",GB01,0.145309,"2016/06/19 11:20:05"
D,METER_DATA,GEN_DUID,1,"2016/06/19 11:25:00",GEORGTN1,0,"2016/06/19 11:20:05"
D,METER_DATA,GEN_DUID,1,"2016/06/19 11:25:00",GEORGTN2,0,"2016/06/19 11:20:05"
D,METER_DATA,GEN_DUID,1,"2016/06/19 11:25:00",GERMCRK,40.400002,"2016/06/19 11:20:05"
D,METER_DATA,GEN_DUID,1,"2016/06/19 11:25:00",INVICTA,34.25,"2016/06/19 11:20:05"
D,METER_DATA,GEN_DUID,1,"2016/06/19 11:25:00",LKBONNY1,0,"2016/06/19 11:20:05"
D,METER_DATA,GEN_DUID,1,"2016/06/19 11:25:00",MBAHNTH,59.531254,"2016/06/19 11:20:05"
D,METER_DATA,GEN_DUID,1,"2016/06/19 11:25:00",MEADOWB2,0,"2016/06/19 11:20:05"
D,METER_DATA,GEN_DUID,1,"2016/06/19 11:25:00",MLWF1,1.08,"2016/06/19 11:20:05"
D,METER_DATA,GEN_DUID,1,"2016/06/19 11:25:00",MTMILLAR,4.092721,"2016/06/19 11:20:05"
D,METER_DATA,GEN_DUID,1,"2016/06/19 11:25:00",PALOONA,22.84,"2016/06/19 11:20:05"
D,METER_DATA,GEN_DUID,1,"2016/06/19 11:25:00",PORTLAT1,0,"2016/06/19 11:20:05"
D,METER_DATA,GEN_DUID,1,"2016/06/19 11:25:00",PORTWF,7.10,"2016/06/19 11:20:05"
D,METER_DATA,GEN_DUID,1,"2016/06/19 11:25:00",QUERIVE1,-0.12,"2016/06/19 11:20:05"
D,METER_DATA,GEN_DUID,1,"2016/06/19 11:25:00",REPULSE,27.934629,"2016/06/19 11:20:05"
D,METER_DATA,GEN_DUID,1,"2016/06/19 11:25:00",ROWALLAN,10.0465,"2016/06/19 11:20:05"
D,METER_DATA,GEN_DUID,1,"2016/06/19 11:25:00",ROYALLA1,2.477003,"2016/06/19 11:20:05"
D,METER_DATA,GEN_DUID,1,"2016/06/19 11:25:00",RPCG,-0.20,"2016/06/19 11:20:05"
D,METER_DATA,GEN_DUID,1,"2016/06/19 11:25:00",RUBICON,0,"2016/06/19 11:20:05"
D,METER_DATA,GEN_DUID,1,"2016/06/19 11:25:00",STARHLWF,0.099971,"2016/06/19 11:20:05"
D,METER_DATA,GEN_DUID,1,"2016/06/19 11:25:00",WAUBRAWF,1.9530,"2016/06/19 11:20:05"
D,METER_DATA,GEN_DUID,1,"2016/06/19 11:25:00",WOOLNTH1,28.680016,"2016/06/19 11:20:05"
D,METER_DATA,GEN_DUID,1,"2016/06/19 11:25:00",WPWF,0,"2016/06/19 11:20:05"
D,METER_DATA,GEN_DUID,1,"2016/06/19 11:25:00",YAMBUKWF,-0.20,"2016/06/19 11:20:05"
D,METER_DATA,GEN_DUID,1,"2016/06/19 11:30:00",BBDISEL1,0,"2016/06/19 11:25:05"
D,METER_DATA,GEN_DUID,1,"2016/06/19 11:30:00",BUTLERSG,7.799998,"2016/06/19 11:25:05"
D,METER_DATA,GEN_DUID,1,"2016/06/19 11:30:00",CALL_A_4,0,"2016/06/19 11:25:05"
D,METER_DATA,GEN_DUID,1,"2016/06/19 11:30:00",CAPTL_WF,71.367996,"2016/06/19 11:25:05"
D,METER_DATA,GEN_DUID,1,"2016/06/19 11:30:00",CATAGUN1,0,"2016/06/19 11:25:05"
D,METER_DATA,GEN_DUID,1,"2016/06/19 11:30:00",CATHROCK,1.94,"2016/06/19 11:25:05"
D,METER_DATA,GEN_DUID,1,"2016/06/19 11:30:00",CHALLHWF,4.30,"2016/06/19 11:25:05"
D,METER_DATA,GEN_DUID,1,"2016/06/19 11:30:00",CLOVER,25.529999,"2016/06/19 11:25:05"
D,METER_DATA,GEN_DUID,1,"2016/06/19 11:30:00",CLUNY,14.461480,"2016/06/19 11:25:05"
D,METER_DATA,GEN_DUID,1,"2016/06/19 11:30:00",CNUNDAWF,0.600701,"2016/06/19 11:25:05"
D,METER_DATA,GEN_DUID,1,"2016/06/19 11:30:00",CULLRGWF,20.77,"2016/06/19 11:25:05"
D,METER_DATA,GEN_DUID,1,"2016/06/19 11:30:00",ERGT01,0,"2016/06/19 11:25:05"
D,METER_DATA,GEN_DUID,1,"2016/06/19 11:30:00",GB01,0.145309,"2016/06/19 11:25:05"
D,METER_DATA,GEN_DUID,1,"2016/06/19 11:30:00",GEORGTN1,0,"2016/06/19 11:25:05"
D,METER_DATA,GEN_DUID,1,"2016/06/19 11:30:00",GEORGTN2,0,"2016/06/19 11:25:05"
D,METER_DATA,GEN_DUID,1,"2016/06/19 11:30:00",GERMCRK,40.50,"2016/06/19 11:25:05"
D,METER_DATA,GEN_DUID,1,"2016/06/19 11:30:00",INVICTA,34.25,"2016/06/19 11:25:05"
D,METER_DATA,GEN_DUID,1,"2016/06/19 11:30:00",LKBONNY1,0.089309,"2016/06/19 11:25:05"
D,METER_DATA,GEN_DUID,1,"2016/06/19 11:30:00",MBAHNTH,59.531254,"2016/06/19 11:25:05"
D,METER_DATA,GEN_DUID,1,"2016/06/19 11:30:00",MEADOWB2,0,"2016/06/19 11:25:05"
D,METER_DATA,GEN_DUID,1,"2016/06/19 11:30:00",MLWF1,1.17,"2016/06/19 11:25:05"
D,METER_DATA,GEN_DUID,1,"2016/06/19 11:30:00",MTMILLAR,5.186594,"2016/06/19 11:25:05"
D,METER_DATA,GEN_DUID,1,"2016/06/19 11:30:00",PALOONA,22.84,"2016/06/19 11:25:05"
D,METER_DATA,GEN_DUID,1,"2016/06/19 11:30:00",PORTLAT1,0,"2016/06/19 11:25:05"
D,METER_DATA,GEN_DUID,1,"2016/06/19 11:30:00",PORTWF,8.60,"2016/06/19 11:25:05"
D,METER_DATA,GEN_DUID,1,"2016/06/19 11:30:00",QUERIVE1,-0.12,"2016/06/19 11:25:05"
D,METER_DATA,GEN_DUID,1,"2016/06/19 11:30:00",REPULSE,27.686914,"2016/06/19 11:25:05"
D,METER_DATA,GEN_DUID,1,"2016/06/19 11:30:00",ROWALLAN,9.876101,"2016/06/19 11:25:05"
D,METER_DATA,GEN_DUID,1,"2016/06/19 11:30:00",ROYALLA1,2.389003,"2016/06/19 11:25:05"
D,METER_DATA,GEN_DUID,1,"2016/06/19 11:30:00",RPCG,-0.20,"2016/06/19 11:25:05"
D,METER_DATA,GEN_DUID,1,"2016/06/19 11:30:00",RUBICON,0,"2016/06/19 11:25:05"
D,METER_DATA,GEN_DUID,1,"2016/06/19 11:30:00",STARHLWF,0.099971,"2016/06/19 11:25:05"
D,METER_DATA,GEN_DUID,1,"2016/06/19 11:30:00",WAUBRAWF,3.5050,"2016/06/19 11:25:05"
D,METER_DATA,GEN_DUID,1,"2016/06/19 11:30:00",WOOLNTH1,29.610016,"2016/06/19 11:25:05"
D,METER_DATA,GEN_DUID,1,"2016/06/19 11:30:00",WPWF,0,"2016/06/19 11:25:05"
D,METER_DATA,GEN_DUID,1,"2016/06/19 11:30:00",YAMBUKWF,-0.20,"2016/06/19 11:25:05"
D,METER_DATA,GEN_DUID,1,"2016/06/19 11:35:00",BBDISEL1,0,"2016/06/19 11:30:05"
D,METER_DATA,GEN_DUID,1,"2016/06/19 11:35:00",BUTLERSG,7.799998,"2016/06/19 11:30:05"
D,METER_DATA,GEN_DUID,1,"2016/06/19 11:35:00",CALL_A_4,0,"2016/06/19 11:30:05"
D,METER_DATA,GEN_DUID,1,"2016/06/19 11:35:00",CAPTL_WF,72.548004,"2016/06/19 11:30:05"
D,METER_DATA,GEN_DUID,1,"2016/06/19 11:35:00",CATAGUN1,0,"2016/06/19 11:30:05"
D,METER_DATA,GEN_DUID,1,"2016/06/19 11:35:00",CATHROCK,3.05,"2016/06/19 11:30:05"
D,METER_DATA,GEN_DUID,1,"2016/06/19 11:35:00",CHALLHWF,5.40,"2016/06/19 11:30:05"
D,METER_DATA,GEN_DUID,1,"2016/06/19 11:35:00",CLOVER,25.51,"2016/06/19 11:30:05"
D,METER_DATA,GEN_DUID,1,"2016/06/19 11:35:00",CLUNY,15.390330,"2016/06/19 11:30:05"
D,METER_DATA,GEN_DUID,1,"2016/06/19 11:35:00",CNUNDAWF,0.600701,"2016/06/19 11:30:05"
D,METER_DATA,GEN_DUID,1,"2016/06/19 11:35:00",CULLRGWF,21.02,"2016/06/19 11:30:05"
D,METER_DATA,GEN_DUID,1,"2016/06/19 11:35:00",ERGT01,0,"2016/06/19 11:30:05"
D,METER_DATA,GEN_DUID,1,"2016/06/19 11:35:00",GB01,0.145309,"2016/06/19 11:30:05"
D,METER_DATA,GEN_DUID,1,"2016/06/19 11:35:00",GEORGTN1,0,"2016/06/19 11:30:05"
D,METER_DATA,GEN_DUID,1,"2016/06/19 11:35:00",GEORGTN2,0,"2016/06/19 11:30:05"
D,METER_DATA,GEN_DUID,1,"2016/06/19 11:35:00",GERMCRK,40.700001,"2016/06/19 11:30:05"
D,METER_DATA,GEN_DUID,1,"2016/06/19 11:35:00",INVICTA,34.25,"2016/06/19 11:30:05"
D,METER_DATA,GEN_DUID,1,"2016/06/19 11:35:00",LKBONNY1,0.446547,"2016/06/19 11:30:05"
D,METER_DATA,GEN_DUID,1,"2016/06/19 11:35:00",MBAHNTH,59.531254,"2016/06/19 11:30:05"
D,METER_DATA,GEN_DUID,1,"2016/06/19 11:35:00",MEADOWB2,0,"2016/06/19 11:30:05"
D,METER_DATA,GEN_DUID,1,"2016/06/19 11:35:00",MLWF1,1.17,"2016/06/19 11:30:05"
D,METER_DATA,GEN_DUID,1,"2016/06/19 11:35:00",MTMILLAR,5.714927,"2016/06/19 11:30:05"
D,METER_DATA,GEN_DUID,1,"2016/06/19 11:35:00",PALOONA,22.84,"2016/06/19 11:30:05"
D,METER_DATA,GEN_DUID,1,"2016/06/19 11:35:00",PORTLAT1,0,"2016/06/19 11:30:05"
D,METER_DATA,GEN_DUID,1,"2016/06/19 11:35:00",PORTWF,10,"2016/06/19 11:30:05"
D,METER_DATA,GEN_DUID,1,"2016/06/19 11:35:00",QUERIVE1,-0.12,"2016/06/19 11:30:05"
D,METER_DATA,GEN_DUID,1,"2016/06/19 11:35:00",REPULSE,28.639664,"2016/06/19 11:30:05"
D,METER_DATA,GEN_DUID,1,"2016/06/19 11:35:00",ROWALLAN,10.1743,"2016/06/19 11:30:05"
D,METER_DATA,GEN_DUID,1,"2016/06/19 11:35:00",ROYALLA1,3.049003,"2016/06/19 11:30:05"
D,METER_DATA,GEN_DUID,1,"2016/06/19 11:35:00",RPCG,-0.20,"2016/06/19 11:30:05"
D,METER_DATA,GEN_DUID,1,"2016/06/19 11:35:00",RUBICON,0,"2016/06/19 11:30:05"
D,METER_DATA,GEN_DUID,1,"2016/06/19 11:35:00",STARHLWF,0.099971,"2016/06/19 11:30:05"
D,METER_DATA,GEN_DUID,1,"2016/06/19 11:35:00",WAUBRAWF,4.52,"2016/06/19 11:30:05"
D,METER_DATA,GEN_DUID,1,"2016/06/19 11:35:00",WOOLNTH1,31.390015,"2016/06/19 11:30:05"
D,METER_DATA,GEN_DUID,1,"2016/06/19 11:35:00",WPWF,0,"2016/06/19 11:30:05"
D,METER_DATA,GEN_DUID,1,"2016/06/19 11:35:00",YAMBUKWF,-0.20,"2016/06/19 11:30:05"
D,METER_DATA,GEN_DUID,1,"2016/06/19 11:40:00",BBDISEL1,0,"2016/06/19 11:35:05"
D,METER_DATA,GEN_DUID,1,"2016/06/19 11:40:00",BUTLERSG,7.799998,"2016/06/19 11:35:05"
D,METER_DATA,GEN_DUID,1,"2016/06/19 11:40:00",CALL_A_4,0,"2016/06/19 11:35:05"
D,METER_DATA,GEN_DUID,1,"2016/06/19 11:40:00",CAPTL_WF,70.391998,"2016/06/19 11:35:05"
D,METER_DATA,GEN_DUID,1,"2016/06/19 11:40:00",CATAGUN1,0,"2016/06/19 11:35:05"
D,METER_DATA,GEN_DUID,1,"2016/06/19 11:40:00",CATHROCK,1.83,"2016/06/19 11:35:05"
D,METER_DATA,GEN_DUID,1,"2016/06/19 11:40:00",CHALLHWF,5.50,"2016/06/19 11:35:05"
D,METER_DATA,GEN_DUID,1,"2016/06/19 11:40:00",CLOVER,25.52,"2016/06/19 11:35:05"
D,METER_DATA,GEN_DUID,1,"2016/06/19 11:40:00",CLUNY,14.790151,"2016/06/19 11:35:05"
D,METER_DATA,GEN_DUID,1,"2016/06/19 11:40:00",CNUNDAWF,1.001168,"2016/06/19 11:35:05"
D,METER_DATA,GEN_DUID,1,"2016/06/19 11:40:00",CULLRGWF,20.209999,"2016/06/19 11:35:05"
D,METER_DATA,GEN_DUID,1,"2016/06/19 11:40:00",ERGT01,0,"2016/06/19 11:35:05"
D,METER_DATA,GEN_DUID,1,"2016/06/19 11:40:00",GB01,0.145309,"2016/06/19 11:35:05"
D,METER_DATA,GEN_DUID,1,"2016/06/19 11:40:00",GEORGTN1,0,"2016/06/19 11:35:05"
D,METER_DATA,GEN_DUID,1,"2016/06/19 11:40:00",GEORGTN2,0,"2016/06/19 11:35:05"
D,METER_DATA,GEN_DUID,1,"2016/06/19 11:40:00",GERMCRK,40.599998,"2016/06/19 11:35:05"
D,METER_DATA,GEN_DUID,1,"2016/06/19 11:40:00",INVICTA,34.25,"2016/06/19 11:35:05"
D,METER_DATA,GEN_DUID,1,"2016/06/19 11:40:00",LKBONNY1,0.446547,"2016/06/19 11:35:05"
D,METER_DATA,GEN_DUID,1,"2016/06/19 11:40:00",MBAHNTH,59.531254,"2016/06/19 11:35:05"
D,METER_DATA,GEN_DUID,1,"2016/06/19 11:40:00",MEADOWB2,0,"2016/06/19 11:35:05"
D,METER_DATA,GEN_DUID,1,"2016/06/19 11:40:00",MLWF1,1.3650,"2016/06/19 11:35:05"
D,METER_DATA,GEN_DUID,1,"2016/06/19 11:40:00",MTMILLAR,6.548354,"2016/06/19 11:35:05"
D,METER_DATA,GEN_DUID,1,"2016/06/19 11:40:00",PALOONA,22.84,"2016/06/19 11:35:05"
D,METER_DATA,GEN_DUID,1,"2016/06/19 11:40:00",PORTLAT1,0,"2016/06/19 11:35:05"
D,METER_DATA,GEN_DUID,1,"2016/06/19 11:40:00",PORTWF,11.30,"2016/06/19 11:35:05"
D,METER_DATA,GEN_DUID,1,"2016/06/19 11:40:00",QUERIVE1,-0.12,"2016/06/19 11:35:05"
D,METER_DATA,GEN_DUID,1,"2016/06/19 11:40:00",REPULSE,27.610695,"2016/06/19 11:35:05"
D,METER_DATA,GEN_DUID,1,"2016/06/19 11:40:00",ROWALLAN,10.0465,"2016/06/19 11:35:05"
D,METER_DATA,GEN_DUID,1,"2016/06/19 11:40:00",ROYALLA1,2.191003,"2016/06/19 11:35:05"
D,METER_DATA,GEN_DUID,1,"2016/06/19 11:40:00",RPCG,-0.20,"2016/06/19 11:35:05"
D,METER_DATA,GEN_DUID,1,"2016/06/19 11:40:00",RUBICON,0,"2016/06/19 11:35:05"
D,METER_DATA,GEN_DUID,1,"2016/06/19 11:40:00",STARHLWF,0.099971,"2016/06/19 11:35:05"
D,METER_DATA,GEN_DUID,1,"2016/06/19 11:40:00",WAUBRAWF,5.2840,"2016/06/19 11:35:05"
D,METER_DATA,GEN_DUID,1,"2016/06/19 11:40:00",WOOLNTH1,32.660019,"2016/06/19 11:35:05"
D,METER_DATA,GEN_DUID,1,"2016/06/19 11:40:00",WPWF,0,"2016/06/19 11:35:05"
D,METER_DATA,GEN_DUID,1,"2016/06/19 11:40:00",YAMBUKWF,-0.20,"2016/06/19 11:35:05"
D,METER_DATA,GEN_DUID,1,"2016/06/19 11:45:00",BBDISEL1,0,"2016/06/19 11:40:05"
D,METER_DATA,GEN_DUID,1,"2016/06/19 11:45:00",BUTLERSG,7.799998,"2016/06/19 11:40:05"
D,METER_DATA,GEN_DUID,1,"2016/06/19 11:45:00",CALL_A_4,0,"2016/06/19 11:40:05"
D,METER_DATA,GEN_DUID,1,"2016/06/19 11:45:00",CAPTL_WF,66.391998,"2016/06/19 11:40:05"
D,METER_DATA,GEN_DUID,1,"2016/06/19 11:45:00",CATAGUN1,0,"2016/06/19 11:40:05"
D,METER_DATA,GEN_DUID,1,"2016/06/19 11:45:00",CATHROCK,0,"2016/06/19 11:40:05"
D,METER_DATA,GEN_DUID,1,"2016/06/19 11:45:00",CHALLHWF,5.50,"2016/06/19 11:40:05"
D,METER_DATA,GEN_DUID,1,"2016/06/19 11:45:00",CLOVER,25.549999,"2016/06/19 11:40:05"
D,METER_DATA,GEN_DUID,1,"2016/06/19 11:45:00",CLUNY,14.218551,"2016/06/19 11:40:05"
D,METER_DATA,GEN_DUID,1,"2016/06/19 11:45:00",CNUNDAWF,1.001168,"2016/06/19 11:40:05"
D,METER_DATA,GEN_DUID,1,"2016/06/19 11:45:00",CULLRGWF,20.92,"2016/06/19 11:40:05"
D,METER_DATA,GEN_DUID,1,"2016/06/19 11:45:00",ERGT01,0,"2016/06/19 11:40:05"
D,METER_DATA,GEN_DUID,1,"2016/06/19 11:45:00",GB01,0.145309,"2016/06/19 11:40:05"
D,METER_DATA,GEN_DUID,1,"2016/06/19 11:45:00",GEORGTN1,0,"2016/06/19 11:40:05"
D,METER_DATA,GEN_DUID,1,"2016/06/19 11:45:00",GEORGTN2,0,"2016/06/19 11:40:05"
D,METER_DATA,GEN_DUID,1,"2016/06/19 11:45:00",GERMCRK,40.400002,"2016/06/19 11:40:05"
D,METER_DATA,GEN_DUID,1,"2016/06/19 11:45:00",INVICTA,34.25,"2016/06/19 11:40:05"
D,METER_DATA,GEN_DUID,1,"2016/06/19 11:45:00",LKBONNY1,0.178619,"2016/06/19 11:40:05"
D,METER_DATA,GEN_DUID,1,"2016/06/19 11:45:00",MBAHNTH,59.531254,"2016/06/19 11:40:05"
D,METER_DATA,GEN_DUID,1,"2016/06/19 11:45:00",MEADOWB2,0,"2016/06/19 11:40:05"
D,METER_DATA,GEN_DUID,1,"2016/06/19 11:45:00",MLWF1,1.6650,"2016/06/19 11:40:05"
D,METER_DATA,GEN_DUID,1,"2016/06/19 11:45:00",MTMILLAR,7.709198,"2016/06/19 11:40:05"
D,METER_DATA,GEN_DUID,1,"2016/06/19 11:45:00",PALOONA,22.84,"2016/06/19 11:40:05"
D,METER_DATA,GEN_DUID,1,"2016/06/19 11:45:00",PORTLAT1,0,"2016/06/19 11:40:05"
D,METER_DATA,GEN_DUID,1,"2016/06/19 11:45:00",PORTWF,11.90,"2016/06/19 11:40:05"
D,METER_DATA,GEN_DUID,1,"2016/06/19 11:45:00",QUERIVE1,-0.12,"2016/06/19 11:40:05"
D,METER_DATA,GEN_DUID,1,"2016/06/19 11:45:00",REPULSE,27.382034,"2016/06/19 11:40:05"
D,METER_DATA,GEN_DUID,1,"2016/06/19 11:45:00",ROWALLAN,9.9897,"2016/06/19 11:40:05"
D,METER_DATA,GEN_DUID,1,"2016/06/19 11:45:00",ROYALLA1,1.914003,"2016/06/19 11:40:05"
D,METER_DATA,GEN_DUID,1,"2016/06/19 11:45:00",RPCG,-0.20,"2016/06/19 11:40:05"
D,METER_DATA,GEN_DUID,1,"2016/06/19 11:45:00",RUBICON,0,"2016/06/19 11:40:05"
D,METER_DATA,GEN_DUID,1,"2016/06/19 11:45:00",STARHLWF,0.099971,"2016/06/19 11:40:05"
D,METER_DATA,GEN_DUID,1,"2016/06/19 11:45:00",WAUBRAWF,5.7350,"2016/06/19 11:40:05"
D,METER_DATA,GEN_DUID,1,"2016/06/19 11:45:00",WOOLNTH1,34.910015,"2016/06/19 11:40:05"
D,METER_DATA,GEN_DUID,1,"2016/06/19 11:45:00",WPWF,0,"2016/06/19 11:40:05"
D,METER_DATA,GEN_DUID,1,"2016/06/19 11:45:00",YAMBUKWF,-0.20,"2016/06/19 11:40:05"
D,METER_DATA,GEN_DUID,1,"2016/06/19 11:50:00",BBDISEL1,0,"2016/06/19 11:45:05"
D,METER_DATA,GEN_DUID,1,"2016/06/19 11:50:00",BUTLERSG,7.799998,"2016/06/19 11:45:05"
D,METER_DATA,GEN_DUID,1,"2016/06/19 11:50:00",CALL_A_4,0,"2016/06/19 11:45:05"
D,METER_DATA,GEN_DUID,1,"2016/06/19 11:50:00",CAPTL_WF,68.2920,"2016/06/19 11:45:05"
D,METER_DATA,GEN_DUID,1,"2016/06/19 11:50:00",CATAGUN1,0,"2016/06/19 11:45:05"
D,METER_DATA,GEN_DUID,1,"2016/06/19 11:50:00",CATHROCK,0,"2016/06/19 11:45:05"
D,METER_DATA,GEN_DUID,1,"2016/06/19 11:50:00",CHALLHWF,4.90,"2016/06/19 11:45:05"
D,METER_DATA,GEN_DUID,1,"2016/06/19 11:50:00",CLOVER,25.49,"2016/06/19 11:45:05"
D,METER_DATA,GEN_DUID,1,"2016/06/19 11:50:00",CLUNY,15.033080,"2016/06/19 11:45:05"
D,METER_DATA,GEN_DUID,1,"2016/06/19 11:50:00",CNUNDAWF,1.401635,"2016/06/19 11:45:05"
D,METER_DATA,GEN_DUID,1,"2016/06/19 11:50:00",CULLRGWF,19.940001,"2016/06/19 11:45:05"
D,METER_DATA,GEN_DUID,1,"2016/06/19 11:50:00",ERGT01,0,"2016/06/19 11:45:05"
D,METER_DATA,GEN_DUID,1,"2016/06/19 11:50:00",GB01,0.145309,"2016/06/19 11:45:05"
D,METER_DATA,GEN_DUID,1,"2016/06/19 11:50:00",GEORGTN1,0,"2016/06/19 11:45:05"
D,METER_DATA,GEN_DUID,1,"2016/06/19 11:50:00",GEORGTN2,0,"2016/06/19 11:45:05"
D,METER_DATA,GEN_DUID,1,"2016/06/19 11:50:00",GERMCRK,40.400002,"2016/06/19 11:45:05"
D,METER_DATA,GEN_DUID,1,"2016/06/19 11:50:00",INVICTA,34.25,"2016/06/19 11:45:05"
D,METER_DATA,GEN_DUID,1,"2016/06/19 11:50:00",LKBONNY1,0.535856,"2016/06/19 11:45:05"
D,METER_DATA,GEN_DUID,1,"2016/06/19 11:50:00",MBAHNTH,59.531254,"2016/06/19 11:45:05"
D,METER_DATA,GEN_DUID,1,"2016/06/19 11:50:00",MEADOWB2,0,"2016/06/19 11:45:05"
D,METER_DATA,GEN_DUID,1,"2016/06/19 11:50:00",MLWF1,1.53,"2016/06/19 11:45:05"
D,METER_DATA,GEN_DUID,1,"2016/06/19 11:50:00",MTMILLAR,6.600443,"2016/06/19 11:45:05"
D,METER_DATA,GEN_DUID,1,"2016/06/19 11:50:00",PALOONA,22.84,"2016/06/19 11:45:05"
D,METER_DATA,GEN_DUID,1,"2016/06/19 11:50:00",PORTLAT1,0,"2016/06/19 11:45:05"
D,METER_DATA,GEN_DUID,1,"2016/06/19 11:50:00",PORTWF,10.80,"2016/06/19 11:45:05"
D,METER_DATA,GEN_DUID,1,"2016/06/19 11:50:00",QUERIVE1,-0.13,"2016/06/19 11:45:05"
D,METER_DATA,GEN_DUID,1,"2016/06/19 11:50:00",REPULSE,27.820299,"2016/06/19 11:45:05"
D,METER_DATA,GEN_DUID,1,"2016/06/19 11:50:00",ROWALLAN,9.8690,"2016/06/19 11:45:05"
D,METER_DATA,GEN_DUID,1,"2016/06/19 11:50:00",ROYALLA1,1.480003,"2016/06/19 11:45:05"
D,METER_DATA,GEN_DUID,1,"2016/06/19 11:50:00",RPCG,-0.20,"2016/06/19 11:45:05"
D,METER_DATA,GEN_DUID,1,"2016/06/19 11:50:00",RUBICON,0,"2016/06/19 11:45:05"
D,METER_DATA,GEN_DUID,1,"2016/06/19 11:50:00",STARHLWF,0.099971,"2016/06/19 11:45:05"
D,METER_DATA,GEN_DUID,1,"2016/06/19 11:50:00",WAUBRAWF,7.2340,"2016/06/19 11:45:05"
D,METER_DATA,GEN_DUID,1,"2016/06/19 11:50:00",WOOLNTH1,35.150017,"2016/06/19 11:45:05"
D,METER_DATA,GEN_DUID,1,"2016/06/19 11:50:00",WPWF,0,"2016/06/19 11:45:05"
D,METER_DATA,GEN_DUID,1,"2016/06/19 11:50:00",YAMBUKWF,-0.20,"2016/06/19 11:45:05"
D,METER_DATA,GEN_DUID,1,"2016/06/19 11:55:00",BBDISEL1,0,"2016/06/19 11:50:05"
D,METER_DATA,GEN_DUID,1,"2016/06/19 11:55:00",BUTLERSG,7.799998,"2016/06/19 11:50:05"
D,METER_DATA,GEN_DUID,1,"2016/06/19 11:55:00",CALL_A_4,0,"2016/06/19 11:50:05"
D,METER_DATA,GEN_DUID,1,"2016/06/19 11:55:00",CAPTL_WF,68.279999,"2016/06/19 11:50:05"
D,METER_DATA,GEN_DUID,1,"2016/06/19 11:55:00",CATAGUN1,0,"2016/06/19 11:50:05"
D,METER_DATA,GEN_DUID,1,"2016/06/19 11:55:00",CATHROCK,0,"2016/06/19 11:50:05"
D,METER_DATA,GEN_DUID,1,"2016/06/19 11:55:00",CHALLHWF,5.30,"2016/06/19 11:50:05"
D,METER_DATA,GEN_DUID,1,"2016/06/19 11:55:00",CLOVER,25.540001,"2016/06/19 11:50:05"
D,METER_DATA,GEN_DUID,1,"2016/06/19 11:55:00",CLUNY,15.333170,"2016/06/19 11:50:05"
D,METER_DATA,GEN_DUID,1,"2016/06/19 11:55:00",CNUNDAWF,1.802102,"2016/06/19 11:50:05"
D,METER_DATA,GEN_DUID,1,"2016/06/19 11:55:00",CULLRGWF,19.82,"2016/06/19 11:50:05"
D,METER_DATA,GEN_DUID,1,"2016/06/19 11:55:00",ERGT01,0,"2016/06/19 11:50:05"
D,METER_DATA,GEN_DUID,1,"2016/06/19 11:55:00",GB01,0.145309,"2016/06/19 11:50:05"
D,METER_DATA,GEN_DUID,1,"2016/06/19 11:55:00",GEORGTN1,0,"2016/06/19 11:50:05"
D,METER_DATA,GEN_DUID,1,"2016/06/19 11:55:00",GEORGTN2,0,"2016/06/19 11:50:05"
D,METER_DATA,GEN_DUID,1,"2016/06/19 11:55:00",GERMCRK,40.700001,"2016/06/19 11:50:05"
D,METER_DATA,GEN_DUID,1,"2016/06/19 11:55:00",INVICTA,35.650002,"2016/06/19 11:50:05"
D,METER_DATA,GEN_DUID,1,"2016/06/19 11:55:00",LKBONNY1,0.714475,"2016/06/19 11:50:05"
D,METER_DATA,GEN_DUID,1,"2016/06/19 11:55:00",MBAHNTH,59.531254,"2016/06/19 11:50:05"
D,METER_DATA,GEN_DUID,1,"2016/06/19 11:55:00",MEADOWB2,0,"2016/06/19 11:50:05"
D,METER_DATA,GEN_DUID,1,"2016/06/19 11:55:00",MLWF1,1.2450,"2016/06/19 11:50:05"
D,METER_DATA,GEN_DUID,1,"2016/06/19 11:55:00",MTMILLAR,6.511147,"2016/06/19 11:50:05"
D,METER_DATA,GEN_DUID,1,"2016/06/19 11:55:00",PALOONA,22.84,"2016/06/19 11:50:05"
D,METER_DATA,GEN_DUID,1,"2016/06/19 11:55:00",PORTLAT1,0,"2016/06/19 11:50:05"
D,METER_DATA,GEN_DUID,1,"2016/06/19 11:55:00",PORTWF,9.50,"2016/06/19 11:50:05"
D,METER_DATA,GEN_DUID,1,"2016/06/19 11:55:00",QUERIVE1,-0.13,"2016/06/19 11:50:05"
D,METER_DATA,GEN_DUID,1,"2016/06/19 11:55:00",REPULSE,28.220455,"2016/06/19 11:50:05"
D,METER_DATA,GEN_DUID,1,"2016/06/19 11:55:00",ROWALLAN,10.0323,"2016/06/19 11:50:05"
D,METER_DATA,GEN_DUID,1,"2016/06/19 11:55:00",ROYALLA1,1.536003,"2016/06/19 11:50:05"
D,METER_DATA,GEN_DUID,1,"2016/06/19 11:55:00",RPCG,-0.20,"2016/06/19 11:50:05"
D,METER_DATA,GEN_DUID,1,"2016/06/19 11:55:00",RUBICON,0,"2016/06/19 11:50:05"
D,METER_DATA,GEN_DUID,1,"2016/06/19 11:55:00",STARHLWF,0.099971,"2016/06/19 11:50:05"
D,METER_DATA,GEN_DUID,1,"2016/06/19 11:55:00",WAUBRAWF,8.8670,"2016/06/19 11:50:05"
D,METER_DATA,GEN_DUID,1,"2016/06/19 11:55:00",WOOLNTH1,34.710014,"2016/06/19 11:50:05"
D,METER_DATA,GEN_DUID,1,"2016/06/19 11:55:00",WPWF,0,"2016/06/19 11:50:05"
D,METER_DATA,GEN_DUID,1,"2016/06/19 11:55:00",YAMBUKWF,-0.20,"2016/06/19 11:50:05"
D,METER_DATA,GEN_DUID,1,"2016/06/19 12:00:00",BBDISEL1,0,"2016/06/19 11:55:04"
D,METER_DATA,GEN_DUID,1,"2016/06/19 12:00:00",BUTLERSG,7.799998,"2016/06/19 11:55:04"
D,METER_DATA,GEN_DUID,1,"2016/06/19 12:00:00",CALL_A_4,0,"2016/06/19 11:55:04"
D,METER_DATA,GEN_DUID,1,"2016/06/19 12:00:00",CAPTL_WF,62.323997,"2016/06/19 11:55:04"
D,METER_DATA,GEN_DUID,1,"2016/06/19 12:00:00",CATAGUN1,0,"2016/06/19 11:55:04"
D,METER_DATA,GEN_DUID,1,"2016/06/19 12:00:00",CATHROCK,0,"2016/06/19 11:55:04"
D,METER_DATA,GEN_DUID,1,"2016/06/19 12:00:00",CHALLHWF,5.50,"2016/06/19 11:55:04"
D,METER_DATA,GEN_DUID,1,"2016/06/19 12:00:00",CLOVER,25.60,"2016/06/19 11:55:04"
D,METER_DATA,GEN_DUID,1,"2016/06/19 12:00:00",CLUNY,15.633261,"2016/06/19 11:55:04"
D,METER_DATA,GEN_DUID,1,"2016/06/19 12:00:00",CNUNDAWF,1.401635,"2016/06/19 11:55:04"
D,METER_DATA,GEN_DUID,1,"2016/06/19 12:00:00",CULLRGWF,17.110001,"2016/06/19 11:55:04"
D,METER_DATA,GEN_DUID,1,"2016/06/19 12:00:00",ERGT01,0,"2016/06/19 11:55:04"
D,METER_DATA,GEN_DUID,1,"2016/06/19 12:00:00",GB01,0.145309,"2016/06/19 11:55:04"
D,METER_DATA,GEN_DUID,1,"2016/06/19 12:00:00",GEORGTN1,0,"2016/06/19 11:55:04"
D,METER_DATA,GEN_DUID,1,"2016/06/19 12:00:00",GEORGTN2,0,"2016/06/19 11:55:04"
D,METER_DATA,GEN_DUID,1,"2016/06/19 12:00:00",GERMCRK,40.50,"2016/06/19 11:55:04"
D,METER_DATA,GEN_DUID,1,"2016/06/19 12:00:00",INVICTA,35.650002,"2016/06/19 11:55:04"
D,METER_DATA,GEN_DUID,1,"2016/06/19 12:00:00",LKBONNY1,1.339640,"2016/06/19 11:55:04"
D,METER_DATA,GEN_DUID,1,"2016/06/19 12:00:00",MBAHNTH,59.531254,"2016/06/19 11:55:04"
D,METER_DATA,GEN_DUID,1,"2016/06/19 12:00:00",MEADOWB2,0,"2016/06/19 11:55:04"
D,METER_DATA,GEN_DUID,1,"2016/06/19 12:00:00",MLWF1,1.05,"2016/06/19 11:55:04"
D,METER_DATA,GEN_DUID,1,"2016/06/19 12:00:00",MTMILLAR,5.491688,"2016/06/19 11:55:04"
D,METER_DATA,GEN_DUID,1,"2016/06/19 12:00:00",PALOONA,22.84,"2016/06/19 11:55:04"
D,METER_DATA,GEN_DUID,1,"2016/06/19 12:00:00",PORTLAT1,0,"2016/06/19 11:55:04"
D,METER_DATA,GEN_DUID,1,"2016/06/19 12:00:00",PORTWF,9.20,"2016/06/19 11:55:04"
D,METER_DATA,GEN_DUID,1,"2016/06/19 12:00:00",QUERIVE1,-0.13,"2016/06/19 11:55:04"
D,METER_DATA,GEN_DUID,1,"2016/06/19 12:00:00",REPULSE,28.601555,"2016/06/19 11:55:04"
D,METER_DATA,GEN_DUID,1,"2016/06/19 12:00:00",ROWALLAN,10.3021,"2016/06/19 11:55:04"
D,METER_DATA,GEN_DUID,1,"2016/06/19 12:00:00",ROYALLA1,2.098003,"2016/06/19 11:55:04"
D,METER_DATA,GEN_DUID,1,"2016/06/19 12:00:00",RPCG,-0.20,"2016/06/19 11:55:04"
D,METER_DATA,GEN_DUID,1,"2016/06/19 12:00:00",RUBICON,0,"2016/06/19 11:55:04"
D,METER_DATA,GEN_DUID,1,"2016/06/19 12:00:00",STARHLWF,-0.099971,"2016/06/19 11:55:04"
D,METER_DATA,GEN_DUID,1,"2016/06/19 12:00:00",WAUBRAWF,8.4560,"2016/06/19 11:55:04"
D,METER_DATA,GEN_DUID,1,"2016/06/19 12:00:00",WOOLNTH1,38.680016,"2016/06/19 11:55:04"
D,METER_DATA,GEN_DUID,1,"2016/06/19 12:00:00",WPWF,0,"2016/06/19 11:55:04"
D,METER_DATA,GEN_DUID,1,"2016/06/19 12:00:00",YAMBUKWF,-0.20,"2016/06/19 11:55:04"
D,METER_DATA,GEN_DUID,1,"2016/06/19 12:05:00",BBDISEL1,0,"2016/06/19 12:00:04"
D,METER_DATA,GEN_DUID,1,"2016/06/19 12:05:00",BUTLERSG,7.699998,"2016/06/19 12:00:04"
D,METER_DATA,GEN_DUID,1,"2016/06/19 12:05:00",CALL_A_4,0,"2016/06/19 12:00:04"
D,METER_DATA,GEN_DUID,1,"2016/06/19 12:05:00",CAPTL_WF,66.580002,"2016/06/19 12:00:04"
D,METER_DATA,GEN_DUID,1,"2016/06/19 12:05:00",CATAGUN1,0,"2016/06/19 12:00:04"
D,METER_DATA,GEN_DUID,1,"2016/06/19 12:05:00",CATHROCK,0,"2016/06/19 12:00:04"
D,METER_DATA,GEN_DUID,1,"2016/06/19 12:05:00",CHALLHWF,4.90,"2016/06/19 12:00:04"
D,METER_DATA,GEN_DUID,1,"2016/06/19 12:05:00",CLOVER,25.529999,"2016/06/19 12:00:04"
D,METER_DATA,GEN_DUID,1,"2016/06/19 12:05:00",CLUNY,14.347160,"2016/06/19 12:00:04"
D,METER_DATA,GEN_DUID,1,"2016/06/19 12:05:00",CNUNDAWF,1.802102,"2016/06/19 12:00:04"
D,METER_DATA,GEN_DUID,1,"2016/06/19 12:05:00",CULLRGWF,12.95,"2016/06/19 12:00:04"
D,METER_DATA,GEN_DUID,1,"2016/06/19 12:05:00",ERGT01,0,"2016/06/19 12:00:04"
D,METER_DATA,GEN_DUID,1,"2016/06/19 12:05:00",GB01,0.145309,"2016/06/19 12:00:04"
D,METER_DATA,GEN_DUID,1,"2016/06/19 12:05:00",GEORGTN1,0,"2016/06/19 12:00:04"
D,METER_DATA,GEN_DUID,1,"2016/06/19 12:05:00",GEORGTN2,0,"2016/06/19 12:00:04"
D,METER_DATA,GEN_DUID,1,"2016/06/19 12:05:00",GERMCRK,40.299999,"2016/06/19 12:00:04"
D,METER_DATA,GEN_DUID,1,"2016/06/19 12:05:00",INVICTA,35.650002,"2016/06/19 12:00:04"
D,METER_DATA,GEN_DUID,1,"2016/06/19 12:05:00",LKBONNY1,1.071712,"2016/06/19 12:00:04"
D,METER_DATA,GEN_DUID,1,"2016/06/19 12:05:00",MBAHNTH,59.531254,"2016/06/19 12:00:04"
D,METER_DATA,GEN_DUID,1,"2016/06/19 12:05:00",MEADOWB2,0,"2016/06/19 12:00:04"
D,METER_DATA,GEN_DUID,1,"2016/06/19 12:05:00",MLWF1,1.0650,"2016/06/19 12:00:04"
D,METER_DATA,GEN_DUID,1,"2016/06/19 12:05:00",MTMILLAR,5.372627,"2016/06/19 12:00:04"
D,METER_DATA,GEN_DUID,1,"2016/06/19 12:05:00",PALOONA,22.84,"2016/06/19 12:00:04"
D,METER_DATA,GEN_DUID,1,"2016/06/19 12:05:00",PORTLAT1,0,"2016/06/19 12:00:04"
D,METER_DATA,GEN_DUID,1,"2016/06/19 12:05:00",PORTWF,12.30,"2016/06/19 12:00:04"
D,METER_DATA,GEN_DUID,1,"2016/06/19 12:05:00",QUERIVE1,-0.12,"2016/06/19 12:00:04"
D,METER_DATA,GEN_DUID,1,"2016/06/19 12:05:00",REPULSE,27.667860,"2016/06/19 12:00:04"
D,METER_DATA,GEN_DUID,1,"2016/06/19 12:05:00",ROWALLAN,10.1033,"2016/06/19 12:00:04"
D,METER_DATA,GEN_DUID,1,"2016/06/19 12:05:00",ROYALLA1,1.801003,"2016/06/19 12:00:04"
D,METER_DATA,GEN_DUID,1,"2016/06/19 12:05:00",RPCG,-0.20,"2016/06/19 12:00:04"
D,METER_DATA,GEN_DUID,1,"2016/06/19 12:05:00",RUBICON,0,"2016/06/19 12:00:04"
D,METER_DATA,GEN_DUID,1,"2016/06/19 12:05:00",STARHLWF,-0.099971,"2016/06/19 12:00:04"
D,METER_DATA,GEN_DUID,1,"2016/06/19 12:05:00",WAUBRAWF,10.1530,"2016/06/19 12:00:04"
D,METER_DATA,GEN_DUID,1,"2016/06/19 12:05:00",WOOLNTH1,38.930016,"2016/06/19 12:00:04"
D,METER_DATA,GEN_DUID,1,"2016/06/19 12:05:00",WPWF,0,"2016/06/19 12:00:04"
D,METER_DATA,GEN_DUID,1,"2016/06/19 12:05:00",YAMBUKWF,-0.20,"2016/06/19 12:00:04"
D,METER_DATA,GEN_DUID,1,"2016/06/19 12:10:00",BBDISEL1,0,"2016/06/19 12:05:05"
D,METER_DATA,GEN_DUID,1,"2016/06/19 12:10:00",BUTLERSG,7.799998,"2016/06/19 12:05:05"
D,METER_DATA,GEN_DUID,1,"2016/06/19 12:10:00",CALL_A_4,0,"2016/06/19 12:05:05"
D,METER_DATA,GEN_DUID,1,"2016/06/19 12:10:00",CAPTL_WF,63.832001,"2016/06/19 12:05:05"
D,METER_DATA,GEN_DUID,1,"2016/06/19 12:10:00",CATAGUN1,0,"2016/06/19 12:05:05"
D,METER_DATA,GEN_DUID,1,"2016/06/19 12:10:00",CATHROCK,0,"2016/06/19 12:05:05"
D,METER_DATA,GEN_DUID,1,"2016/06/19 12:10:00",CHALLHWF,5.70,"2016/06/19 12:05:05"
D,METER_DATA,GEN_DUID,1,"2016/06/19 12:10:00",CLOVER,25.51,"2016/06/19 12:05:05"
D,METER_DATA,GEN_DUID,1,"2016/06/19 12:10:00",CLUNY,14.8616,"2016/06/19 12:05:05"
D,METER_DATA,GEN_DUID,1,"2016/06/19 12:10:00",CNUNDAWF,1.701985,"2016/06/19 12:05:05"
D,METER_DATA,GEN_DUID,1,"2016/06/19 12:10:00",CULLRGWF,12.43,"2016/06/19 12:05:05"
D,METER_DATA,GEN_DUID,1,"2016/06/19 12:10:00",ERGT01,0,"2016/06/19 12:05:05"
D,METER_DATA,GEN_DUID,1,"2016/06/19 12:10:00",GB01,0.144932,"2016/06/19 12:05:05"
D,METER_DATA,GEN_DUID,1,"2016/06/19 12:10:00",GEORGTN1,0,"2016/06/19 12:05:05"
D,METER_DATA,GEN_DUID,1,"2016/06/19 12:10:00",GEORGTN2,0,"2016/06/19 12:05:05"
D,METER_DATA,GEN_DUID,1,"2016/06/19 12:10:00",GERMCRK,40.50,"2016/06/19 12:05:05"
D,METER_DATA,GEN_DUID,1,"2016/06/19 12:10:00",INVICTA,33.25,"2016/06/19 12:05:05"
D,METER_DATA,GEN_DUID,1,"2016/06/19 12:10:00",LKBONNY1,0.803784,"2016/06/19 12:05:05"
D,METER_DATA,GEN_DUID,1,"2016/06/19 12:10:00",MBAHNTH,59.531254,"2016/06/19 12:05:05"
D,METER_DATA,GEN_DUID,1,"2016/06/19 12:10:00",MEADOWB2,0,"2016/06/19 12:05:05"
D,METER_DATA,GEN_DUID,1,"2016/06/19 12:10:00",MLWF1,1.05,"2016/06/19 12:05:05"
D,METER_DATA,GEN_DUID,1,"2016/06/19 12:10:00",MTMILLAR,6.786476,"2016/06/19 12:05:05"
D,METER_DATA,GEN_DUID,1,"2016/06/19 12:10:00",PALOONA,22.84,"2016/06/19 12:05:05"
D,METER_DATA,GEN_DUID,1,"2016/06/19 12:10:00",PORTLAT1,0,"2016/06/19 12:05:05"
D,METER_DATA,GEN_DUID,1,"2016/06/19 12:10:00",PORTWF,14.60,"2016/06/19 12:05:05"
D,METER_DATA,GEN_DUID,1,"2016/06/19 12:10:00",QUERIVE1,-0.12,"2016/06/19 12:05:05"
D,METER_DATA,GEN_DUID,1,"2016/06/19 12:10:00",REPULSE,27.439199,"2016/06/19 12:05:05"
D,METER_DATA,GEN_DUID,1,"2016/06/19 12:10:00",ROWALLAN,10.003901,"2016/06/19 12:05:05"
D,METER_DATA,GEN_DUID,1,"2016/06/19 12:10:00",ROYALLA1,1.626003,"2016/06/19 12:05:05"
D,METER_DATA,GEN_DUID,1,"2016/06/19 12:10:00",RPCG,-0.20,"2016/06/19 12:05:05"
D,METER_DATA,GEN_DUID,1,"2016/06/19 12:10:00",RUBICON,0,"2016/06/19 12:05:05"
D,METER_DATA,GEN_DUID,1,"2016/06/19 12:10:00",STARHLWF,-0.099971,"2016/06/19 12:05:05"
D,METER_DATA,GEN_DUID,1,"2016/06/19 12:10:00",WAUBRAWF,10.5340,"2016/06/19 12:05:05"
D,METER_DATA,GEN_DUID,1,"2016/06/19 12:10:00",WOOLNTH1,38.670013,"2016/06/19 12:05:05"
D,METER_DATA,GEN_DUID,1,"2016/06/19 12:10:00",WPWF,0,"2016/06/19 12:05:05"
D,METER_DATA,GEN_DUID,1,"2016/06/19 12:10:00",YAMBUKWF,-0.20,"2016/06/19 12:05:05"
D,METER_DATA,GEN_DUID,1,"2016/06/19 12:15:00",BBDISEL1,0,"2016/06/19 12:10:05"
D,METER_DATA,GEN_DUID,1,"2016/06/19 12:15:00",BUTLERSG,7.799998,"2016/06/19 12:10:05"
D,METER_DATA,GEN_DUID,1,"2016/06/19 12:15:00",CALL_A_4,0,"2016/06/19 12:10:05"
D,METER_DATA,GEN_DUID,1,"2016/06/19 12:15:00",CAPTL_WF,62.720001,"2016/06/19 12:10:05"
D,METER_DATA,GEN_DUID,1,"2016/06/19 12:15:00",CATAGUN1,0,"2016/06/19 12:10:05"
D,METER_DATA,GEN_DUID,1,"2016/06/19 12:15:00",CATHROCK,0,"2016/06/19 12:10:05"
D,METER_DATA,GEN_DUID,1,"2016/06/19 12:15:00",CHALLHWF,5.30,"2016/06/19 12:10:05"
D,METER_DATA,GEN_DUID,1,"2016/06/19 12:15:00",CLOVER,25.560001,"2016/06/19 12:10:05"
D,METER_DATA,GEN_DUID,1,"2016/06/19 12:15:00",CLUNY,15.719001,"2016/06/19 12:10:05"
D,METER_DATA,GEN_DUID,1,"2016/06/19 12:15:00",CNUNDAWF,2.102453,"2016/06/19 12:10:05"
D,METER_DATA,GEN_DUID,1,"2016/06/19 12:15:00",CULLRGWF,11,"2016/06/19 12:10:05"
D,METER_DATA,GEN_DUID,1,"2016/06/19 12:15:00",ERGT01,0,"2016/06/19 12:10:05"
D,METER_DATA,GEN_DUID,1,"2016/06/19 12:15:00",GB01,0.144932,"2016/06/19 12:10:05"
D,METER_DATA,GEN_DUID,1,"2016/06/19 12:15:00",GEORGTN1,0,"2016/06/19 12:10:05"
D,METER_DATA,GEN_DUID,1,"2016/06/19 12:15:00",GEORGTN2,0,"2016/06/19 12:10:05"
D,METER_DATA,GEN_DUID,1,"2016/06/19 12:15:00",GERMCRK,40,"2016/06/19 12:10:05"
D,METER_DATA,GEN_DUID,1,"2016/06/19 12:15:00",INVICTA,34.700001,"2016/06/19 12:10:05"
D,METER_DATA,GEN_DUID,1,"2016/06/19 12:15:00",LKBONNY1,0.625166,"2016/06/19 12:10:05"
D,METER_DATA,GEN_DUID,1,"2016/06/19 12:15:00",MBAHNTH,59.531254,"2016/06/19 12:10:05"
D,METER_DATA,GEN_DUID,1,"2016/06/19 12:15:00",MEADOWB2,0,"2016/06/19 12:10:05"
D,METER_DATA,GEN_DUID,1,"2016/06/19 12:15:00",MLWF1,1.5750,"2016/06/19 12:10:05"
D,METER_DATA,GEN_DUID,1,"2016/06/19 12:15:00",MTMILLAR,6.354880,"2016/06/19 12:10:05"
D,METER_DATA,GEN_DUID,1,"2016/06/19 12:15:00",PALOONA,22.84,"2016/06/19 12:10:05"
D,METER_DATA,GEN_DUID,1,"2016/06/19 12:15:00",PORTLAT1,0,"2016/06/19 12:10:05"
D,METER_DATA,GEN_DUID,1,"2016/06/19 12:15:00",PORTWF,13.40,"2016/06/19 12:10:05"
D,METER_DATA,GEN_DUID,1,"2016/06/19 12:15:00",QUERIVE1,-0.12,"2016/06/19 12:10:05"
D,METER_DATA,GEN_DUID,1,"2016/06/19 12:15:00",REPULSE,28.639664,"2016/06/19 12:10:05"
D,METER_DATA,GEN_DUID,1,"2016/06/19 12:15:00",ROWALLAN,9.8122,"2016/06/19 12:10:05"
D,METER_DATA,GEN_DUID,1,"2016/06/19 12:15:00",ROYALLA1,1.756003,"2016/06/19 12:10:05"
D,METER_DATA,GEN_DUID,1,"2016/06/19 12:15:00",RPCG,-0.20,"2016/06/19 12:10:05"
D,METER_DATA,GEN_DUID,1,"2016/06/19 12:15:00",RUBICON,0,"2016/06/19 12:10:05"
D,METER_DATA,GEN_DUID,1,"2016/06/19 12:15:00",STARHLWF,-0.099971,"2016/06/19 12:10:05"
D,METER_DATA,GEN_DUID,1,"2016/06/19 12:15:00",WAUBRAWF,10.95,"2016/06/19 12:10:05"
D,METER_DATA,GEN_DUID,1,"2016/06/19 12:15:00",WOOLNTH1,37.160019,"2016/06/19 12:10:05"
D,METER_DATA,GEN_DUID,1,"2016/06/19 12:15:00",WPWF,0,"2016/06/19 12:10:05"
D,METER_DATA,GEN_DUID,1,"2016/06/19 12:15:00",YAMBUKWF,-0.20,"2016/06/19 12:10:05"
D,METER_DATA,GEN_DUID,1,"2016/06/19 12:20:00",BBDISEL1,0,"2016/06/19 12:15:05"
D,METER_DATA,GEN_DUID,1,"2016/06/19 12:20:00",BUTLERSG,7.799998,"2016/06/19 12:15:05"
D,METER_DATA,GEN_DUID,1,"2016/06/19 12:20:00",CALL_A_4,0,"2016/06/19 12:15:05"
D,METER_DATA,GEN_DUID,1,"2016/06/19 12:20:00",CAPTL_WF,61.271996,"2016/06/19 12:15:05"
D,METER_DATA,GEN_DUID,1,"2016/06/19 12:20:00",CATAGUN1,0,"2016/06/19 12:15:05"
D,METER_DATA,GEN_DUID,1,"2016/06/19 12:20:00",CATHROCK,0,"2016/06/19 12:15:05"
D,METER_DATA,GEN_DUID,1,"2016/06/19 12:20:00",CHALLHWF,5.20,"2016/06/19 12:15:05"
D,METER_DATA,GEN_DUID,1,"2016/06/19 12:20:00",CLOVER,25.48,"2016/06/19 12:15:05"
D,METER_DATA,GEN_DUID,1,"2016/06/19 12:20:00",CLUNY,15.318880,"2016/06/19 12:15:05"
D,METER_DATA,GEN_DUID,1,"2016/06/19 12:20:00",CNUNDAWF,1.701985,"2016/06/19 12:15:05"
D,METER_DATA,GEN_DUID,1,"2016/06/19 12:20:00",CULLRGWF,9.39,"2016/06/19 12:15:05"
D,METER_DATA,GEN_DUID,1,"2016/06/19 12:20:00",ERGT01,0,"2016/06/19 12:15:05"
D,METER_DATA,GEN_DUID,1,"2016/06/19 12:20:00",GB01,0.144932,"2016/06/19 12:15:05"
D,METER_DATA,GEN_DUID,1,"2016/06/19 12:20:00",GEORGTN1,0,"2016/06/19 12:15:05"
D,METER_DATA,GEN_DUID,1,"2016/06/19 12:20:00",GEORGTN2,0,"2016/06/19 12:15:05"
D,METER_DATA,GEN_DUID,1,"2016/06/19 12:20:00",GERMCRK,40.50,"2016/06/19 12:15:05"
D,METER_DATA,GEN_DUID,1,"2016/06/19 12:20:00",INVICTA,35.8750,"2016/06/19 12:15:05"
D,METER_DATA,GEN_DUID,1,"2016/06/19 12:20:00",LKBONNY1,0.625166,"2016/06/19 12:15:05"
D,METER_DATA,GEN_DUID,1,"2016/06/19 12:20:00",MBAHNTH,59.531254,"2016/06/19 12:15:05"
D,METER_DATA,GEN_DUID,1,"2016/06/19 12:20:00",MEADOWB2,0,"2016/06/19 12:15:05"
D,METER_DATA,GEN_DUID,1,"2016/06/19 12:20:00",MLWF1,1.3650,"2016/06/19 12:15:05"
D,METER_DATA,GEN_DUID,1,"2016/06/19 12:20:00",MTMILLAR,5.923284,"2016/06/19 12:15:05"
D,METER_DATA,GEN_DUID,1,"2016/06/19 12:20:00",PALOONA,22.84,"2016/06/19 12:15:05"
D,METER_DATA,GEN_DUID,1,"2016/06/19 12:20:00",PORTLAT1,0,"2016/06/19 12:15:05"
D,METER_DATA,GEN_DUID,1,"2016/06/19 12:20:00",PORTWF,11.60,"2016/06/19 12:15:05"
D,METER_DATA,GEN_DUID,1,"2016/06/19 12:20:00",QUERIVE1,-0.13,"2016/06/19 12:15:05"
D,METER_DATA,GEN_DUID,1,"2016/06/19 12:20:00",REPULSE,28.353840,"2016/06/19 12:15:05"
D,METER_DATA,GEN_DUID,1,"2016/06/19 12:20:00",ROWALLAN,9.9329,"2016/06/19 12:15:05"
D,METER_DATA,GEN_DUID,1,"2016/06/19 12:20:00",ROYALLA1,2.081003,"2016/06/19 12:15:05"
D,METER_DATA,GEN_DUID,1,"2016/06/19 12:20:00",RPCG,-0.20,"2016/06/19 12:15:05"
D,METER_DATA,GEN_DUID,1,"2016/06/19 12:20:00",RUBICON,0,"2016/06/19 12:15:05"
D,METER_DATA,GEN_DUID,1,"2016/06/19 12:20:00",STARHLWF,-0.099971,"2016/06/19 12:15:05"
D,METER_DATA,GEN_DUID,1,"2016/06/19 12:20:00",WAUBRAWF,10.5680,"2016/06/19 12:15:05"
D,METER_DATA,GEN_DUID,1,"2016/06/19 12:20:00",WOOLNTH1,37.160015,"2016/06/19 12:15:05"
D,METER_DATA,GEN_DUID,1,"2016/06/19 12:20:00",WPWF,0,"2016/06/19 12:15:05"
D,METER_DATA,GEN_DUID,1,"2016/06/19 12:20:00",YAMBUKWF,-0.20,"2016/06/19 12:15:05"
D,METER_DATA,GEN_DUID,1,"2016/06/19 12:25:00",BBDISEL1,0,"2016/06/19 12:20:05"
D,METER_DATA,GEN_DUID,1,"2016/06/19 12:25:00",BUTLERSG,7.799998,"2016/06/19 12:20:05"
D,METER_DATA,GEN_DUID,1,"2016/06/19 12:25:00",CALL_A_4,0,"2016/06/19 12:20:05"
D,METER_DATA,GEN_DUID,1,"2016/06/19 12:25:00",CAPTL_WF,65.4720,"2016/06/19 12:20:05"
D,METER_DATA,GEN_DUID,1,"2016/06/19 12:25:00",CATAGUN1,0,"2016/06/19 12:20:05"
D,METER_DATA,GEN_DUID,1,"2016/06/19 12:25:00",CATHROCK,0,"2016/06/19 12:20:05"
D,METER_DATA,GEN_DUID,1,"2016/06/19 12:25:00",CHALLHWF,5.20,"2016/06/19 12:20:05"
D,METER_DATA,GEN_DUID,1,"2016/06/19 12:25:00",CLOVER,25.57,"2016/06/19 12:20:05"
D,METER_DATA,GEN_DUID,1,"2016/06/19 12:25:00",CLUNY,15.190270,"2016/06/19 12:20:05"
D,METER_DATA,GEN_DUID,1,"2016/06/19 12:25:00",CNUNDAWF,2.002336,"2016/06/19 12:20:05"
D,METER_DATA,GEN_DUID,1,"2016/06/19 12:25:00",CULLRGWF,11.41,"2016/06/19 12:20:05"
D,METER_DATA,GEN_DUID,1,"2016/06/19 12:25:00",ERGT01,0,"2016/06/19 12:20:05"
D,METER_DATA,GEN_DUID,1,"2016/06/19 12:25:00",GB01,0.144932,"2016/06/19 12:20:05"
D,METER_DATA,GEN_DUID,1,"2016/06/19 12:25:00",GEORGTN1,0,"2016/06/19 12:20:05"
D,METER_DATA,GEN_DUID,1,"2016/06/19 12:25:00",GEORGTN2,0,"2016/06/19 12:20:05"
D,METER_DATA,GEN_DUID,1,"2016/06/19 12:25:00",GERMCRK,40.299999,"2016/06/19 12:20:05"
D,METER_DATA,GEN_DUID,1,"2016/06/19 12:25:00",INVICTA,35.8750,"2016/06/19 12:20:05"
D,METER_DATA,GEN_DUID,1,"2016/06/19 12:25:00",LKBONNY1,0.446547,"2016/06/19 12:20:05"
D,METER_DATA,GEN_DUID,1,"2016/06/19 12:25:00",MBAHNTH,59.531254,"2016/06/19 12:20:05"
D,METER_DATA,GEN_DUID,1,"2016/06/19 12:25:00",MEADOWB2,0,"2016/06/19 12:20:05"
D,METER_DATA,GEN_DUID,1,"2016/06/19 12:25:00",MLWF1,1.5750,"2016/06/19 12:20:05"
D,METER_DATA,GEN_DUID,1,"2016/06/19 12:25:00",MTMILLAR,4.442463,"2016/06/19 12:20:05"
D,METER_DATA,GEN_DUID,1,"2016/06/19 12:25:00",PALOONA,22.84,"2016/06/19 12:20:05"
D,METER_DATA,GEN_DUID,1,"2016/06/19 12:25:00",PORTLAT1,0,"2016/06/19 12:20:05"
D,METER_DATA,GEN_DUID,1,"2016/06/19 12:25:00",PORTWF,11.90,"2016/06/19 12:20:05"
D,METER_DATA,GEN_DUID,1,"2016/06/19 12:25:00",QUERIVE1,-0.12,"2016/06/19 12:20:05"
D,METER_DATA,GEN_DUID,1,"2016/06/19 12:25:00",REPULSE,27.305815,"2016/06/19 12:20:05"
D,METER_DATA,GEN_DUID,1,"2016/06/19 12:25:00",ROWALLAN,10.0891,"2016/06/19 12:20:05"
D,METER_DATA,GEN_DUID,1,"2016/06/19 12:25:00",ROYALLA1,1.918003,"2016/06/19 12:20:05"
D,METER_DATA,GEN_DUID,1,"2016/06/19 12:25:00",RPCG,-0.20,"2016/06/19 12:20:05"
D,METER_DATA,GEN_DUID,1,"2016/06/19 12:25:00",RUBICON,0,"2016/06/19 12:20:05"
D,METER_DATA,GEN_DUID,1,"2016/06/19 12:25:00",STARHLWF,-0.099971,"2016/06/19 12:20:05"
D,METER_DATA,GEN_DUID,1,"2016/06/19 12:25:00",WAUBRAWF,12.4210,"2016/06/19 12:20:05"
D,METER_DATA,GEN_DUID,1,"2016/06/19 12:25:00",WOOLNTH1,36.170013,"2016/06/19 12:20:05"
D,METER_DATA,GEN_DUID,1,"2016/06/19 12:25:00",WPWF,0,"2016/06/19 12:20:05"
D,METER_DATA,GEN_DUID,1,"2016/06/19 12:25:00",YAMBUKWF,-0.20,"2016/06/19 12:20:05"
D,METER_DATA,GEN_DUID,1,"2016/06/19 12:30:00",BBDISEL1,0,"2016/06/19 12:25:05"
D,METER_DATA,GEN_DUID,1,"2016/06/19 12:30:00",BUTLERSG,7.799998,"2016/06/19 12:25:05"
D,METER_DATA,GEN_DUID,1,"2016/06/19 12:30:00",CALL_A_4,0,"2016/06/19 12:25:05"
D,METER_DATA,GEN_DUID,1,"2016/06/19 12:30:00",CAPTL_WF,67.171997,"2016/06/19 12:25:05"
D,METER_DATA,GEN_DUID,1,"2016/06/19 12:30:00",CATAGUN1,0,"2016/06/19 12:25:05"
D,METER_DATA,GEN_DUID,1,"2016/06/19 12:30:00",CATHROCK,0,"2016/06/19 12:25:05"
D,METER_DATA,GEN_DUID,1,"2016/06/19 12:30:00",CHALLHWF,5.40,"2016/06/19 12:25:05"
D,METER_DATA,GEN_DUID,1,"2016/06/19 12:30:00",CLOVER,25.52,"2016/06/19 12:25:05"
D,METER_DATA,GEN_DUID,1,"2016/06/19 12:30:00",CLUNY,15.061661,"2016/06/19 12:25:05"
D,METER_DATA,GEN_DUID,1,"2016/06/19 12:30:00",CNUNDAWF,2.803270,"2016/06/19 12:25:05"
D,METER_DATA,GEN_DUID,1,"2016/06/19 12:30:00",CULLRGWF,11.89,"2016/06/19 12:25:05"
D,METER_DATA,GEN_DUID,1,"2016/06/19 12:30:00",ERGT01,0,"2016/06/19 12:25:05"
D,METER_DATA,GEN_DUID,1,"2016/06/19 12:30:00",GB01,0.144932,"2016/06/19 12:25:05"
D,METER_DATA,GEN_DUID,1,"2016/06/19 12:30:00",GEORGTN1,0,"2016/06/19 12:25:05"
D,METER_DATA,GEN_DUID,1,"2016/06/19 12:30:00",GEORGTN2,0,"2016/06/19 12:25:05"
D,METER_DATA,GEN_DUID,1,"2016/06/19 12:30:00",GERMCRK,40.599998,"2016/06/19 12:25:05"
D,METER_DATA,GEN_DUID,1,"2016/06/19 12:30:00",INVICTA,35.700001,"2016/06/19 12:25:05"
D,METER_DATA,GEN_DUID,1,"2016/06/19 12:30:00",LKBONNY1,0.714475,"2016/06/19 12:25:05"
D,METER_DATA,GEN_DUID,1,"2016/06/19 12:30:00",MBAHNTH,58.387505,"2016/06/19 12:25:05"
D,METER_DATA,GEN_DUID,1,"2016/06/19 12:30:00",MEADOWB2,0,"2016/06/19 12:25:05"
D,METER_DATA,GEN_DUID,1,"2016/06/19 12:30:00",MLWF1,1.9650,"2016/06/19 12:25:05"
D,METER_DATA,GEN_DUID,1,"2016/06/19 12:30:00",MTMILLAR,4.993120,"2016/06/19 12:25:05"
D,METER_DATA,GEN_DUID,1,"2016/06/19 12:30:00",PALOONA,22.84,"2016/06/19 12:25:05"
D,METER_DATA,GEN_DUID,1,"2016/06/19 12:30:00",PORTLAT1,0,"2016/06/19 12:25:05"
D,METER_DATA,GEN_DUID,1,"2016/06/19 12:30:00",PORTWF,12.90,"2016/06/19 12:25:05"
D,METER_DATA,GEN_DUID,1,"2016/06/19 12:30:00",QUERIVE1,-0.12,"2016/06/19 12:25:05"
D,METER_DATA,GEN_DUID,1,"2016/06/19 12:30:00",REPULSE,27.153374,"2016/06/19 12:25:05"
D,METER_DATA,GEN_DUID,1,"2016/06/19 12:30:00",ROWALLAN,10.3163,"2016/06/19 12:25:05"
D,METER_DATA,GEN_DUID,1,"2016/06/19 12:30:00",ROYALLA1,2.008003,"2016/06/19 12:25:05"
D,METER_DATA,GEN_DUID,1,"2016/06/19 12:30:00",RPCG,-0.20,"2016/06/19 12:25:05"
D,METER_DATA,GEN_DUID,1,"2016/06/19 12:30:00",RUBICON,0,"2016/06/19 12:25:05"
D,METER_DATA,GEN_DUID,1,"2016/06/19 12:30:00",STARHLWF,-0.099971,"2016/06/19 12:25:05"
D,METER_DATA,GEN_DUID,1,"2016/06/19 12:30:00",WAUBRAWF,13.34,"2016/06/19 12:25:05"
D,METER_DATA,GEN_DUID,1,"2016/06/19 12:30:00",WOOLNTH1,39.060017,"2016/06/19 12:25:05"
D,METER_DATA,GEN_DUID,1,"2016/06/19 12:30:00",WPWF,0,"2016/06/19 12:25:05"
D,METER_DATA,GEN_DUID,1,"2016/06/19 12:30:00",YAMBUKWF,-0.20,"2016/06/19 12:25:05"
D,METER_DATA,GEN_DUID,1,"2016/06/19 12:35:00",BBDISEL1,0,"2016/06/19 12:30:05"
D,METER_DATA,GEN_DUID,1,"2016/06/19 12:35:00",BUTLERSG,7.799998,"2016/06/19 12:30:05"
D,METER_DATA,GEN_DUID,1,"2016/06/19 12:35:00",CALL_A_4,0,"2016/06/19 12:30:05"
D,METER_DATA,GEN_DUID,1,"2016/06/19 12:35:00",CAPTL_WF,71.700005,"2016/06/19 12:30:05"
D,METER_DATA,GEN_DUID,1,"2016/06/19 12:35:00",CATAGUN1,0,"2016/06/19 12:30:05"
D,METER_DATA,GEN_DUID,1,"2016/06/19 12:35:00",CATHROCK,0,"2016/06/19 12:30:05"
D,METER_DATA,GEN_DUID,1,"2016/06/19 12:35:00",CHALLHWF,5.60,"2016/06/19 12:30:05"
D,METER_DATA,GEN_DUID,1,"2016/06/19 12:35:00",CLOVER,25.58,"2016/06/19 12:30:05"
D,METER_DATA,GEN_DUID,1,"2016/06/19 12:35:00",CLUNY,14.590091,"2016/06/19 12:30:05"
D,METER_DATA,GEN_DUID,1,"2016/06/19 12:35:00",CNUNDAWF,3.303854,"2016/06/19 12:30:05"
D,METER_DATA,GEN_DUID,1,"2016/06/19 12:35:00",CULLRGWF,13.27,"2016/06/19 12:30:05"
D,METER_DATA,GEN_DUID,1,"2016/06/19 12:35:00",ERGT01,0,"2016/06/19 12:30:05"
D,METER_DATA,GEN_DUID,1,"2016/06/19 12:35:00",GB01,0.144932,"2016/06/19 12:30:05"
D,METER_DATA,GEN_DUID,1,"2016/06/19 12:35:00",GEORGTN1,0,"2016/06/19 12:30:05"
D,METER_DATA,GEN_DUID,1,"2016/06/19 12:35:00",GEORGTN2,0,"2016/06/19 12:30:05"
D,METER_DATA,GEN_DUID,1,"2016/06/19 12:35:00",GERMCRK,37.400002,"2016/06/19 12:30:05"
D,METER_DATA,GEN_DUID,1,"2016/06/19 12:35:00",INVICTA,36.725002,"2016/06/19 12:30:05"
D,METER_DATA,GEN_DUID,1,"2016/06/19 12:35:00",LKBONNY1,1.875497,"2016/06/19 12:30:05"
D,METER_DATA,GEN_DUID,1,"2016/06/19 12:35:00",MBAHNTH,58.387505,"2016/06/19 12:30:05"
D,METER_DATA,GEN_DUID,1,"2016/06/19 12:35:00",MEADOWB2,0,"2016/06/19 12:30:05"
D,METER_DATA,GEN_DUID,1,"2016/06/19 12:35:00",MLWF1,1.9650,"2016/06/19 12:30:05"
D,METER_DATA,GEN_DUID,1,"2016/06/19 12:35:00",MTMILLAR,4.732674,"2016/06/19 12:30:05"
D,METER_DATA,GEN_DUID,1,"2016/06/19 12:35:00",PALOONA,22.84,"2016/06/19 12:30:05"
D,METER_DATA,GEN_DUID,1,"2016/06/19 12:35:00",PORTLAT1,0,"2016/06/19 12:30:05"
D,METER_DATA,GEN_DUID,1,"2016/06/19 12:35:00",PORTWF,13.50,"2016/06/19 12:30:05"
D,METER_DATA,GEN_DUID,1,"2016/06/19 12:35:00",QUERIVE1,-0.12,"2016/06/19 12:30:05"
D,METER_DATA,GEN_DUID,1,"2016/06/19 12:35:00",REPULSE,27.343924,"2016/06/19 12:30:05"
D,METER_DATA,GEN_DUID,1,"2016/06/19 12:35:00",ROWALLAN,9.9045,"2016/06/19 12:30:05"
D,METER_DATA,GEN_DUID,1,"2016/06/19 12:35:00",ROYALLA1,1.354003,"2016/06/19 12:30:05"
D,METER_DATA,GEN_DUID,1,"2016/06/19 12:35:00",RPCG,-0.20,"2016/06/19 12:30:05"
D,METER_DATA,GEN_DUID,1,"2016/06/19 12:35:00",RUBICON,0,"2016/06/19 12:30:05"
D,METER_DATA,GEN_DUID,1,"2016/06/19 12:35:00",STARHLWF,-0.099971,"2016/06/19 12:30:05"
D,METER_DATA,GEN_DUID,1,"2016/06/19 12:35:00",WAUBRAWF,13.5940,"2016/06/19 12:30:05"
D,METER_DATA,GEN_DUID,1,"2016/06/19 12:35:00",WOOLNTH1,38.720016,"2016/06/19 12:30:05"
D,METER_DATA,GEN_DUID,1,"2016/06/19 12:35:00",WPWF,0,"2016/06/19 12:30:05"
D,METER_DATA,GEN_DUID,1,"2016/06/19 12:35:00",YAMBUKWF,-0.20,"2016/06/19 12:30:05"
D,METER_DATA,GEN_DUID,1,"2016/06/19 12:40:00",BBDISEL1,0,"2016/06/19 12:35:05"
D,METER_DATA,GEN_DUID,1,"2016/06/19 12:40:00",BUTLERSG,7.799998,"2016/06/19 12:35:05"
D,METER_DATA,GEN_DUID,1,"2016/06/19 12:40:00",CALL_A_4,0,"2016/06/19 12:35:05"
D,METER_DATA,GEN_DUID,1,"2016/06/19 12:40:00",CAPTL_WF,72.607994,"2016/06/19 12:35:05"
D,METER_DATA,GEN_DUID,1,"2016/06/19 12:40:00",CATAGUN1,0,"2016/06/19 12:35:05"
D,METER_DATA,GEN_DUID,1,"2016/06/19 12:40:00",CATHROCK,0,"2016/06/19 12:35:05"
D,METER_DATA,GEN_DUID,1,"2016/06/19 12:40:00",CHALLHWF,5.10,"2016/06/19 12:35:05"
D,METER_DATA,GEN_DUID,1,"2016/06/19 12:40:00",CLOVER,25.540001,"2016/06/19 12:35:05"
D,METER_DATA,GEN_DUID,1,"2016/06/19 12:40:00",CLUNY,15.175981,"2016/06/19 12:35:05"
D,METER_DATA,GEN_DUID,1,"2016/06/19 12:40:00",CNUNDAWF,4.104788,"2016/06/19 12:35:05"
D,METER_DATA,GEN_DUID,1,"2016/06/19 12:40:00",CULLRGWF,13.92,"2016/06/19 12:35:05"
D,METER_DATA,GEN_DUID,1,"2016/06/19 12:40:00",ERGT01,0,"2016/06/19 12:35:05"
D,METER_DATA,GEN_DUID,1,"2016/06/19 12:40:00",GB01,0.144932,"2016/06/19 12:35:05"
D,METER_DATA,GEN_DUID,1,"2016/06/19 12:40:00",GEORGTN1,0,"2016/06/19 12:35:05"
D,METER_DATA,GEN_DUID,1,"2016/06/19 12:40:00",GEORGTN2,0,"2016/06/19 12:35:05"
D,METER_DATA,GEN_DUID,1,"2016/06/19 12:40:00",GERMCRK,37.200001,"2016/06/19 12:35:05"
D,METER_DATA,GEN_DUID,1,"2016/06/19 12:40:00",INVICTA,32.799999,"2016/06/19 12:35:05"
D,METER_DATA,GEN_DUID,1,"2016/06/19 12:40:00",LKBONNY1,2.589972,"2016/06/19 12:35:05"
D,METER_DATA,GEN_DUID,1,"2016/06/19 12:40:00",MBAHNTH,58.387505,"2016/06/19 12:35:05"
D,METER_DATA,GEN_DUID,1,"2016/06/19 12:40:00",MEADOWB2,0,"2016/06/19 12:35:05"
D,METER_DATA,GEN_DUID,1,"2016/06/19 12:40:00",MLWF1,2.2650,"2016/06/19 12:35:05"
D,METER_DATA,GEN_DUID,1,"2016/06/19 12:40:00",MTMILLAR,5.476805,"2016/06/19 12:35:05"
D,METER_DATA,GEN_DUID,1,"2016/06/19 12:40:00",PALOONA,22.84,"2016/06/19 12:35:05"
D,METER_DATA,GEN_DUID,1,"2016/06/19 12:40:00",PORTLAT1,0,"2016/06/19 12:35:05"
D,METER_DATA,GEN_DUID,1,"2016/06/19 12:40:00",PORTWF,14.20,"2016/06/19 12:35:05"
D,METER_DATA,GEN_DUID,1,"2016/06/19 12:40:00",QUERIVE1,-0.12,"2016/06/19 12:35:05"
D,METER_DATA,GEN_DUID,1,"2016/06/19 12:40:00",REPULSE,27.267704,"2016/06/19 12:35:05"
D,METER_DATA,GEN_DUID,1,"2016/06/19 12:40:00",ROWALLAN,10.0465,"2016/06/19 12:35:05"
D,METER_DATA,GEN_DUID,1,"2016/06/19 12:40:00",ROYALLA1,1.422003,"2016/06/19 12:35:05"
D,METER_DATA,GEN_DUID,1,"2016/06/19 12:40:00",RPCG,-0.20,"2016/06/19 12:35:05"
D,METER_DATA,GEN_DUID,1,"2016/06/19 12:40:00",RUBICON,0,"2016/06/19 12:35:05"
D,METER_DATA,GEN_DUID,1,"2016/06/19 12:40:00",STARHLWF,0.299913,"2016/06/19 12:35:05"
D,METER_DATA,GEN_DUID,1,"2016/06/19 12:40:00",WAUBRAWF,11.6950,"2016/06/19 12:35:05"
D,METER_DATA,GEN_DUID,1,"2016/06/19 12:40:00",WOOLNTH1,42.640015,"2016/06/19 12:35:05"
D,METER_DATA,GEN_DUID,1,"2016/06/19 12:40:00",WPWF,0,"2016/06/19 12:35:05"
D,METER_DATA,GEN_DUID,1,"2016/06/19 12:40:00",YAMBUKWF,-0.20,"2016/06/19 12:35:05"
D,METER_DATA,GEN_DUID,1,"2016/06/19 12:45:00",BBDISEL1,0,"2016/06/19 12:40:05"
D,METER_DATA,GEN_DUID,1,"2016/06/19 12:45:00",BUTLERSG,7.799998,"2016/06/19 12:40:05"
D,METER_DATA,GEN_DUID,1,"2016/06/19 12:45:00",CALL_A_4,0,"2016/06/19 12:40:05"
D,METER_DATA,GEN_DUID,1,"2016/06/19 12:45:00",CAPTL_WF,67.631996,"2016/06/19 12:40:05"
D,METER_DATA,GEN_DUID,1,"2016/06/19 12:45:00",CATAGUN1,0,"2016/06/19 12:40:05"
D,METER_DATA,GEN_DUID,1,"2016/06/19 12:45:00",CATHROCK,0,"2016/06/19 12:40:05"
D,METER_DATA,GEN_DUID,1,"2016/06/19 12:45:00",CHALLHWF,5,"2016/06/19 12:40:05"
D,METER_DATA,GEN_DUID,1,"2016/06/19 12:45:00",CLOVER,25.540001,"2016/06/19 12:40:05"
D,METER_DATA,GEN_DUID,1,"2016/06/19 12:45:00",CLUNY,15.1474,"2016/06/19 12:40:05"
D,METER_DATA,GEN_DUID,1,"2016/06/19 12:45:00",CNUNDAWF,3.403971,"2016/06/19 12:40:05"
D,METER_DATA,GEN_DUID,1,"2016/06/19 12:45:00",CULLRGWF,15.46,"2016/06/19 12:40:05"
D,METER_DATA,GEN_DUID,1,"2016/06/19 12:45:00",ERGT01,0,"2016/06/19 12:40:05"
D,METER_DATA,GEN_DUID,1,"2016/06/19 12:45:00",GB01,0.144932,"2016/06/19 12:40:05"
D,METER_DATA,GEN_DUID,1,"2016/06/19 12:45:00",GEORGTN1,0,"2016/06/19 12:40:05"
D,METER_DATA,GEN_DUID,1,"2016/06/19 12:45:00",GEORGTN2,0,"2016/06/19 12:40:05"
D,METER_DATA,GEN_DUID,1,"2016/06/19 12:45:00",GERMCRK,37.299999,"2016/06/19 12:40:05"
D,METER_DATA,GEN_DUID,1,"2016/06/19 12:45:00",INVICTA,34,"2016/06/19 12:40:05"
D,METER_DATA,GEN_DUID,1,"2016/06/19 12:45:00",LKBONNY1,3.304446,"2016/06/19 12:40:05"
D,METER_DATA,GEN_DUID,1,"2016/06/19 12:45:00",MBAHNTH,58.387505,"2016/06/19 12:40:05"
D,METER_DATA,GEN_DUID,1,"2016/06/19 12:45:00",MEADOWB2,0,"2016/06/19 12:40:05"
D,METER_DATA,GEN_DUID,1,"2016/06/19 12:45:00",MLWF1,1.9050,"2016/06/19 12:40:05"
D,METER_DATA,GEN_DUID,1,"2016/06/19 12:45:00",MTMILLAR,4.777322,"2016/06/19 12:40:05"
D,METER_DATA,GEN_DUID,1,"2016/06/19 12:45:00",PALOONA,23.019999,"2016/06/19 12:40:05"
D,METER_DATA,GEN_DUID,1,"2016/06/19 12:45:00",PORTLAT1,0,"2016/06/19 12:40:05"
D,METER_DATA,GEN_DUID,1,"2016/06/19 12:45:00",PORTWF,15.20,"2016/06/19 12:40:05"
D,METER_DATA,GEN_DUID,1,"2016/06/19 12:45:00",QUERIVE1,-0.13,"2016/06/19 12:40:05"
D,METER_DATA,GEN_DUID,1,"2016/06/19 12:45:00",REPULSE,27.725025,"2016/06/19 12:40:05"
D,METER_DATA,GEN_DUID,1,"2016/06/19 12:45:00",ROWALLAN,10.0536,"2016/06/19 12:40:05"
D,METER_DATA,GEN_DUID,1,"2016/06/19 12:45:00",ROYALLA1,1.455003,"2016/06/19 12:40:05"
D,METER_DATA,GEN_DUID,1,"2016/06/19 12:45:00",RPCG,-0.20,"2016/06/19 12:40:05"
D,METER_DATA,GEN_DUID,1,"2016/06/19 12:45:00",RUBICON,0,"2016/06/19 12:40:05"
D,METER_DATA,GEN_DUID,1,"2016/06/19 12:45:00",STARHLWF,0.699796,"2016/06/19 12:40:05"
D,METER_DATA,GEN_DUID,1,"2016/06/19 12:45:00",WAUBRAWF,11.8760,"2016/06/19 12:40:05"
D,METER_DATA,GEN_DUID,1,"2016/06/19 12:45:00",WOOLNTH1,39.880016,"2016/06/19 12:40:05"
D,METER_DATA,GEN_DUID,1,"2016/06/19 12:45:00",WPWF,0,"2016/06/19 12:40:05"
D,METER_DATA,GEN_DUID,1,"2016/06/19 12:45:00",YAMBUKWF,-0.20,"2016/06/19 12:40:05"
D,METER_DATA,GEN_DUID,1,"2016/06/19 12:50:00",BBDISEL1,0,"2016/06/19 12:45:05"
D,METER_DATA,GEN_DUID,1,"2016/06/19 12:50:00",BUTLERSG,7.799998,"2016/06/19 12:45:05"
D,METER_DATA,GEN_DUID,1,"2016/06/19 12:50:00",CALL_A_4,0,"2016/06/19 12:45:05"
D,METER_DATA,GEN_DUID,1,"2016/06/19 12:50:00",CAPTL_WF,68.087997,"2016/06/19 12:45:05"
D,METER_DATA,GEN_DUID,1,"2016/06/19 12:50:00",CATAGUN1,0,"2016/06/19 12:45:05"
D,METER_DATA,GEN_DUID,1,"2016/06/19 12:50:00",CATHROCK,1.69,"2016/06/19 12:45:05"
D,METER_DATA,GEN_DUID,1,"2016/06/19 12:50:00",CHALLHWF,5.20,"2016/06/19 12:45:05"
D,METER_DATA,GEN_DUID,1,"2016/06/19 12:50:00",CLOVER,25.59,"2016/06/19 12:45:05"
D,METER_DATA,GEN_DUID,1,"2016/06/19 12:50:00",CLUNY,15.1474,"2016/06/19 12:45:05"
D,METER_DATA,GEN_DUID,1,"2016/06/19 12:50:00",CNUNDAWF,3.403971,"2016/06/19 12:45:05"
D,METER_DATA,GEN_DUID,1,"2016/06/19 12:50:00",CULLRGWF,16.41,"2016/06/19 12:45:05"
D,METER_DATA,GEN_DUID,1,"2016/06/19 12:50:00",ERGT01,0,"2016/06/19 12:45:05"
D,METER_DATA,GEN_DUID,1,"2016/06/19 12:50:00",GB01,0.144932,"2016/06/19 12:45:05"
D,METER_DATA,GEN_DUID,1,"2016/06/19 12:50:00",GEORGTN1,0,"2016/06/19 12:45:05"
D,METER_DATA,GEN_DUID,1,"2016/06/19 12:50:00",GEORGTN2,0,"2016/06/19 12:45:05"
D,METER_DATA,GEN_DUID,1,"2016/06/19 12:50:00",GERMCRK,37.299999,"2016/06/19 12:45:05"
D,METER_DATA,GEN_DUID,1,"2016/06/19 12:50:00",INVICTA,34,"2016/06/19 12:45:05"
D,METER_DATA,GEN_DUID,1,"2016/06/19 12:50:00",LKBONNY1,3.215137,"2016/06/19 12:45:05"
D,METER_DATA,GEN_DUID,1,"2016/06/19 12:50:00",MBAHNTH,58.387505,"2016/06/19 12:45:05"
D,METER_DATA,GEN_DUID,1,"2016/06/19 12:50:00",MEADOWB2,0,"2016/06/19 12:45:05"
D,METER_DATA,GEN_DUID,1,"2016/06/19 12:50:00",MLWF1,2.34,"2016/06/19 12:45:05"
D,METER_DATA,GEN_DUID,1,"2016/06/19 12:50:00",MTMILLAR,5.409833,"2016/06/19 12:45:05"
D,METER_DATA,GEN_DUID,1,"2016/06/19 12:50:00",PALOONA,22.84,"2016/06/19 12:45:05"
D,METER_DATA,GEN_DUID,1,"2016/06/19 12:50:00",PORTLAT1,0,"2016/06/19 12:45:05"
D,METER_DATA,GEN_DUID,1,"2016/06/19 12:50:00",PORTWF,16.40,"2016/06/19 12:45:05"
D,METER_DATA,GEN_DUID,1,"2016/06/19 12:50:00",QUERIVE1,-0.12,"2016/06/19 12:45:05"
D,METER_DATA,GEN_DUID,1,"2016/06/19 12:50:00",REPULSE,27.705969,"2016/06/19 12:45:05"
D,METER_DATA,GEN_DUID,1,"2016/06/19 12:50:00",ROWALLAN,10.0323,"2016/06/19 12:45:05"
D,METER_DATA,GEN_DUID,1,"2016/06/19 12:50:00",ROYALLA1,1.242003,"2016/06/19 12:45:05"
D,METER_DATA,GEN_DUID,1,"2016/06/19 12:50:00",RPCG,-0.20,"2016/06/19 12:45:05"
D,METER_DATA,GEN_DUID,1,"2016/06/19 12:50:00",RUBICON,0,"2016/06/19 12:45:05"
D,METER_DATA,GEN_DUID,1,"2016/06/19 12:50:00",STARHLWF,1.099679,"2016/06/19 12:45:05"
D,METER_DATA,GEN_DUID,1,"2016/06/19 12:50:00",WAUBRAWF,11.9820,"2016/06/19 12:45:05"
D,METER_DATA,GEN_DUID,1,"2016/06/19 12:50:00",WOOLNTH1,40.650017,"2016/06/19 12:45:05"
D,METER_DATA,GEN_DUID,1,"2016/06/19 12:50:00",WPWF,0,"2016/06/19 12:45:05"
D,METER_DATA,GEN_DUID,1,"2016/06/19 12:50:00",YAMBUKWF,-0.20,"2016/06/19 12:45:05"
D,METER_DATA,GEN_DUID,1,"2016/06/19 12:55:00",BBDISEL1,0,"2016/06/19 12:50:04"
D,METER_DATA,GEN_DUID,1,"2016/06/19 12:55:00",BUTLERSG,7.799998,"2016/06/19 12:50:04"
D,METER_DATA,GEN_DUID,1,"2016/06/19 12:55:00",CALL_A_4,0,"2016/06/19 12:50:04"
D,METER_DATA,GEN_DUID,1,"2016/06/19 12:55:00",CAPTL_WF,72.748001,"2016/06/19 12:50:04"
D,METER_DATA,GEN_DUID,1,"2016/06/19 12:55:00",CATAGUN1,0,"2016/06/19 12:50:04"
D,METER_DATA,GEN_DUID,1,"2016/06/19 12:55:00",CATHROCK,0,"2016/06/19 12:50:04"
D,METER_DATA,GEN_DUID,1,"2016/06/19 12:55:00",CHALLHWF,5.40,"2016/06/19 12:50:04"
D,METER_DATA,GEN_DUID,1,"2016/06/19 12:55:00",CLOVER,25.59,"2016/06/19 12:50:04"
D,METER_DATA,GEN_DUID,1,"2016/06/19 12:55:00",CLUNY,14.947340,"2016/06/19 12:50:04"
D,METER_DATA,GEN_DUID,1,"2016/06/19 12:55:00",CNUNDAWF,4.705489,"2016/06/19 12:50:04"
D,METER_DATA,GEN_DUID,1,"2016/06/19 12:55:00",CULLRGWF,16.73,"2016/06/19 12:50:04"
D,METER_DATA,GEN_DUID,1,"2016/06/19 12:55:00",ERGT01,0,"2016/06/19 12:50:04"
D,METER_DATA,GEN_DUID,1,"2016/06/19 12:55:00",GB01,0.146591,"2016/06/19 12:50:04"
D,METER_DATA,GEN_DUID,1,"2016/06/19 12:55:00",GEORGTN1,0,"2016/06/19 12:50:04"
D,METER_DATA,GEN_DUID,1,"2016/06/19 12:55:00",GEORGTN2,0,"2016/06/19 12:50:04"
D,METER_DATA,GEN_DUID,1,"2016/06/19 12:55:00",GERMCRK,37.599998,"2016/06/19 12:50:04"
D,METER_DATA,GEN_DUID,1,"2016/06/19 12:55:00",INVICTA,34,"2016/06/19 12:50:04"
D,METER_DATA,GEN_DUID,1,"2016/06/19 12:55:00",LKBONNY1,4.465468,"2016/06/19 12:50:04"
D,METER_DATA,GEN_DUID,1,"2016/06/19 12:55:00",MBAHNTH,59.493752,"2016/06/19 12:50:04"
D,METER_DATA,GEN_DUID,1,"2016/06/19 12:55:00",MEADOWB2,0,"2016/06/19 12:50:04"
D,METER_DATA,GEN_DUID,1,"2016/06/19 12:55:00",MLWF1,2.34,"2016/06/19 12:50:04"
D,METER_DATA,GEN_DUID,1,"2016/06/19 12:55:00",MTMILLAR,5.290772,"2016/06/19 12:50:04"
D,METER_DATA,GEN_DUID,1,"2016/06/19 12:55:00",PALOONA,22.84,"2016/06/19 12:50:04"
D,METER_DATA,GEN_DUID,1,"2016/06/19 12:55:00",PORTLAT1,0,"2016/06/19 12:50:04"
D,METER_DATA,GEN_DUID,1,"2016/06/19 12:55:00",PORTWF,14.90,"2016/06/19 12:50:04"
D,METER_DATA,GEN_DUID,1,"2016/06/19 12:55:00",QUERIVE1,-0.12,"2016/06/19 12:50:04"
D,METER_DATA,GEN_DUID,1,"2016/06/19 12:55:00",REPULSE,29.116039,"2016/06/19 12:50:04"
D,METER_DATA,GEN_DUID,1,"2016/06/19 12:55:00",ROWALLAN,9.9897,"2016/06/19 12:50:04"
D,METER_DATA,GEN_DUID,1,"2016/06/19 12:55:00",ROYALLA1,1.311003,"2016/06/19 12:50:04"
D,METER_DATA,GEN_DUID,1,"2016/06/19 12:55:00",RPCG,-0.20,"2016/06/19 12:50:04"
D,METER_DATA,GEN_DUID,1,"2016/06/19 12:55:00",RUBICON,0,"2016/06/19 12:50:04"
D,METER_DATA,GEN_DUID,1,"2016/06/19 12:55:00",STARHLWF,1.499563,"2016/06/19 12:50:04"
D,METER_DATA,GEN_DUID,1,"2016/06/19 12:55:00",WAUBRAWF,11.6570,"2016/06/19 12:50:04"
D,METER_DATA,GEN_DUID,1,"2016/06/19 12:55:00",WOOLNTH1,38.850014,"2016/06/19 12:50:04"
D,METER_DATA,GEN_DUID,1,"2016/06/19 12:55:00",WPWF,0,"2016/06/19 12:50:04"
D,METER_DATA,GEN_DUID,1,"2016/06/19 12:55:00",YAMBUKWF,2.20,"2016/06/19 12:50:04"
D,METER_DATA,GEN_DUID,1,"2016/06/19 13:00:00",BBDISEL1,0,"2016/06/19 12:55:04"
D,METER_DATA,GEN_DUID,1,"2016/06/19 13:00:00",BUTLERSG,7.799998,"2016/06/19 12:55:04"
D,METER_DATA,GEN_DUID,1,"2016/06/19 13:00:00",CALL_A_4,0,"2016/06/19 12:55:04"
D,METER_DATA,GEN_DUID,1,"2016/06/19 13:00:00",CAPTL_WF,76.288002,"2016/06/19 12:55:04"
D,METER_DATA,GEN_DUID,1,"2016/06/19 13:00:00",CATAGUN1,0,"2016/06/19 12:55:04"
D,METER_DATA,GEN_DUID,1,"2016/06/19 13:00:00",CATHROCK,1.45,"2016/06/19 12:55:04"
D,METER_DATA,GEN_DUID,1,"2016/06/19 13:00:00",CHALLHWF,4.40,"2016/06/19 12:55:04"
D,METER_DATA,GEN_DUID,1,"2016/06/19 13:00:00",CLOVER,25.58,"2016/06/19 12:55:04"
D,METER_DATA,GEN_DUID,1,"2016/06/19 13:00:00",CLUNY,15.061661,"2016/06/19 12:55:04"
D,METER_DATA,GEN_DUID,1,"2016/06/19 13:00:00",CNUNDAWF,4.805606,"2016/06/19 12:55:04"
D,METER_DATA,GEN_DUID,1,"2016/06/19 13:00:00",CULLRGWF,16.219999,"2016/06/19 12:55:04"
D,METER_DATA,GEN_DUID,1,"2016/06/19 13:00:00",ERGT01,0,"2016/06/19 12:55:04"
D,METER_DATA,GEN_DUID,1,"2016/06/19 13:00:00",GB01,0.146591,"2016/06/19 12:55:04"
D,METER_DATA,GEN_DUID,1,"2016/06/19 13:00:00",GEORGTN1,0,"2016/06/19 12:55:04"
D,METER_DATA,GEN_DUID,1,"2016/06/19 13:00:00",GEORGTN2,0,"2016/06/19 12:55:04"
D,METER_DATA,GEN_DUID,1,"2016/06/19 13:00:00",GERMCRK,37.599998,"2016/06/19 12:55:04"
D,METER_DATA,GEN_DUID,1,"2016/06/19 13:00:00",INVICTA,32.6250,"2016/06/19 12:55:04"
D,METER_DATA,GEN_DUID,1,"2016/06/19 13:00:00",LKBONNY1,5.269252,"2016/06/19 12:55:04"
D,METER_DATA,GEN_DUID,1,"2016/06/19 13:00:00",MBAHNTH,59.493752,"2016/06/19 12:55:04"
D,METER_DATA,GEN_DUID,1,"2016/06/19 13:00:00",MEADOWB2,0,"2016/06/19 12:55:04"
D,METER_DATA,GEN_DUID,1,"2016/06/19 13:00:00",MLWF1,2.55,"2016/06/19 12:55:04"
D,METER_DATA,GEN_DUID,1,"2016/06/19 13:00:00",MTMILLAR,5.588425,"2016/06/19 12:55:04"
D,METER_DATA,GEN_DUID,1,"2016/06/19 13:00:00",PALOONA,22.84,"2016/06/19 12:55:04"
D,METER_DATA,GEN_DUID,1,"2016/06/19 13:00:00",PORTLAT1,0,"2016/06/19 12:55:04"
D,METER_DATA,GEN_DUID,1,"2016/06/19 13:00:00",PORTWF,13.60,"2016/06/19 12:55:04"
D,METER_DATA,GEN_DUID,1,"2016/06/19 13:00:00",QUERIVE1,-0.12,"2016/06/19 12:55:04"
D,METER_DATA,GEN_DUID,1,"2016/06/19 13:00:00",REPULSE,27.686914,"2016/06/19 12:55:04"
D,METER_DATA,GEN_DUID,1,"2016/06/19 13:00:00",ROWALLAN,9.9755,"2016/06/19 12:55:04"
D,METER_DATA,GEN_DUID,1,"2016/06/19 13:00:00",ROYALLA1,1.367003,"2016/06/19 12:55:04"
D,METER_DATA,GEN_DUID,1,"2016/06/19 13:00:00",RPCG,-0.20,"2016/06/19 12:55:04"
D,METER_DATA,GEN_DUID,1,"2016/06/19 13:00:00",RUBICON,0,"2016/06/19 12:55:04"
D,METER_DATA,GEN_DUID,1,"2016/06/19 13:00:00",STARHLWF,1.999417,"2016/06/19 12:55:04"
D,METER_DATA,GEN_DUID,1,"2016/06/19 13:00:00",WAUBRAWF,12.6780,"2016/06/19 12:55:04"
D,METER_DATA,GEN_DUID,1,"2016/06/19 13:00:00",WOOLNTH1,40.300018,"2016/06/19 12:55:04"
D,METER_DATA,GEN_DUID,1,"2016/06/19 13:00:00",WPWF,0,"2016/06/19 12:55:04"
D,METER_DATA,GEN_DUID,1,"2016/06/19 13:00:00",YAMBUKWF,3.50,"2016/06/19 12:55:04"
D,METER_DATA,GEN_DUID,1,"2016/06/19 13:05:00",BBDISEL1,0,"2016/06/19 13:00:04"
D,METER_DATA,GEN_DUID,1,"2016/06/19 13:05:00",BUTLERSG,7.799998,"2016/06/19 13:00:04"
D,METER_DATA,GEN_DUID,1,"2016/06/19 13:05:00",CALL_A_4,0,"2016/06/19 13:00:04"
D,METER_DATA,GEN_DUID,1,"2016/06/19 13:05:00",CAPTL_WF,79.827995,"2016/06/19 13:00:04"
D,METER_DATA,GEN_DUID,1,"2016/06/19 13:05:00",CATAGUN1,0,"2016/06/19 13:00:04"
D,METER_DATA,GEN_DUID,1,"2016/06/19 13:05:00",CATHROCK,0,"2016/06/19 13:00:04"
D,METER_DATA,GEN_DUID,1,"2016/06/19 13:05:00",CHALLHWF,4.20,"2016/06/19 13:00:04"
D,METER_DATA,GEN_DUID,1,"2016/06/19 13:05:00",CLOVER,25.559999,"2016/06/19 13:00:04"
D,METER_DATA,GEN_DUID,1,"2016/06/19 13:05:00",CLUNY,15.033080,"2016/06/19 13:00:04"
D,METER_DATA,GEN_DUID,1,"2016/06/19 13:05:00",CNUNDAWF,5.506423,"2016/06/19 13:00:04"
D,METER_DATA,GEN_DUID,1,"2016/06/19 13:05:00",CULLRGWF,14.04,"2016/06/19 13:00:04"
D,METER_DATA,GEN_DUID,1,"2016/06/19 13:05:00",ERGT01,0,"2016/06/19 13:00:04"
D,METER_DATA,GEN_DUID,1,"2016/06/19 13:05:00",GB01,0.146591,"2016/06/19 13:00:04"
D,METER_DATA,GEN_DUID,1,"2016/06/19 13:05:00",GEORGTN1,0,"2016/06/19 13:00:04"
D,METER_DATA,GEN_DUID,1,"2016/06/19 13:05:00",GEORGTN2,0,"2016/06/19 13:00:04"
D,METER_DATA,GEN_DUID,1,"2016/06/19 13:05:00",GERMCRK,37.400002,"2016/06/19 13:00:04"
D,METER_DATA,GEN_DUID,1,"2016/06/19 13:05:00",INVICTA,30.15,"2016/06/19 13:00:04"
D,METER_DATA,GEN_DUID,1,"2016/06/19 13:05:00",LKBONNY1,6.876821,"2016/06/19 13:00:04"
D,METER_DATA,GEN_DUID,1,"2016/06/19 13:05:00",MBAHNTH,59.493752,"2016/06/19 13:00:04"
D,METER_DATA,GEN_DUID,1,"2016/06/19 13:05:00",MEADOWB2,0,"2016/06/19 13:00:04"
D,METER_DATA,GEN_DUID,1,"2016/06/19 13:05:00",MLWF1,2.0850,"2016/06/19 13:00:04"
D,METER_DATA,GEN_DUID,1,"2016/06/19 13:05:00",MTMILLAR,3.817393,"2016/06/19 13:00:04"
D,METER_DATA,GEN_DUID,1,"2016/06/19 13:05:00",PALOONA,22.939999,"2016/06/19 13:00:04"
D,METER_DATA,GEN_DUID,1,"2016/06/19 13:05:00",PORTLAT1,0,"2016/06/19 13:00:04"
D,METER_DATA,GEN_DUID,1,"2016/06/19 13:05:00",PORTWF,12.40,"2016/06/19 13:00:04"
D,METER_DATA,GEN_DUID,1,"2016/06/19 13:05:00",QUERIVE1,-0.13,"2016/06/19 13:00:04"
D,METER_DATA,GEN_DUID,1,"2016/06/19 13:05:00",REPULSE,28.430059,"2016/06/19 13:00:04"
D,METER_DATA,GEN_DUID,1,"2016/06/19 13:05:00",ROWALLAN,10.067801,"2016/06/19 13:00:04"
D,METER_DATA,GEN_DUID,1,"2016/06/19 13:05:00",ROYALLA1,1.198003,"2016/06/19 13:00:04"
D,METER_DATA,GEN_DUID,1,"2016/06/19 13:05:00",RPCG,-0.20,"2016/06/19 13:00:04"
D,METER_DATA,GEN_DUID,1,"2016/06/19 13:05:00",RUBICON,0,"2016/06/19 13:00:04"
D,METER_DATA,GEN_DUID,1,"2016/06/19 13:05:00",STARHLWF,1.799475,"2016/06/19 13:00:04"
D,METER_DATA,GEN_DUID,1,"2016/06/19 13:05:00",WAUBRAWF,13.17,"2016/06/19 13:00:04"
D,METER_DATA,GEN_DUID,1,"2016/06/19 13:05:00",WOOLNTH1,40.210014,"2016/06/19 13:00:04"
D,METER_DATA,GEN_DUID,1,"2016/06/19 13:05:00",WPWF,0,"2016/06/19 13:00:04"
D,METER_DATA,GEN_DUID,1,"2016/06/19 13:05:00",YAMBUKWF,4.50,"2016/06/19 13:00:04"
D,METER_DATA,GEN_DUID,1,"2016/06/19 13:10:00",BBDISEL1,0,"2016/06/19 13:05:05"
D,METER_DATA,GEN_DUID,1,"2016/06/19 13:10:00",BUTLERSG,7.799998,"2016/06/19 13:05:05"
D,METER_DATA,GEN_DUID,1,"2016/06/19 13:10:00",CALL_A_4,0,"2016/06/19 13:05:05"
D,METER_DATA,GEN_DUID,1,"2016/06/19 13:10:00",CAPTL_WF,82.311996,"2016/06/19 13:05:05"
D,METER_DATA,GEN_DUID,1,"2016/06/19 13:10:00",CATAGUN1,0,"2016/06/19 13:05:05"
D,METER_DATA,GEN_DUID,1,"2016/06/19 13:10:00",CATHROCK,0,"2016/06/19 13:05:05"
D,METER_DATA,GEN_DUID,1,"2016/06/19 13:10:00",CHALLHWF,5,"2016/06/19 13:05:05"
D,METER_DATA,GEN_DUID,1,"2016/06/19 13:10:00",CLOVER,24.029999,"2016/06/19 13:05:05"
D,METER_DATA,GEN_DUID,1,"2016/06/19 13:10:00",CLUNY,15.1474,"2016/06/19 13:05:05"
D,METER_DATA,GEN_DUID,1,"2016/06/19 13:10:00",CNUNDAWF,5.906891,"2016/06/19 13:05:05"
D,METER_DATA,GEN_DUID,1,"2016/06/19 13:10:00",CULLRGWF,14.59,"2016/06/19 13:05:05"
D,METER_DATA,GEN_DUID,1,"2016/06/19 13:10:00",ERGT01,0,"2016/06/19 13:05:05"
D,METER_DATA,GEN_DUID,1,"2016/06/19 13:10:00",GB01,0.146591,"2016/06/19 13:05:05"
D,METER_DATA,GEN_DUID,1,"2016/06/19 13:10:00",GEORGTN1,0,"2016/06/19 13:05:05"
D,METER_DATA,GEN_DUID,1,"2016/06/19 13:10:00",GEORGTN2,0,"2016/06/19 13:05:05"
D,METER_DATA,GEN_DUID,1,"2016/06/19 13:10:00",GERMCRK,38.099998,"2016/06/19 13:05:05"
D,METER_DATA,GEN_DUID,1,"2016/06/19 13:10:00",INVICTA,28.925001,"2016/06/19 13:05:05"
D,METER_DATA,GEN_DUID,1,"2016/06/19 13:10:00",LKBONNY1,6.340965,"2016/06/19 13:05:05"
D,METER_DATA,GEN_DUID,1,"2016/06/19 13:10:00",MBAHNTH,59.493752,"2016/06/19 13:05:05"
D,METER_DATA,GEN_DUID,1,"2016/06/19 13:10:00",MEADOWB2,0,"2016/06/19 13:05:05"
D,METER_DATA,GEN_DUID,1,"2016/06/19 13:10:00",MLWF1,2.40,"2016/06/19 13:05:05"
D,METER_DATA,GEN_DUID,1,"2016/06/19 13:10:00",MTMILLAR,3.393238,"2016/06/19 13:05:05"
D,METER_DATA,GEN_DUID,1,"2016/06/19 13:10:00",PALOONA,22.799999,"2016/06/19 13:05:05"
D,METER_DATA,GEN_DUID,1,"2016/06/19 13:10:00",PORTLAT1,0,"2016/06/19 13:05:05"
D,METER_DATA,GEN_DUID,1,"2016/06/19 13:10:00",PORTWF,14.60,"2016/06/19 13:05:05"
D,METER_DATA,GEN_DUID,1,"2016/06/19 13:10:00",QUERIVE1,-0.12,"2016/06/19 13:05:05"
D,METER_DATA,GEN_DUID,1,"2016/06/19 13:10:00",REPULSE,28.411005,"2016/06/19 13:05:05"
D,METER_DATA,GEN_DUID,1,"2016/06/19 13:10:00",ROWALLAN,9.9471,"2016/06/19 13:05:05"
D,METER_DATA,GEN_DUID,1,"2016/06/19 13:10:00",ROYALLA1,1.346003,"2016/06/19 13:05:05"
D,METER_DATA,GEN_DUID,1,"2016/06/19 13:10:00",RPCG,-0.20,"2016/06/19 13:05:05"
D,METER_DATA,GEN_DUID,1,"2016/06/19 13:10:00",RUBICON,0,"2016/06/19 13:05:05"
D,METER_DATA,GEN_DUID,1,"2016/06/19 13:10:00",STARHLWF,1.699504,"2016/06/19 13:05:05"
D,METER_DATA,GEN_DUID,1,"2016/06/19 13:10:00",WAUBRAWF,11.7820,"2016/06/19 13:05:05"
D,METER_DATA,GEN_DUID,1,"2016/06/19 13:10:00",WOOLNTH1,43.080017,"2016/06/19 13:05:05"
D,METER_DATA,GEN_DUID,1,"2016/06/19 13:10:00",WPWF,0,"2016/06/19 13:05:05"
D,METER_DATA,GEN_DUID,1,"2016/06/19 13:10:00",YAMBUKWF,5.40,"2016/06/19 13:05:05"
D,METER_DATA,GEN_DUID,1,"2016/06/19 13:15:00",BBDISEL1,0,"2016/06/19 13:10:04"
D,METER_DATA,GEN_DUID,1,"2016/06/19 13:15:00",BUTLERSG,7.799998,"2016/06/19 13:10:04"
D,METER_DATA,GEN_DUID,1,"2016/06/19 13:15:00",CALL_A_4,0,"2016/06/19 13:10:04"
D,METER_DATA,GEN_DUID,1,"2016/06/19 13:15:00",CAPTL_WF,82.119995,"2016/06/19 13:10:04"
D,METER_DATA,GEN_DUID,1,"2016/06/19 13:15:00",CATAGUN1,0,"2016/06/19 13:10:04"
D,METER_DATA,GEN_DUID,1,"2016/06/19 13:15:00",CATHROCK,0,"2016/06/19 13:10:04"
D,METER_DATA,GEN_DUID,1,"2016/06/19 13:15:00",CHALLHWF,4.70,"2016/06/19 13:10:04"
D,METER_DATA,GEN_DUID,1,"2016/06/19 13:15:00",CLOVER,24.459999,"2016/06/19 13:10:04"
D,METER_DATA,GEN_DUID,1,"2016/06/19 13:15:00",CLUNY,15.018790,"2016/06/19 13:10:04"
D,METER_DATA,GEN_DUID,1,"2016/06/19 13:15:00",CNUNDAWF,5.105956,"2016/06/19 13:10:04"
D,METER_DATA,GEN_DUID,1,"2016/06/19 13:15:00",CULLRGWF,13.05,"2016/06/19 13:10:04"
D,METER_DATA,GEN_DUID,1,"2016/06/19 13:15:00",ERGT01,0,"2016/06/19 13:10:04"
D,METER_DATA,GEN_DUID,1,"2016/06/19 13:15:00",GB01,0.146591,"2016/06/19 13:10:04"
D,METER_DATA,GEN_DUID,1,"2016/06/19 13:15:00",GEORGTN1,0,"2016/06/19 13:10:04"
D,METER_DATA,GEN_DUID,1,"2016/06/19 13:15:00",GEORGTN2,0,"2016/06/19 13:10:04"
D,METER_DATA,GEN_DUID,1,"2016/06/19 13:15:00",GERMCRK,38.299999,"2016/06/19 13:10:04"
D,METER_DATA,GEN_DUID,1,"2016/06/19 13:15:00",INVICTA,28.925001,"2016/06/19 13:10:04"
D,METER_DATA,GEN_DUID,1,"2016/06/19 13:15:00",LKBONNY1,5.983727,"2016/06/19 13:10:04"
D,METER_DATA,GEN_DUID,1,"2016/06/19 13:15:00",MBAHNTH,59.493752,"2016/06/19 13:10:04"
D,METER_DATA,GEN_DUID,1,"2016/06/19 13:15:00",MEADOWB2,0,"2016/06/19 13:10:04"
D,METER_DATA,GEN_DUID,1,"2016/06/19 13:15:00",MLWF1,2.5050,"2016/06/19 13:10:04"
D,METER_DATA,GEN_DUID,1,"2016/06/19 13:15:00",MTMILLAR,3.110468,"2016/06/19 13:10:04"
D,METER_DATA,GEN_DUID,1,"2016/06/19 13:15:00",PALOONA,22.799999,"2016/06/19 13:10:04"
D,METER_DATA,GEN_DUID,1,"2016/06/19 13:15:00",PORTLAT1,0,"2016/06/19 13:10:04"
D,METER_DATA,GEN_DUID,1,"2016/06/19 13:15:00",PORTWF,15.30,"2016/06/19 13:10:04"
D,METER_DATA,GEN_DUID,1,"2016/06/19 13:15:00",QUERIVE1,-0.12,"2016/06/19 13:10:04"
D,METER_DATA,GEN_DUID,1,"2016/06/19 13:15:00",REPULSE,27.305815,"2016/06/19 13:10:04"
D,METER_DATA,GEN_DUID,1,"2016/06/19 13:15:00",ROWALLAN,10.259501,"2016/06/19 13:10:04"
D,METER_DATA,GEN_DUID,1,"2016/06/19 13:15:00",ROYALLA1,1.536003,"2016/06/19 13:10:04"
D,METER_DATA,GEN_DUID,1,"2016/06/19 13:15:00",RPCG,-0.20,"2016/06/19 13:10:04"
D,METER_DATA,GEN_DUID,1,"2016/06/19 13:15:00",RUBICON,0,"2016/06/19 13:10:04"
D,METER_DATA,GEN_DUID,1,"2016/06/19 13:15:00",STARHLWF,1.299621,"2016/06/19 13:10:04"
D,METER_DATA,GEN_DUID,1,"2016/06/19 13:15:00",WAUBRAWF,11.2910,"2016/06/19 13:10:04"
D,METER_DATA,GEN_DUID,1,"2016/06/19 13:15:00",WOOLNTH1,45.570015,"2016/06/19 13:10:04"
D,METER_DATA,GEN_DUID,1,"2016/06/19 13:15:00",WPWF,0,"2016/06/19 13:10:04"
D,METER_DATA,GEN_DUID,1,"2016/06/19 13:15:00",YAMBUKWF,4.30,"2016/06/19 13:10:04"
D,METER_DATA,GEN_DUID,1,"2016/06/19 13:20:00",BBDISEL1,0,"2016/06/19 13:15:04"
D,METER_DATA,GEN_DUID,1,"2016/06/19 13:20:00",BUTLERSG,7.799998,"2016/06/19 13:15:04"
D,METER_DATA,GEN_DUID,1,"2016/06/19 13:20:00",CALL_A_4,0,"2016/06/19 13:15:04"
D,METER_DATA,GEN_DUID,1,"2016/06/19 13:20:00",CAPTL_WF,89.32,"2016/06/19 13:15:04"
D,METER_DATA,GEN_DUID,1,"2016/06/19 13:20:00",CATAGUN1,0,"2016/06/19 13:15:04"
D,METER_DATA,GEN_DUID,1,"2016/06/19 13:20:00",CATHROCK,0,"2016/06/19 13:15:04"
D,METER_DATA,GEN_DUID,1,"2016/06/19 13:20:00",CHALLHWF,5.30,"2016/06/19 13:15:04"
D,METER_DATA,GEN_DUID,1,"2016/06/19 13:20:00",CLOVER,24.279999,"2016/06/19 13:15:04"
D,METER_DATA,GEN_DUID,1,"2016/06/19 13:20:00",CLUNY,15.418910,"2016/06/19 13:15:04"
D,METER_DATA,GEN_DUID,1,"2016/06/19 13:20:00",CNUNDAWF,4.705489,"2016/06/19 13:15:04"
D,METER_DATA,GEN_DUID,1,"2016/06/19 13:20:00",CULLRGWF,12.50,"2016/06/19 13:15:04"
D,METER_DATA,GEN_DUID,1,"2016/06/19 13:20:00",ERGT01,0,"2016/06/19 13:15:04"
D,METER_DATA,GEN_DUID,1,"2016/06/19 13:20:00",GB01,0.146591,"2016/06/19 13:15:04"
D,METER_DATA,GEN_DUID,1,"2016/06/19 13:20:00",GEORGTN1,0,"2016/06/19 13:15:04"
D,METER_DATA,GEN_DUID,1,"2016/06/19 13:20:00",GEORGTN2,0,"2016/06/19 13:15:04"
D,METER_DATA,GEN_DUID,1,"2016/06/19 13:20:00",GERMCRK,38.400002,"2016/06/19 13:15:04"
D,METER_DATA,GEN_DUID,1,"2016/06/19 13:20:00",INVICTA,31.200001,"2016/06/19 13:15:04"
D,METER_DATA,GEN_DUID,1,"2016/06/19 13:20:00",LKBONNY1,5.894418,"2016/06/19 13:15:04"
D,METER_DATA,GEN_DUID,1,"2016/06/19 13:20:00",MBAHNTH,59.493752,"2016/06/19 13:15:04"
D,METER_DATA,GEN_DUID,1,"2016/06/19 13:20:00",MEADOWB2,0,"2016/06/19 13:15:04"
D,METER_DATA,GEN_DUID,1,"2016/06/19 13:20:00",MLWF1,2.9250,"2016/06/19 13:15:04"
D,METER_DATA,GEN_DUID,1,"2016/06/19 13:20:00",MTMILLAR,2.991407,"2016/06/19 13:15:04"
D,METER_DATA,GEN_DUID,1,"2016/06/19 13:20:00",PALOONA,23.049999,"2016/06/19 13:15:04"
D,METER_DATA,GEN_DUID,1,"2016/06/19 13:20:00",PORTLAT1,0,"2016/06/19 13:15:04"
D,METER_DATA,GEN_DUID,1,"2016/06/19 13:20:00",PORTWF,14.70,"2016/06/19 13:15:04"
D,METER_DATA,GEN_DUID,1,"2016/06/19 13:20:00",QUERIVE1,-0.12,"2016/06/19 13:15:04"
D,METER_DATA,GEN_DUID,1,"2016/06/19 13:20:00",REPULSE,28.849270,"2016/06/19 13:15:04"
D,METER_DATA,GEN_DUID,1,"2016/06/19 13:20:00",ROWALLAN,10.0323,"2016/06/19 13:15:04"
D,METER_DATA,GEN_DUID,1,"2016/06/19 13:20:00",ROYALLA1,1.465003,"2016/06/19 13:15:04"
D,METER_DATA,GEN_DUID,1,"2016/06/19 13:20:00",RPCG,-0.20,"2016/06/19 13:15:04"
D,METER_DATA,GEN_DUID,1,"2016/06/19 13:20:00",RUBICON,0,"2016/06/19 13:15:04"
D,METER_DATA,GEN_DUID,1,"2016/06/19 13:20:00",STARHLWF,1.299621,"2016/06/19 13:15:04"
D,METER_DATA,GEN_DUID,1,"2016/06/19 13:20:00",WAUBRAWF,11.9320,"2016/06/19 13:15:04"
D,METER_DATA,GEN_DUID,1,"2016/06/19 13:20:00",WOOLNTH1,42.910019,"2016/06/19 13:15:04"
D,METER_DATA,GEN_DUID,1,"2016/06/19 13:20:00",WPWF,0,"2016/06/19 13:15:04"
D,METER_DATA,GEN_DUID,1,"2016/06/19 13:20:00",YAMBUKWF,3.20,"2016/06/19 13:15:04"
D,METER_DATA,GEN_DUID,1,"2016/06/19 13:25:00",BBDISEL1,0,"2016/06/19 13:20:04"
D,METER_DATA,GEN_DUID,1,"2016/06/19 13:25:00",BUTLERSG,7.799998,"2016/06/19 13:20:04"
D,METER_DATA,GEN_DUID,1,"2016/06/19 13:25:00",CALL_A_4,0,"2016/06/19 13:20:04"
D,METER_DATA,GEN_DUID,1,"2016/06/19 13:25:00",CAPTL_WF,99.540001,"2016/06/19 13:20:04"
D,METER_DATA,GEN_DUID,1,"2016/06/19 13:25:00",CATAGUN1,0,"2016/06/19 13:20:04"
D,METER_DATA,GEN_DUID,1,"2016/06/19 13:25:00",CATHROCK,0,"2016/06/19 13:20:04"
D,METER_DATA,GEN_DUID,1,"2016/06/19 13:25:00",CHALLHWF,5.20,"2016/06/19 13:20:04"
D,METER_DATA,GEN_DUID,1,"2016/06/19 13:25:00",CLOVER,24.450001,"2016/06/19 13:20:04"
D,METER_DATA,GEN_DUID,1,"2016/06/19 13:25:00",CLUNY,15.175981,"2016/06/19 13:20:04"
D,METER_DATA,GEN_DUID,1,"2016/06/19 13:25:00",CNUNDAWF,4.505256,"2016/06/19 13:20:04"
D,METER_DATA,GEN_DUID,1,"2016/06/19 13:25:00",CULLRGWF,11.21,"2016/06/19 13:20:04"
D,METER_DATA,GEN_DUID,1,"2016/06/19 13:25:00",ERGT01,0,"2016/06/19 13:20:04"
D,METER_DATA,GEN_DUID,1,"2016/06/19 13:25:00",GB01,0.146591,"2016/06/19 13:20:04"
D,METER_DATA,GEN_DUID,1,"2016/06/19 13:25:00",GEORGTN1,0,"2016/06/19 13:20:04"
D,METER_DATA,GEN_DUID,1,"2016/06/19 13:25:00",GEORGTN2,0,"2016/06/19 13:20:04"
D,METER_DATA,GEN_DUID,1,"2016/06/19 13:25:00",GERMCRK,35.700001,"2016/06/19 13:20:04"
D,METER_DATA,GEN_DUID,1,"2016/06/19 13:25:00",INVICTA,31.200001,"2016/06/19 13:20:04"
D,METER_DATA,GEN_DUID,1,"2016/06/19 13:25:00",LKBONNY1,4.108231,"2016/06/19 13:20:04"
D,METER_DATA,GEN_DUID,1,"2016/06/19 13:25:00",MBAHNTH,59.493752,"2016/06/19 13:20:04"
D,METER_DATA,GEN_DUID,1,"2016/06/19 13:25:00",MEADOWB2,0,"2016/06/19 13:20:04"
D,METER_DATA,GEN_DUID,1,"2016/06/19 13:25:00",MLWF1,2.19,"2016/06/19 13:20:04"
D,METER_DATA,GEN_DUID,1,"2016/06/19 13:25:00",MTMILLAR,2.344013,"2016/06/19 13:20:04"
D,METER_DATA,GEN_DUID,1,"2016/06/19 13:25:00",PALOONA,22.83,"2016/06/19 13:20:04"
D,METER_DATA,GEN_DUID,1,"2016/06/19 13:25:00",PORTLAT1,0,"2016/06/19 13:20:04"
D,METER_DATA,GEN_DUID,1,"2016/06/19 13:25:00",PORTWF,14.10,"2016/06/19 13:20:04"
D,METER_DATA,GEN_DUID,1,"2016/06/19 13:25:00",QUERIVE1,-0.12,"2016/06/19 13:20:04"
D,METER_DATA,GEN_DUID,1,"2016/06/19 13:25:00",REPULSE,27.991795,"2016/06/19 13:20:04"
D,METER_DATA,GEN_DUID,1,"2016/06/19 13:25:00",ROWALLAN,10.1033,"2016/06/19 13:20:04"
D,METER_DATA,GEN_DUID,1,"2016/06/19 13:25:00",ROYALLA1,1.477003,"2016/06/19 13:20:04"
D,METER_DATA,GEN_DUID,1,"2016/06/19 13:25:00",RPCG,-0.20,"2016/06/19 13:20:04"
D,METER_DATA,GEN_DUID,1,"2016/06/19 13:25:00",RUBICON,0,"2016/06/19 13:20:04"
D,METER_DATA,GEN_DUID,1,"2016/06/19 13:25:00",STARHLWF,1.699504,"2016/06/19 13:20:04"
D,METER_DATA,GEN_DUID,1,"2016/06/19 13:25:00",WAUBRAWF,11.3830,"2016/06/19 13:20:04"
D,METER_DATA,GEN_DUID,1,"2016/06/19 13:25:00",WOOLNTH1,44.620018,"2016/06/19 13:20:04"
D,METER_DATA,GEN_DUID,1,"2016/06/19 13:25:00",WPWF,0,"2016/06/19 13:20:04"
D,METER_DATA,GEN_DUID,1,"2016/06/19 13:25:00",YAMBUKWF,2.40,"2016/06/19 13:20:04"
D,METER_DATA,GEN_DUID,1,"2016/06/19 13:30:00",BBDISEL1,0,"2016/06/19 13:25:04"
D,METER_DATA,GEN_DUID,1,"2016/06/19 13:30:00",BUTLERSG,7.799998,"2016/06/19 13:25:04"
D,METER_DATA,GEN_DUID,1,"2016/06/19 13:30:00",CALL_A_4,0,"2016/06/19 13:25:04"
D,METER_DATA,GEN_DUID,1,"2016/06/19 13:30:00",CAPTL_WF,102.960007,"2016/06/19 13:25:04"
D,METER_DATA,GEN_DUID,1,"2016/06/19 13:30:00",CATAGUN1,0,"2016/06/19 13:25:04"
D,METER_DATA,GEN_DUID,1,"2016/06/19 13:30:00",CATHROCK,0,"2016/06/19 13:25:04"
D,METER_DATA,GEN_DUID,1,"2016/06/19 13:30:00",CHALLHWF,5.20,"2016/06/19 13:25:04"
D,METER_DATA,GEN_DUID,1,"2016/06/19 13:30:00",CLOVER,24.379999,"2016/06/19 13:25:04"
D,METER_DATA,GEN_DUID,1,"2016/06/19 13:30:00",CLUNY,15.847610,"2016/06/19 13:25:04"
D,METER_DATA,GEN_DUID,1,"2016/06/19 13:30:00",CNUNDAWF,3.804438,"2016/06/19 13:25:04"
D,METER_DATA,GEN_DUID,1,"2016/06/19 13:30:00",CULLRGWF,11.46,"2016/06/19 13:25:04"
D,METER_DATA,GEN_DUID,1,"2016/06/19 13:30:00",ERGT01,0,"2016/06/19 13:25:04"
D,METER_DATA,GEN_DUID,1,"2016/06/19 13:30:00",GB01,0.146591,"2016/06/19 13:25:04"
D,METER_DATA,GEN_DUID,1,"2016/06/19 13:30:00",GEORGTN1,0,"2016/06/19 13:25:04"
D,METER_DATA,GEN_DUID,1,"2016/06/19 13:30:00",GEORGTN2,0,"2016/06/19 13:25:04"
D,METER_DATA,GEN_DUID,1,"2016/06/19 13:30:00",GERMCRK,36.200001,"2016/06/19 13:25:04"
D,METER_DATA,GEN_DUID,1,"2016/06/19 13:30:00",INVICTA,31.200001,"2016/06/19 13:25:04"
D,METER_DATA,GEN_DUID,1,"2016/06/19 13:30:00",LKBONNY1,5.001324,"2016/06/19 13:25:04"
D,METER_DATA,GEN_DUID,1,"2016/06/19 13:30:00",MBAHNTH,59.493752,"2016/06/19 13:25:04"
D,METER_DATA,GEN_DUID,1,"2016/06/19 13:30:00",MEADOWB2,0,"2016/06/19 13:25:04"
D,METER_DATA,GEN_DUID,1,"2016/06/19 13:30:00",MLWF1,2.6250,"2016/06/19 13:25:04"
D,METER_DATA,GEN_DUID,1,"2016/06/19 13:30:00",MTMILLAR,1.666854,"2016/06/19 13:25:04"
D,METER_DATA,GEN_DUID,1,"2016/06/19 13:30:00",PALOONA,22.83,"2016/06/19 13:25:04"
D,METER_DATA,GEN_DUID,1,"2016/06/19 13:30:00",PORTLAT1,0,"2016/06/19 13:25:04"
D,METER_DATA,GEN_DUID,1,"2016/06/19 13:30:00",PORTWF,15.90,"2016/06/19 13:25:04"
D,METER_DATA,GEN_DUID,1,"2016/06/19 13:30:00",QUERIVE1,-0.12,"2016/06/19 13:25:04"
D,METER_DATA,GEN_DUID,1,"2016/06/19 13:30:00",REPULSE,28.544390,"2016/06/19 13:25:04"
D,METER_DATA,GEN_DUID,1,"2016/06/19 13:30:00",ROWALLAN,9.8974,"2016/06/19 13:25:04"
D,METER_DATA,GEN_DUID,1,"2016/06/19 13:30:00",ROYALLA1,1.410003,"2016/06/19 13:25:04"
D,METER_DATA,GEN_DUID,1,"2016/06/19 13:30:00",RPCG,-0.20,"2016/06/19 13:25:04"
D,METER_DATA,GEN_DUID,1,"2016/06/19 13:30:00",RUBICON,0,"2016/06/19 13:25:04"
D,METER_DATA,GEN_DUID,1,"2016/06/19 13:30:00",STARHLWF,1.899446,"2016/06/19 13:25:04"
D,METER_DATA,GEN_DUID,1,"2016/06/19 13:30:00",WAUBRAWF,11.8510,"2016/06/19 13:25:04"
D,METER_DATA,GEN_DUID,1,"2016/06/19 13:30:00",WOOLNTH1,45.940018,"2016/06/19 13:25:04"
D,METER_DATA,GEN_DUID,1,"2016/06/19 13:30:00",WPWF,0,"2016/06/19 13:25:04"
D,METER_DATA,GEN_DUID,1,"2016/06/19 13:30:00",YAMBUKWF,2.40,"2016/06/19 13:25:04"
D,METER_DATA,GEN_DUID,1,"2016/06/19 13:35:00",BBDISEL1,0,"2016/06/19 13:30:04"
D,METER_DATA,GEN_DUID,1,"2016/06/19 13:35:00",BUTLERSG,7.799998,"2016/06/19 13:30:04"
D,METER_DATA,GEN_DUID,1,"2016/06/19 13:35:00",CALL_A_4,0,"2016/06/19 13:30:04"
D,METER_DATA,GEN_DUID,1,"2016/06/19 13:35:00",CAPTL_WF,93.260002,"2016/06/19 13:30:04"
D,METER_DATA,GEN_DUID,1,"2016/06/19 13:35:00",CATAGUN1,0,"2016/06/19 13:30:04"
D,METER_DATA,GEN_DUID,1,"2016/06/19 13:35:00",CATHROCK,1.44,"2016/06/19 13:30:04"
D,METER_DATA,GEN_DUID,1,"2016/06/19 13:35:00",CHALLHWF,4.30,"2016/06/19 13:30:04"
D,METER_DATA,GEN_DUID,1,"2016/06/19 13:35:00",CLOVER,24.34,"2016/06/19 13:30:04"
D,METER_DATA,GEN_DUID,1,"2016/06/19 13:35:00",CLUNY,15.376040,"2016/06/19 13:30:04"
D,METER_DATA,GEN_DUID,1,"2016/06/19 13:35:00",CNUNDAWF,3.804438,"2016/06/19 13:30:04"
D,METER_DATA,GEN_DUID,1,"2016/06/19 13:35:00",CULLRGWF,12.19,"2016/06/19 13:30:04"
D,METER_DATA,GEN_DUID,1,"2016/06/19 13:35:00",ERGT01,0,"2016/06/19 13:30:04"
D,METER_DATA,GEN_DUID,1,"2016/06/19 13:35:00",GB01,0.146591,"2016/06/19 13:30:04"
D,METER_DATA,GEN_DUID,1,"2016/06/19 13:35:00",GEORGTN1,0,"2016/06/19 13:30:04"
D,METER_DATA,GEN_DUID,1,"2016/06/19 13:35:00",GEORGTN2,0,"2016/06/19 13:30:04"
D,METER_DATA,GEN_DUID,1,"2016/06/19 13:35:00",GERMCRK,35.700001,"2016/06/19 13:30:04"
D,METER_DATA,GEN_DUID,1,"2016/06/19 13:35:00",INVICTA,31.200001,"2016/06/19 13:30:04"
D,METER_DATA,GEN_DUID,1,"2016/06/19 13:35:00",LKBONNY1,5.179943,"2016/06/19 13:30:04"
D,METER_DATA,GEN_DUID,1,"2016/06/19 13:35:00",MBAHNTH,59.493752,"2016/06/19 13:30:04"
D,METER_DATA,GEN_DUID,1,"2016/06/19 13:35:00",MEADOWB2,0,"2016/06/19 13:30:04"
D,METER_DATA,GEN_DUID,1,"2016/06/19 13:35:00",MLWF1,3.4950,"2016/06/19 13:30:04"
D,METER_DATA,GEN_DUID,1,"2016/06/19 13:35:00",MTMILLAR,1.339436,"2016/06/19 13:30:04"
D,METER_DATA,GEN_DUID,1,"2016/06/19 13:35:00",PALOONA,22.83,"2016/06/19 13:30:04"
D,METER_DATA,GEN_DUID,1,"2016/06/19 13:35:00",PORTLAT1,0,"2016/06/19 13:30:04"
D,METER_DATA,GEN_DUID,1,"2016/06/19 13:35:00",PORTWF,14.20,"2016/06/19 13:30:04"
D,METER_DATA,GEN_DUID,1,"2016/06/19 13:35:00",QUERIVE1,-0.12,"2016/06/19 13:30:04"
D,METER_DATA,GEN_DUID,1,"2016/06/19 13:35:00",REPULSE,27.667860,"2016/06/19 13:30:04"
D,METER_DATA,GEN_DUID,1,"2016/06/19 13:35:00",ROWALLAN,9.8548,"2016/06/19 13:30:04"
D,METER_DATA,GEN_DUID,1,"2016/06/19 13:35:00",ROYALLA1,0.822002,"2016/06/19 13:30:04"
D,METER_DATA,GEN_DUID,1,"2016/06/19 13:35:00",RPCG,-0.20,"2016/06/19 13:30:04"
D,METER_DATA,GEN_DUID,1,"2016/06/19 13:35:00",RUBICON,0,"2016/06/19 13:30:04"
D,METER_DATA,GEN_DUID,1,"2016/06/19 13:35:00",STARHLWF,1.499563,"2016/06/19 13:30:04"
D,METER_DATA,GEN_DUID,1,"2016/06/19 13:35:00",WAUBRAWF,12.7830,"2016/06/19 13:30:04"
D,METER_DATA,GEN_DUID,1,"2016/06/19 13:35:00",WOOLNTH1,47.940018,"2016/06/19 13:30:04"
D,METER_DATA,GEN_DUID,1,"2016/06/19 13:35:00",WPWF,1,"2016/06/19 13:30:04"
D,METER_DATA,GEN_DUID,1,"2016/06/19 13:35:00",YAMBUKWF,2.40,"2016/06/19 13:30:04"
D,METER_DATA,GEN_DUID,1,"2016/06/19 13:40:00",BBDISEL1,0,"2016/06/19 13:35:04"
D,METER_DATA,GEN_DUID,1,"2016/06/19 13:40:00",BUTLERSG,7.799998,"2016/06/19 13:35:04"
D,METER_DATA,GEN_DUID,1,"2016/06/19 13:40:00",CALL_A_4,0,"2016/06/19 13:35:04"
D,METER_DATA,GEN_DUID,1,"2016/06/19 13:40:00",CAPTL_WF,91.687996,"2016/06/19 13:35:04"
D,METER_DATA,GEN_DUID,1,"2016/06/19 13:40:00",CATAGUN1,0,"2016/06/19 13:35:04"
D,METER_DATA,GEN_DUID,1,"2016/06/19 13:40:00",CATHROCK,0,"2016/06/19 13:35:04"
D,METER_DATA,GEN_DUID,1,"2016/06/19 13:40:00",CHALLHWF,4.60,"2016/06/19 13:35:04"
D,METER_DATA,GEN_DUID,1,"2016/06/19 13:40:00",CLOVER,24.17,"2016/06/19 13:35:04"
D,METER_DATA,GEN_DUID,1,"2016/06/19 13:40:00",CLUNY,14.890181,"2016/06/19 13:35:04"
D,METER_DATA,GEN_DUID,1,"2016/06/19 13:40:00",CNUNDAWF,3.003504,"2016/06/19 13:35:04"
D,METER_DATA,GEN_DUID,1,"2016/06/19 13:40:00",CULLRGWF,11.68,"2016/06/19 13:35:04"
D,METER_DATA,GEN_DUID,1,"2016/06/19 13:40:00",ERGT01,0,"2016/06/19 13:35:04"
D,METER_DATA,GEN_DUID,1,"2016/06/19 13:40:00",GB01,0.145813,"2016/06/19 13:35:04"
D,METER_DATA,GEN_DUID,1,"2016/06/19 13:40:00",GEORGTN1,0,"2016/06/19 13:35:04"
D,METER_DATA,GEN_DUID,1,"2016/06/19 13:40:00",GEORGTN2,0,"2016/06/19 13:35:04"
D,METER_DATA,GEN_DUID,1,"2016/06/19 13:40:00",GERMCRK,36.400002,"2016/06/19 13:35:04"
D,METER_DATA,GEN_DUID,1,"2016/06/19 13:40:00",INVICTA,31.0250,"2016/06/19 13:35:04"
D,METER_DATA,GEN_DUID,1,"2016/06/19 13:40:00",LKBONNY1,5.001324,"2016/06/19 13:35:04"
D,METER_DATA,GEN_DUID,1,"2016/06/19 13:40:00",MBAHNTH,59.493752,"2016/06/19 13:35:04"
D,METER_DATA,GEN_DUID,1,"2016/06/19 13:40:00",MEADOWB2,0,"2016/06/19 13:35:04"
D,METER_DATA,GEN_DUID,1,"2016/06/19 13:40:00",MLWF1,2.88,"2016/06/19 13:35:04"
D,METER_DATA,GEN_DUID,1,"2016/06/19 13:40:00",MTMILLAR,1.428732,"2016/06/19 13:35:04"
D,METER_DATA,GEN_DUID,1,"2016/06/19 13:40:00",PALOONA,22.92,"2016/06/19 13:35:04"
D,METER_DATA,GEN_DUID,1,"2016/06/19 13:40:00",PORTLAT1,0,"2016/06/19 13:35:04"
D,METER_DATA,GEN_DUID,1,"2016/06/19 13:40:00",PORTWF,12.10,"2016/06/19 13:35:04"
D,METER_DATA,GEN_DUID,1,"2016/06/19 13:40:00",QUERIVE1,-0.12,"2016/06/19 13:35:04"
D,METER_DATA,GEN_DUID,1,"2016/06/19 13:40:00",REPULSE,27.915575,"2016/06/19 13:35:04"
D,METER_DATA,GEN_DUID,1,"2016/06/19 13:40:00",ROWALLAN,9.876101,"2016/06/19 13:35:04"
D,METER_DATA,GEN_DUID,1,"2016/06/19 13:40:00",ROYALLA1,1.245003,"2016/06/19 13:35:04"
D,METER_DATA,GEN_DUID,1,"2016/06/19 13:40:00",RPCG,-0.20,"2016/06/19 13:35:04"
D,METER_DATA,GEN_DUID,1,"2016/06/19 13:40:00",RUBICON,0,"2016/06/19 13:35:04"
D,METER_DATA,GEN_DUID,1,"2016/06/19 13:40:00",STARHLWF,1.499563,"2016/06/19 13:35:04"
D,METER_DATA,GEN_DUID,1,"2016/06/19 13:40:00",WAUBRAWF,13.0920,"2016/06/19 13:35:04"
D,METER_DATA,GEN_DUID,1,"2016/06/19 13:40:00",WOOLNTH1,47.420017,"2016/06/19 13:35:04"
D,METER_DATA,GEN_DUID,1,"2016/06/19 13:40:00",WPWF,1,"2016/06/19 13:35:04"
D,METER_DATA,GEN_DUID,1,"2016/06/19 13:40:00",YAMBUKWF,3.10,"2016/06/19 13:35:04"
D,METER_DATA,GEN_DUID,1,"2016/06/19 13:45:00",BBDISEL1,0,"2016/06/19 13:40:04"
D,METER_DATA,GEN_DUID,1,"2016/06/19 13:45:00",BUTLERSG,7.799998,"2016/06/19 13:40:04"
D,METER_DATA,GEN_DUID,1,"2016/06/19 13:45:00",CALL_A_4,0,"2016/06/19 13:40:04"
D,METER_DATA,GEN_DUID,1,"2016/06/19 13:45:00",CAPTL_WF,87.095993,"2016/06/19 13:40:04"
D,METER_DATA,GEN_DUID,1,"2016/06/19 13:45:00",CATAGUN1,0,"2016/06/19 13:40:04"
D,METER_DATA,GEN_DUID,1,"2016/06/19 13:45:00",CATHROCK,1.43,"2016/06/19 13:40:04"
D,METER_DATA,GEN_DUID,1,"2016/06/19 13:45:00",CHALLHWF,4.20,"2016/06/19 13:40:04"
D,METER_DATA,GEN_DUID,1,"2016/06/19 13:45:00",CLOVER,24.389999,"2016/06/19 13:40:04"
D,METER_DATA,GEN_DUID,1,"2016/06/19 13:45:00",CLUNY,14.790151,"2016/06/19 13:40:04"
D,METER_DATA,GEN_DUID,1,"2016/06/19 13:45:00",CNUNDAWF,2.202569,"2016/06/19 13:40:04"
D,METER_DATA,GEN_DUID,1,"2016/06/19 13:45:00",CULLRGWF,11.74,"2016/06/19 13:40:04"
D,METER_DATA,GEN_DUID,1,"2016/06/19 13:45:00",ERGT01,0,"2016/06/19 13:40:04"
D,METER_DATA,GEN_DUID,1,"2016/06/19 13:45:00",GB01,0.145813,"2016/06/19 13:40:04"
D,METER_DATA,GEN_DUID,1,"2016/06/19 13:45:00",GEORGTN1,0,"2016/06/19 13:40:04"
D,METER_DATA,GEN_DUID,1,"2016/06/19 13:45:00",GEORGTN2,0,"2016/06/19 13:40:04"
D,METER_DATA,GEN_DUID,1,"2016/06/19 13:45:00",GERMCRK,36,"2016/06/19 13:40:04"
D,METER_DATA,GEN_DUID,1,"2016/06/19 13:45:00",INVICTA,28.2750,"2016/06/19 13:40:04"
D,METER_DATA,GEN_DUID,1,"2016/06/19 13:45:00",LKBONNY1,4.197540,"2016/06/19 13:40:04"
D,METER_DATA,GEN_DUID,1,"2016/06/19 13:45:00",MBAHNTH,59.493752,"2016/06/19 13:40:04"
D,METER_DATA,GEN_DUID,1,"2016/06/19 13:45:00",MEADOWB2,0,"2016/06/19 13:40:04"
D,METER_DATA,GEN_DUID,1,"2016/06/19 13:45:00",MLWF1,2.6850,"2016/06/19 13:40:04"
D,METER_DATA,GEN_DUID,1,"2016/06/19 13:45:00",MTMILLAR,0.744131,"2016/06/19 13:40:04"
D,METER_DATA,GEN_DUID,1,"2016/06/19 13:45:00",PALOONA,22.76,"2016/06/19 13:40:04"
D,METER_DATA,GEN_DUID,1,"2016/06/19 13:45:00",PORTLAT1,0,"2016/06/19 13:40:04"
D,METER_DATA,GEN_DUID,1,"2016/06/19 13:45:00",PORTWF,11.50,"2016/06/19 13:40:04"
D,METER_DATA,GEN_DUID,1,"2016/06/19 13:45:00",QUERIVE1,-0.12,"2016/06/19 13:40:04"
D,METER_DATA,GEN_DUID,1,"2016/06/19 13:45:00",REPULSE,27.305815,"2016/06/19 13:40:04"
D,METER_DATA,GEN_DUID,1,"2016/06/19 13:45:00",ROWALLAN,9.9755,"2016/06/19 13:40:04"
D,METER_DATA,GEN_DUID,1,"2016/06/19 13:45:00",ROYALLA1,1.483003,"2016/06/19 13:40:04"
D,METER_DATA,GEN_DUID,1,"2016/06/19 13:45:00",RPCG,-0.20,"2016/06/19 13:40:04"
D,METER_DATA,GEN_DUID,1,"2016/06/19 13:45:00",RUBICON,0,"2016/06/19 13:40:04"
D,METER_DATA,GEN_DUID,1,"2016/06/19 13:45:00",STARHLWF,2.099388,"2016/06/19 13:40:04"
D,METER_DATA,GEN_DUID,1,"2016/06/19 13:45:00",WAUBRAWF,13.7980,"2016/06/19 13:40:04"
D,METER_DATA,GEN_DUID,1,"2016/06/19 13:45:00",WOOLNTH1,52.760017,"2016/06/19 13:40:04"
D,METER_DATA,GEN_DUID,1,"2016/06/19 13:45:00",WPWF,0,"2016/06/19 13:40:04"
D,METER_DATA,GEN_DUID,1,"2016/06/19 13:45:00",YAMBUKWF,2.10,"2016/06/19 13:40:04"
D,METER_DATA,GEN_DUID,1,"2016/06/19 13:50:00",BBDISEL1,0,"2016/06/19 13:45:05"
D,METER_DATA,GEN_DUID,1,"2016/06/19 13:50:00",BUTLERSG,7.799998,"2016/06/19 13:45:05"
D,METER_DATA,GEN_DUID,1,"2016/06/19 13:50:00",CALL_A_4,0,"2016/06/19 13:45:05"
D,METER_DATA,GEN_DUID,1,"2016/06/19 13:50:00",CAPTL_WF,85.127998,"2016/06/19 13:45:05"
D,METER_DATA,GEN_DUID,1,"2016/06/19 13:50:00",CATAGUN1,0,"2016/06/19 13:45:05"
D,METER_DATA,GEN_DUID,1,"2016/06/19 13:50:00",CATHROCK,2.27,"2016/06/19 13:45:05"
D,METER_DATA,GEN_DUID,1,"2016/06/19 13:50:00",CHALLHWF,4.70,"2016/06/19 13:45:05"
D,METER_DATA,GEN_DUID,1,"2016/06/19 13:50:00",CLOVER,24.549999,"2016/06/19 13:45:05"
D,METER_DATA,GEN_DUID,1,"2016/06/19 13:50:00",CLUNY,14.847310,"2016/06/19 13:45:05"
D,METER_DATA,GEN_DUID,1,"2016/06/19 13:50:00",CNUNDAWF,1.001168,"2016/06/19 13:45:05"
D,METER_DATA,GEN_DUID,1,"2016/06/19 13:50:00",CULLRGWF,13.97,"2016/06/19 13:45:05"
D,METER_DATA,GEN_DUID,1,"2016/06/19 13:50:00",ERGT01,0,"2016/06/19 13:45:05"
D,METER_DATA,GEN_DUID,1,"2016/06/19 13:50:00",GB01,0.145813,"2016/06/19 13:45:05"
D,METER_DATA,GEN_DUID,1,"2016/06/19 13:50:00",GEORGTN1,0,"2016/06/19 13:45:05"
D,METER_DATA,GEN_DUID,1,"2016/06/19 13:50:00",GEORGTN2,0,"2016/06/19 13:45:05"
D,METER_DATA,GEN_DUID,1,"2016/06/19 13:50:00",GERMCRK,34.099998,"2016/06/19 13:45:05"
D,METER_DATA,GEN_DUID,1,"2016/06/19 13:50:00",INVICTA,28.2750,"2016/06/19 13:45:05"
D,METER_DATA,GEN_DUID,1,"2016/06/19 13:50:00",LKBONNY1,3.393756,"2016/06/19 13:45:05"
D,METER_DATA,GEN_DUID,1,"2016/06/19 13:50:00",MBAHNTH,59.493752,"2016/06/19 13:45:05"
D,METER_DATA,GEN_DUID,1,"2016/06/19 13:50:00",MEADOWB2,0,"2016/06/19 13:45:05"
D,METER_DATA,GEN_DUID,1,"2016/06/19 13:50:00",MLWF1,2.5350,"2016/06/19 13:45:05"
D,METER_DATA,GEN_DUID,1,"2016/06/19 13:50:00",MTMILLAR,0.736690,"2016/06/19 13:45:05"
D,METER_DATA,GEN_DUID,1,"2016/06/19 13:50:00",PALOONA,22.869999,"2016/06/19 13:45:05"
D,METER_DATA,GEN_DUID,1,"2016/06/19 13:50:00",PORTLAT1,0,"2016/06/19 13:45:05"
D,METER_DATA,GEN_DUID,1,"2016/06/19 13:50:00",PORTWF,11.20,"2016/06/19 13:45:05"
D,METER_DATA,GEN_DUID,1,"2016/06/19 13:50:00",QUERIVE1,-0.13,"2016/06/19 13:45:05"
D,METER_DATA,GEN_DUID,1,"2016/06/19 13:50:00",REPULSE,27.782190,"2016/06/19 13:45:05"
D,METER_DATA,GEN_DUID,1,"2016/06/19 13:50:00",ROWALLAN,10.067801,"2016/06/19 13:45:05"
D,METER_DATA,GEN_DUID,1,"2016/06/19 13:50:00",ROYALLA1,1.257003,"2016/06/19 13:45:05"
D,METER_DATA,GEN_DUID,1,"2016/06/19 13:50:00",RPCG,-0.20,"2016/06/19 13:45:05"
D,METER_DATA,GEN_DUID,1,"2016/06/19 13:50:00",RUBICON,0,"2016/06/19 13:45:05"
D,METER_DATA,GEN_DUID,1,"2016/06/19 13:50:00",STARHLWF,2.099388,"2016/06/19 13:45:05"
D,METER_DATA,GEN_DUID,1,"2016/06/19 13:50:00",WAUBRAWF,15.9040,"2016/06/19 13:45:05"
D,METER_DATA,GEN_DUID,1,"2016/06/19 13:50:00",WOOLNTH1,50.690018,"2016/06/19 13:45:05"
D,METER_DATA,GEN_DUID,1,"2016/06/19 13:50:00",WPWF,1,"2016/06/19 13:45:05"
D,METER_DATA,GEN_DUID,1,"2016/06/19 13:50:00",YAMBUKWF,1.50,"2016/06/19 13:45:05"
D,METER_DATA,GEN_DUID,1,"2016/06/19 13:55:00",BBDISEL1,0,"2016/06/19 13:50:05"
D,METER_DATA,GEN_DUID,1,"2016/06/19 13:55:00",BUTLERSG,7.799998,"2016/06/19 13:50:05"
D,METER_DATA,GEN_DUID,1,"2016/06/19 13:55:00",CALL_A_4,0,"2016/06/19 13:50:05"
D,METER_DATA,GEN_DUID,1,"2016/06/19 13:55:00",CAPTL_WF,84.412003,"2016/06/19 13:50:05"
D,METER_DATA,GEN_DUID,1,"2016/06/19 13:55:00",CATAGUN1,0,"2016/06/19 13:50:05"
D,METER_DATA,GEN_DUID,1,"2016/06/19 13:55:00",CATHROCK,2.21,"2016/06/19 13:50:05"
D,METER_DATA,GEN_DUID,1,"2016/06/19 13:55:00",CHALLHWF,5.20,"2016/06/19 13:50:05"
D,METER_DATA,GEN_DUID,1,"2016/06/19 13:55:00",CLOVER,24.669998,"2016/06/19 13:50:05"
D,METER_DATA,GEN_DUID,1,"2016/06/19 13:55:00",CLUNY,15.776160,"2016/06/19 13:50:05"
D,METER_DATA,GEN_DUID,1,"2016/06/19 13:55:00",CNUNDAWF,1.001168,"2016/06/19 13:50:05"
D,METER_DATA,GEN_DUID,1,"2016/06/19 13:55:00",CULLRGWF,14.32,"2016/06/19 13:50:05"
D,METER_DATA,GEN_DUID,1,"2016/06/19 13:55:00",ERGT01,0,"2016/06/19 13:50:05"
D,METER_DATA,GEN_DUID,1,"2016/06/19 13:55:00",GB01,0.145813,"2016/06/19 13:50:05"
D,METER_DATA,GEN_DUID,1,"2016/06/19 13:55:00",GEORGTN1,0,"2016/06/19 13:50:05"
D,METER_DATA,GEN_DUID,1,"2016/06/19 13:55:00",GEORGTN2,0,"2016/06/19 13:50:05"
D,METER_DATA,GEN_DUID,1,"2016/06/19 13:55:00",GERMCRK,34.200001,"2016/06/19 13:50:05"
D,METER_DATA,GEN_DUID,1,"2016/06/19 13:55:00",INVICTA,30.50,"2016/06/19 13:50:05"
D,METER_DATA,GEN_DUID,1,"2016/06/19 13:55:00",LKBONNY1,1.875497,"2016/06/19 13:50:05"
D,METER_DATA,GEN_DUID,1,"2016/06/19 13:55:00",MBAHNTH,59.493752,"2016/06/19 13:50:05"
D,METER_DATA,GEN_DUID,1,"2016/06/19 13:55:00",MEADOWB2,0,"2016/06/19 13:50:05"
D,METER_DATA,GEN_DUID,1,"2016/06/19 13:55:00",MLWF1,2.2650,"2016/06/19 13:50:05"
D,METER_DATA,GEN_DUID,1,"2016/06/19 13:55:00",MTMILLAR,1.339436,"2016/06/19 13:50:05"
D,METER_DATA,GEN_DUID,1,"2016/06/19 13:55:00",PALOONA,22.869999,"2016/06/19 13:50:05"
D,METER_DATA,GEN_DUID,1,"2016/06/19 13:55:00",PORTLAT1,0,"2016/06/19 13:50:05"
D,METER_DATA,GEN_DUID,1,"2016/06/19 13:55:00",PORTWF,11.70,"2016/06/19 13:50:05"
D,METER_DATA,GEN_DUID,1,"2016/06/19 13:55:00",QUERIVE1,-0.13,"2016/06/19 13:50:05"
D,METER_DATA,GEN_DUID,1,"2016/06/19 13:55:00",REPULSE,29.001709,"2016/06/19 13:50:05"
D,METER_DATA,GEN_DUID,1,"2016/06/19 13:55:00",ROWALLAN,10.3092,"2016/06/19 13:50:05"
D,METER_DATA,GEN_DUID,1,"2016/06/19 13:55:00",ROYALLA1,1.388003,"2016/06/19 13:50:05"
D,METER_DATA,GEN_DUID,1,"2016/06/19 13:55:00",RPCG,-0.20,"2016/06/19 13:50:05"
D,METER_DATA,GEN_DUID,1,"2016/06/19 13:55:00",RUBICON,0,"2016/06/19 13:50:05"
D,METER_DATA,GEN_DUID,1,"2016/06/19 13:55:00",STARHLWF,1.599534,"2016/06/19 13:50:05"
D,METER_DATA,GEN_DUID,1,"2016/06/19 13:55:00",WAUBRAWF,17.249001,"2016/06/19 13:50:05"
D,METER_DATA,GEN_DUID,1,"2016/06/19 13:55:00",WOOLNTH1,47.440018,"2016/06/19 13:50:05"
D,METER_DATA,GEN_DUID,1,"2016/06/19 13:55:00",WPWF,1,"2016/06/19 13:50:05"
D,METER_DATA,GEN_DUID,1,"2016/06/19 13:55:00",YAMBUKWF,1.50,"2016/06/19 13:50:05"
D,METER_DATA,GEN_DUID,1,"2016/06/19 14:00:00",BBDISEL1,0,"2016/06/19 13:55:05"
D,METER_DATA,GEN_DUID,1,"2016/06/19 14:00:00",BUTLERSG,7.799998,"2016/06/19 13:55:05"
D,METER_DATA,GEN_DUID,1,"2016/06/19 14:00:00",CALL_A_4,0,"2016/06/19 13:55:05"
D,METER_DATA,GEN_DUID,1,"2016/06/19 14:00:00",CAPTL_WF,84.148003,"2016/06/19 13:55:05"
D,METER_DATA,GEN_DUID,1,"2016/06/19 14:00:00",CATAGUN1,0,"2016/06/19 13:55:05"
D,METER_DATA,GEN_DUID,1,"2016/06/19 14:00:00",CATHROCK,1.37,"2016/06/19 13:55:05"
D,METER_DATA,GEN_DUID,1,"2016/06/19 14:00:00",CHALLHWF,4.70,"2016/06/19 13:55:05"
D,METER_DATA,GEN_DUID,1,"2016/06/19 14:00:00",CLOVER,24.110001,"2016/06/19 13:55:05"
D,METER_DATA,GEN_DUID,1,"2016/06/19 14:00:00",CLUNY,15.204560,"2016/06/19 13:55:05"
D,METER_DATA,GEN_DUID,1,"2016/06/19 14:00:00",CNUNDAWF,1.001168,"2016/06/19 13:55:05"
D,METER_DATA,GEN_DUID,1,"2016/06/19 14:00:00",CULLRGWF,14.94,"2016/06/19 13:55:05"
D,METER_DATA,GEN_DUID,1,"2016/06/19 14:00:00",ERGT01,0,"2016/06/19 13:55:05"
D,METER_DATA,GEN_DUID,1,"2016/06/19 14:00:00",GB01,0.145813,"2016/06/19 13:55:05"
D,METER_DATA,GEN_DUID,1,"2016/06/19 14:00:00",GEORGTN1,0,"2016/06/19 13:55:05"
D,METER_DATA,GEN_DUID,1,"2016/06/19 14:00:00",GEORGTN2,0,"2016/06/19 13:55:05"
D,METER_DATA,GEN_DUID,1,"2016/06/19 14:00:00",GERMCRK,34.200001,"2016/06/19 13:55:05"
D,METER_DATA,GEN_DUID,1,"2016/06/19 14:00:00",INVICTA,30.50,"2016/06/19 13:55:05"
D,METER_DATA,GEN_DUID,1,"2016/06/19 14:00:00",LKBONNY1,2.679281,"2016/06/19 13:55:05"
D,METER_DATA,GEN_DUID,1,"2016/06/19 14:00:00",MBAHNTH,59.493752,"2016/06/19 13:55:05"
D,METER_DATA,GEN_DUID,1,"2016/06/19 14:00:00",MEADOWB2,0,"2016/06/19 13:55:05"
D,METER_DATA,GEN_DUID,1,"2016/06/19 14:00:00",MLWF1,2.8350,"2016/06/19 13:55:05"
D,METER_DATA,GEN_DUID,1,"2016/06/19 14:00:00",MTMILLAR,1.838004,"2016/06/19 13:55:05"
D,METER_DATA,GEN_DUID,1,"2016/06/19 14:00:00",PALOONA,22.869999,"2016/06/19 13:55:05"
D,METER_DATA,GEN_DUID,1,"2016/06/19 14:00:00",PORTLAT1,0,"2016/06/19 13:55:05"
D,METER_DATA,GEN_DUID,1,"2016/06/19 14:00:00",PORTWF,10.60,"2016/06/19 13:55:05"
D,METER_DATA,GEN_DUID,1,"2016/06/19 14:00:00",QUERIVE1,-0.13,"2016/06/19 13:55:05"
D,METER_DATA,GEN_DUID,1,"2016/06/19 14:00:00",REPULSE,28.334784,"2016/06/19 13:55:05"
D,METER_DATA,GEN_DUID,1,"2016/06/19 14:00:00",ROWALLAN,9.8690,"2016/06/19 13:55:05"
D,METER_DATA,GEN_DUID,1,"2016/06/19 14:00:00",ROYALLA1,1.366003,"2016/06/19 13:55:05"
D,METER_DATA,GEN_DUID,1,"2016/06/19 14:00:00",RPCG,-0.20,"2016/06/19 13:55:05"
D,METER_DATA,GEN_DUID,1,"2016/06/19 14:00:00",RUBICON,0,"2016/06/19 13:55:05"
D,METER_DATA,GEN_DUID,1,"2016/06/19 14:00:00",STARHLWF,2.299330,"2016/06/19 13:55:05"
D,METER_DATA,GEN_DUID,1,"2016/06/19 14:00:00",WAUBRAWF,18.77,"2016/06/19 13:55:05"
D,METER_DATA,GEN_DUID,1,"2016/06/19 14:00:00",WOOLNTH1,48.090019,"2016/06/19 13:55:05"
D,METER_DATA,GEN_DUID,1,"2016/06/19 14:00:00",WPWF,0,"2016/06/19 13:55:05"
D,METER_DATA,GEN_DUID,1,"2016/06/19 14:00:00",YAMBUKWF,1.40,"2016/06/19 13:55:05"
D,METER_DATA,GEN_DUID,1,"2016/06/19 14:05:00",BBDISEL1,0,"2016/06/19 14:00:05"
D,METER_DATA,GEN_DUID,1,"2016/06/19 14:05:00",BUTLERSG,7.799998,"2016/06/19 14:00:05"
D,METER_DATA,GEN_DUID,1,"2016/06/19 14:05:00",CALL_A_4,0,"2016/06/19 14:00:05"
D,METER_DATA,GEN_DUID,1,"2016/06/19 14:05:00",CAPTL_WF,85.331993,"2016/06/19 14:00:05"
D,METER_DATA,GEN_DUID,1,"2016/06/19 14:05:00",CATAGUN1,0,"2016/06/19 14:00:05"
D,METER_DATA,GEN_DUID,1,"2016/06/19 14:05:00",CATHROCK,0,"2016/06/19 14:00:05"
D,METER_DATA,GEN_DUID,1,"2016/06/19 14:05:00",CHALLHWF,4.40,"2016/06/19 14:00:05"
D,METER_DATA,GEN_DUID,1,"2016/06/19 14:05:00",CLOVER,24.35,"2016/06/19 14:00:05"
D,METER_DATA,GEN_DUID,1,"2016/06/19 14:05:00",CLUNY,15.647551,"2016/06/19 14:00:05"
D,METER_DATA,GEN_DUID,1,"2016/06/19 14:05:00",CNUNDAWF,1.301518,"2016/06/19 14:00:05"
D,METER_DATA,GEN_DUID,1,"2016/06/19 14:05:00",CULLRGWF,14.77,"2016/06/19 14:00:05"
D,METER_DATA,GEN_DUID,1,"2016/06/19 14:05:00",ERGT01,0,"2016/06/19 14:00:05"
D,METER_DATA,GEN_DUID,1,"2016/06/19 14:05:00",GB01,0.145813,"2016/06/19 14:00:05"
D,METER_DATA,GEN_DUID,1,"2016/06/19 14:05:00",GEORGTN1,0,"2016/06/19 14:00:05"
D,METER_DATA,GEN_DUID,1,"2016/06/19 14:05:00",GEORGTN2,0,"2016/06/19 14:00:05"
D,METER_DATA,GEN_DUID,1,"2016/06/19 14:05:00",GERMCRK,34.299999,"2016/06/19 14:00:05"
D,METER_DATA,GEN_DUID,1,"2016/06/19 14:05:00",INVICTA,30.50,"2016/06/19 14:00:05"
D,METER_DATA,GEN_DUID,1,"2016/06/19 14:05:00",LKBONNY1,2.322043,"2016/06/19 14:00:05"
D,METER_DATA,GEN_DUID,1,"2016/06/19 14:05:00",MBAHNTH,59.493752,"2016/06/19 14:00:05"
D,METER_DATA,GEN_DUID,1,"2016/06/19 14:05:00",MEADOWB2,0,"2016/06/19 14:00:05"
D,METER_DATA,GEN_DUID,1,"2016/06/19 14:05:00",MLWF1,1.6650,"2016/06/19 14:00:05"
D,METER_DATA,GEN_DUID,1,"2016/06/19 14:05:00",MTMILLAR,2.485398,"2016/06/19 14:00:05"
D,METER_DATA,GEN_DUID,1,"2016/06/19 14:05:00",PALOONA,22.869999,"2016/06/19 14:00:05"
D,METER_DATA,GEN_DUID,1,"2016/06/19 14:05:00",PORTLAT1,0,"2016/06/19 14:00:05"
D,METER_DATA,GEN_DUID,1,"2016/06/19 14:05:00",PORTWF,10.60,"2016/06/19 14:00:05"
D,METER_DATA,GEN_DUID,1,"2016/06/19 14:05:00",QUERIVE1,-0.13,"2016/06/19 14:00:05"
D,METER_DATA,GEN_DUID,1,"2016/06/19 14:05:00",REPULSE,28.639664,"2016/06/19 14:00:05"
D,METER_DATA,GEN_DUID,1,"2016/06/19 14:05:00",ROWALLAN,9.9755,"2016/06/19 14:00:05"
D,METER_DATA,GEN_DUID,1,"2016/06/19 14:05:00",ROYALLA1,1.149003,"2016/06/19 14:00:05"
D,METER_DATA,GEN_DUID,1,"2016/06/19 14:05:00",RPCG,-0.20,"2016/06/19 14:00:05"
D,METER_DATA,GEN_DUID,1,"2016/06/19 14:05:00",RUBICON,0,"2016/06/19 14:00:05"
D,METER_DATA,GEN_DUID,1,"2016/06/19 14:05:00",STARHLWF,2.199359,"2016/06/19 14:00:05"
D,METER_DATA,GEN_DUID,1,"2016/06/19 14:05:00",WAUBRAWF,19.558001,"2016/06/19 14:00:05"
D,METER_DATA,GEN_DUID,1,"2016/06/19 14:05:00",WOOLNTH1,49.010017,"2016/06/19 14:00:05"
D,METER_DATA,GEN_DUID,1,"2016/06/19 14:05:00",WPWF,0,"2016/06/19 14:00:05"
D,METER_DATA,GEN_DUID,1,"2016/06/19 14:05:00",YAMBUKWF,1.50,"2016/06/19 14:00:05"
D,METER_DATA,GEN_DUID,1,"2016/06/19 14:10:00",BBDISEL1,0,"2016/06/19 14:05:04"
D,METER_DATA,GEN_DUID,1,"2016/06/19 14:10:00",BUTLERSG,7.799998,"2016/06/19 14:05:04"
D,METER_DATA,GEN_DUID,1,"2016/06/19 14:10:00",CALL_A_4,0,"2016/06/19 14:05:04"
D,METER_DATA,GEN_DUID,1,"2016/06/19 14:10:00",CAPTL_WF,85.199997,"2016/06/19 14:05:04"
D,METER_DATA,GEN_DUID,1,"2016/06/19 14:10:00",CATAGUN1,0,"2016/06/19 14:05:04"
D,METER_DATA,GEN_DUID,1,"2016/06/19 14:10:00",CATHROCK,0,"2016/06/19 14:05:04"
D,METER_DATA,GEN_DUID,1,"2016/06/19 14:10:00",CHALLHWF,5,"2016/06/19 14:05:04"
D,METER_DATA,GEN_DUID,1,"2016/06/19 14:10:00",CLOVER,23.93,"2016/06/19 14:05:04"
D,METER_DATA,GEN_DUID,1,"2016/06/19 14:10:00",CLUNY,15.8619,"2016/06/19 14:05:04"
D,METER_DATA,GEN_DUID,1,"2016/06/19 14:10:00",CNUNDAWF,2.102453,"2016/06/19 14:05:04"
D,METER_DATA,GEN_DUID,1,"2016/06/19 14:10:00",CULLRGWF,14.89,"2016/06/19 14:05:04"
D,METER_DATA,GEN_DUID,1,"2016/06/19 14:10:00",ERGT01,0,"2016/06/19 14:05:04"
D,METER_DATA,GEN_DUID,1,"2016/06/19 14:10:00",GB01,0.145813,"2016/06/19 14:05:04"
D,METER_DATA,GEN_DUID,1,"2016/06/19 14:10:00",GEORGTN1,0,"2016/06/19 14:05:04"
D,METER_DATA,GEN_DUID,1,"2016/06/19 14:10:00",GEORGTN2,0,"2016/06/19 14:05:04"
D,METER_DATA,GEN_DUID,1,"2016/06/19 14:10:00",GERMCRK,33.900002,"2016/06/19 14:05:04"
D,METER_DATA,GEN_DUID,1,"2016/06/19 14:10:00",INVICTA,31.5250,"2016/06/19 14:05:04"
D,METER_DATA,GEN_DUID,1,"2016/06/19 14:10:00",LKBONNY1,2.8579,"2016/06/19 14:05:04"
D,METER_DATA,GEN_DUID,1,"2016/06/19 14:10:00",MBAHNTH,59.493752,"2016/06/19 14:05:04"
D,METER_DATA,GEN_DUID,1,"2016/06/19 14:10:00",MEADOWB2,0,"2016/06/19 14:05:04"
D,METER_DATA,GEN_DUID,1,"2016/06/19 14:10:00",MLWF1,2.8050,"2016/06/19 14:05:04"
D,METER_DATA,GEN_DUID,1,"2016/06/19 14:10:00",MTMILLAR,2.091008,"2016/06/19 14:05:04"
D,METER_DATA,GEN_DUID,1,"2016/06/19 14:10:00",PALOONA,22.869999,"2016/06/19 14:05:04"
D,METER_DATA,GEN_DUID,1,"2016/06/19 14:10:00",PORTLAT1,0,"2016/06/19 14:05:04"
D,METER_DATA,GEN_DUID,1,"2016/06/19 14:10:00",PORTWF,13,"2016/06/19 14:05:04"
D,METER_DATA,GEN_DUID,1,"2016/06/19 14:10:00",QUERIVE1,-0.12,"2016/06/19 14:05:04"
D,METER_DATA,GEN_DUID,1,"2016/06/19 14:10:00",REPULSE,28.220455,"2016/06/19 14:05:04"
D,METER_DATA,GEN_DUID,1,"2016/06/19 14:10:00",ROWALLAN,9.6986,"2016/06/19 14:05:04"
D,METER_DATA,GEN_DUID,1,"2016/06/19 14:10:00",ROYALLA1,0,"2016/06/19 14:05:04"
D,METER_DATA,GEN_DUID,1,"2016/06/19 14:10:00",RPCG,-0.20,"2016/06/19 14:05:04"
D,METER_DATA,GEN_DUID,1,"2016/06/19 14:10:00",RUBICON,0,"2016/06/19 14:05:04"
D,METER_DATA,GEN_DUID,1,"2016/06/19 14:10:00",STARHLWF,3.399009,"2016/06/19 14:05:04"
D,METER_DATA,GEN_DUID,1,"2016/06/19 14:10:00",WAUBRAWF,18.5870,"2016/06/19 14:05:04"
D,METER_DATA,GEN_DUID,1,"2016/06/19 14:10:00",WOOLNTH1,52.300014,"2016/06/19 14:05:04"
D,METER_DATA,GEN_DUID,1,"2016/06/19 14:10:00",WPWF,0,"2016/06/19 14:05:04"
D,METER_DATA,GEN_DUID,1,"2016/06/19 14:10:00",YAMBUKWF,2,"2016/06/19 14:05:04"
D,METER_DATA,GEN_DUID,1,"2016/06/19 14:15:00",BBDISEL1,0,"2016/06/19 14:10:04"
D,METER_DATA,GEN_DUID,1,"2016/06/19 14:15:00",BUTLERSG,7.799998,"2016/06/19 14:10:04"
D,METER_DATA,GEN_DUID,1,"2016/06/19 14:15:00",CALL_A_4,0,"2016/06/19 14:10:04"
D,METER_DATA,GEN_DUID,1,"2016/06/19 14:15:00",CAPTL_WF,87.2920,"2016/06/19 14:10:04"
D,METER_DATA,GEN_DUID,1,"2016/06/19 14:15:00",CATAGUN1,0,"2016/06/19 14:10:04"
D,METER_DATA,GEN_DUID,1,"2016/06/19 14:15:00",CATHROCK,0,"2016/06/19 14:10:04"
D,METER_DATA,GEN_DUID,1,"2016/06/19 14:15:00",CHALLHWF,4.70,"2016/06/19 14:10:04"
D,METER_DATA,GEN_DUID,1,"2016/06/19 14:15:00",CLOVER,24.34,"2016/06/19 14:10:04"
D,METER_DATA,GEN_DUID,1,"2016/06/19 14:15:00",CLUNY,15.118820,"2016/06/19 14:10:04"
D,METER_DATA,GEN_DUID,1,"2016/06/19 14:15:00",CNUNDAWF,2.502920,"2016/06/19 14:10:04"
D,METER_DATA,GEN_DUID,1,"2016/06/19 14:15:00",CULLRGWF,14.48,"2016/06/19 14:10:04"
D,METER_DATA,GEN_DUID,1,"2016/06/19 14:15:00",ERGT01,0,"2016/06/19 14:10:04"
D,METER_DATA,GEN_DUID,1,"2016/06/19 14:15:00",GB01,0.145813,"2016/06/19 14:10:04"
D,METER_DATA,GEN_DUID,1,"2016/06/19 14:15:00",GEORGTN1,0,"2016/06/19 14:10:04"
D,METER_DATA,GEN_DUID,1,"2016/06/19 14:15:00",GEORGTN2,0,"2016/06/19 14:10:04"
D,METER_DATA,GEN_DUID,1,"2016/06/19 14:15:00",GERMCRK,33.900002,"2016/06/19 14:10:04"
D,METER_DATA,GEN_DUID,1,"2016/06/19 14:15:00",INVICTA,32.700001,"2016/06/19 14:10:04"
D,METER_DATA,GEN_DUID,1,"2016/06/19 14:15:00",LKBONNY1,2.500662,"2016/06/19 14:10:04"
D,METER_DATA,GEN_DUID,1,"2016/06/19 14:15:00",MBAHNTH,59.493752,"2016/06/19 14:10:04"
D,METER_DATA,GEN_DUID,1,"2016/06/19 14:15:00",MEADOWB2,0,"2016/06/19 14:10:04"
D,METER_DATA,GEN_DUID,1,"2016/06/19 14:15:00",MLWF1,3.48,"2016/06/19 14:10:04"
D,METER_DATA,GEN_DUID,1,"2016/06/19 14:15:00",MTMILLAR,2.224952,"2016/06/19 14:10:04"
D,METER_DATA,GEN_DUID,1,"2016/06/19 14:15:00",PALOONA,22.869999,"2016/06/19 14:10:04"
D,METER_DATA,GEN_DUID,1,"2016/06/19 14:15:00",PORTLAT1,0,"2016/06/19 14:10:04"
D,METER_DATA,GEN_DUID,1,"2016/06/19 14:15:00",PORTWF,10.10,"2016/06/19 14:10:04"
D,METER_DATA,GEN_DUID,1,"2016/06/19 14:15:00",QUERIVE1,-0.12,"2016/06/19 14:10:04"
D,METER_DATA,GEN_DUID,1,"2016/06/19 14:15:00",REPULSE,28.411005,"2016/06/19 14:10:04"
D,METER_DATA,GEN_DUID,1,"2016/06/19 14:15:00",ROWALLAN,9.9755,"2016/06/19 14:10:04"
D,METER_DATA,GEN_DUID,1,"2016/06/19 14:15:00",ROYALLA1,0,"2016/06/19 14:10:04"
D,METER_DATA,GEN_DUID,1,"2016/06/19 14:15:00",RPCG,-0.20,"2016/06/19 14:10:04"
D,METER_DATA,GEN_DUID,1,"2016/06/19 14:15:00",RUBICON,0,"2016/06/19 14:10:04"
D,METER_DATA,GEN_DUID,1,"2016/06/19 14:15:00",STARHLWF,3.099096,"2016/06/19 14:10:04"
D,METER_DATA,GEN_DUID,1,"2016/06/19 14:15:00",WAUBRAWF,21.6870,"2016/06/19 14:10:04"
D,METER_DATA,GEN_DUID,1,"2016/06/19 14:15:00",WOOLNTH1,52.540016,"2016/06/19 14:10:04"
D,METER_DATA,GEN_DUID,1,"2016/06/19 14:15:00",WPWF,0,"2016/06/19 14:10:04"
D,METER_DATA,GEN_DUID,1,"2016/06/19 14:15:00",YAMBUKWF,3.20,"2016/06/19 14:10:04"
D,METER_DATA,GEN_DUID,1,"2016/06/19 14:20:00",BBDISEL1,0,"2016/06/19 14:15:04"
D,METER_DATA,GEN_DUID,1,"2016/06/19 14:20:00",BUTLERSG,7.799998,"2016/06/19 14:15:04"
D,METER_DATA,GEN_DUID,1,"2016/06/19 14:20:00",CALL_A_4,0,"2016/06/19 14:15:04"
D,METER_DATA,GEN_DUID,1,"2016/06/19 14:20:00",CAPTL_WF,85.860001,"2016/06/19 14:15:04"
D,METER_DATA,GEN_DUID,1,"2016/06/19 14:20:00",CATAGUN1,0,"2016/06/19 14:15:04"
D,METER_DATA,GEN_DUID,1,"2016/06/19 14:20:00",CATHROCK,0,"2016/06/19 14:15:04"
D,METER_DATA,GEN_DUID,1,"2016/06/19 14:20:00",CHALLHWF,5.20,"2016/06/19 14:15:04"
D,METER_DATA,GEN_DUID,1,"2016/06/19 14:20:00",CLOVER,24.189999,"2016/06/19 14:15:04"
D,METER_DATA,GEN_DUID,1,"2016/06/19 14:20:00",CLUNY,15.676130,"2016/06/19 14:15:04"
D,METER_DATA,GEN_DUID,1,"2016/06/19 14:20:00",CNUNDAWF,3.203737,"2016/06/19 14:15:04"
D,METER_DATA,GEN_DUID,1,"2016/06/19 14:20:00",CULLRGWF,14.59,"2016/06/19 14:15:04"
D,METER_DATA,GEN_DUID,1,"2016/06/19 14:20:00",ERGT01,0,"2016/06/19 14:15:04"
D,METER_DATA,GEN_DUID,1,"2016/06/19 14:20:00",GB01,0.145813,"2016/06/19 14:15:04"
D,METER_DATA,GEN_DUID,1,"2016/06/19 14:20:00",GEORGTN1,0,"2016/06/19 14:15:04"
D,METER_DATA,GEN_DUID,1,"2016/06/19 14:20:00",GEORGTN2,0,"2016/06/19 14:15:04"
D,METER_DATA,GEN_DUID,1,"2016/06/19 14:20:00",GERMCRK,37.099998,"2016/06/19 14:15:04"
D,METER_DATA,GEN_DUID,1,"2016/06/19 14:20:00",INVICTA,32.700001,"2016/06/19 14:15:04"
D,METER_DATA,GEN_DUID,1,"2016/06/19 14:20:00",LKBONNY1,4.912015,"2016/06/19 14:15:04"
D,METER_DATA,GEN_DUID,1,"2016/06/19 14:20:00",MBAHNTH,59.493752,"2016/06/19 14:15:04"
D,METER_DATA,GEN_DUID,1,"2016/06/19 14:20:00",MEADOWB2,0,"2016/06/19 14:15:04"
D,METER_DATA,GEN_DUID,1,"2016/06/19 14:20:00",MLWF1,3.36,"2016/06/19 14:15:04"
D,METER_DATA,GEN_DUID,1,"2016/06/19 14:20:00",MTMILLAR,1.592441,"2016/06/19 14:15:04"
D,METER_DATA,GEN_DUID,1,"2016/06/19 14:20:00",PALOONA,22.869999,"2016/06/19 14:15:04"
D,METER_DATA,GEN_DUID,1,"2016/06/19 14:20:00",PORTLAT1,0,"2016/06/19 14:15:04"
D,METER_DATA,GEN_DUID,1,"2016/06/19 14:20:00",PORTWF,11.20,"2016/06/19 14:15:04"
D,METER_DATA,GEN_DUID,1,"2016/06/19 14:20:00",QUERIVE1,-0.12,"2016/06/19 14:15:04"
D,METER_DATA,GEN_DUID,1,"2016/06/19 14:20:00",REPULSE,28.411005,"2016/06/19 14:15:04"
D,METER_DATA,GEN_DUID,1,"2016/06/19 14:20:00",ROWALLAN,10.003901,"2016/06/19 14:15:04"
D,METER_DATA,GEN_DUID,1,"2016/06/19 14:20:00",ROYALLA1,0,"2016/06/19 14:15:04"
D,METER_DATA,GEN_DUID,1,"2016/06/19 14:20:00",RPCG,-0.20,"2016/06/19 14:15:04"
D,METER_DATA,GEN_DUID,1,"2016/06/19 14:20:00",RUBICON,0,"2016/06/19 14:15:04"
D,METER_DATA,GEN_DUID,1,"2016/06/19 14:20:00",STARHLWF,2.599242,"2016/06/19 14:15:04"
D,METER_DATA,GEN_DUID,1,"2016/06/19 14:20:00",WAUBRAWF,22.082001,"2016/06/19 14:15:04"
D,METER_DATA,GEN_DUID,1,"2016/06/19 14:20:00",WOOLNTH1,51.030014,"2016/06/19 14:15:04"
D,METER_DATA,GEN_DUID,1,"2016/06/19 14:20:00",WPWF,0,"2016/06/19 14:15:04"
D,METER_DATA,GEN_DUID,1,"2016/06/19 14:20:00",YAMBUKWF,3.90,"2016/06/19 14:15:04"
D,METER_DATA,GEN_DUID,1,"2016/06/19 14:25:00",BBDISEL1,0,"2016/06/19 14:20:05"
D,METER_DATA,GEN_DUID,1,"2016/06/19 14:25:00",BUTLERSG,7.799998,"2016/06/19 14:20:05"
D,METER_DATA,GEN_DUID,1,"2016/06/19 14:25:00",CALL_A_4,0,"2016/06/19 14:20:05"
D,METER_DATA,GEN_DUID,1,"2016/06/19 14:25:00",CAPTL_WF,89.067993,"2016/06/19 14:20:05"
D,METER_DATA,GEN_DUID,1,"2016/06/19 14:25:00",CATAGUN1,0,"2016/06/19 14:20:05"
D,METER_DATA,GEN_DUID,1,"2016/06/19 14:25:00",CATHROCK,0,"2016/06/19 14:20:05"
D,METER_DATA,GEN_DUID,1,"2016/06/19 14:25:00",CHALLHWF,5.80,"2016/06/19 14:20:05"
D,METER_DATA,GEN_DUID,1,"2016/06/19 14:25:00",CLOVER,24.17,"2016/06/19 14:20:05"
D,METER_DATA,GEN_DUID,1,"2016/06/19 14:25:00",CLUNY,14.675830,"2016/06/19 14:20:05"
D,METER_DATA,GEN_DUID,1,"2016/06/19 14:25:00",CNUNDAWF,3.303854,"2016/06/19 14:20:05"
D,METER_DATA,GEN_DUID,1,"2016/06/19 14:25:00",CULLRGWF,13.46,"2016/06/19 14:20:05"
D,METER_DATA,GEN_DUID,1,"2016/06/19 14:25:00",ERGT01,0,"2016/06/19 14:20:05"
D,METER_DATA,GEN_DUID,1,"2016/06/19 14:25:00",GB01,0.147770,"2016/06/19 14:20:05"
D,METER_DATA,GEN_DUID,1,"2016/06/19 14:25:00",GEORGTN1,0,"2016/06/19 14:20:05"
D,METER_DATA,GEN_DUID,1,"2016/06/19 14:25:00",GEORGTN2,0,"2016/06/19 14:20:05"
D,METER_DATA,GEN_DUID,1,"2016/06/19 14:25:00",GERMCRK,37.099998,"2016/06/19 14:20:05"
D,METER_DATA,GEN_DUID,1,"2016/06/19 14:25:00",INVICTA,33.775002,"2016/06/19 14:20:05"
D,METER_DATA,GEN_DUID,1,"2016/06/19 14:25:00",LKBONNY1,6.430274,"2016/06/19 14:20:05"
D,METER_DATA,GEN_DUID,1,"2016/06/19 14:25:00",MBAHNTH,59.493752,"2016/06/19 14:20:05"
D,METER_DATA,GEN_DUID,1,"2016/06/19 14:25:00",MEADOWB2,0,"2016/06/19 14:20:05"
D,METER_DATA,GEN_DUID,1,"2016/06/19 14:25:00",MLWF1,2.2950,"2016/06/19 14:20:05"
D,METER_DATA,GEN_DUID,1,"2016/06/19 14:25:00",MTMILLAR,1.108755,"2016/06/19 14:20:05"
D,METER_DATA,GEN_DUID,1,"2016/06/19 14:25:00",PALOONA,22.869999,"2016/06/19 14:20:05"
D,METER_DATA,GEN_DUID,1,"2016/06/19 14:25:00",PORTLAT1,0,"2016/06/19 14:20:05"
D,METER_DATA,GEN_DUID,1,"2016/06/19 14:25:00",PORTWF,13.70,"2016/06/19 14:20:05"
D,METER_DATA,GEN_DUID,1,"2016/06/19 14:25:00",QUERIVE1,-0.12,"2016/06/19 14:20:05"
D,METER_DATA,GEN_DUID,1,"2016/06/19 14:25:00",REPULSE,27.572584,"2016/06/19 14:20:05"
D,METER_DATA,GEN_DUID,1,"2016/06/19 14:25:00",ROWALLAN,9.9826,"2016/06/19 14:20:05"
D,METER_DATA,GEN_DUID,1,"2016/06/19 14:25:00",ROYALLA1,0,"2016/06/19 14:20:05"
D,METER_DATA,GEN_DUID,1,"2016/06/19 14:25:00",RPCG,-0.20,"2016/06/19 14:20:05"
D,METER_DATA,GEN_DUID,1,"2016/06/19 14:25:00",RUBICON,0,"2016/06/19 14:20:05"
D,METER_DATA,GEN_DUID,1,"2016/06/19 14:25:00",STARHLWF,2.3993,"2016/06/19 14:20:05"
D,METER_DATA,GEN_DUID,1,"2016/06/19 14:25:00",WAUBRAWF,23.202999,"2016/06/19 14:20:05"
D,METER_DATA,GEN_DUID,1,"2016/06/19 14:25:00",WOOLNTH1,49.380016,"2016/06/19 14:20:05"
D,METER_DATA,GEN_DUID,1,"2016/06/19 14:25:00",WPWF,2,"2016/06/19 14:20:05"
D,METER_DATA,GEN_DUID,1,"2016/06/19 14:25:00",YAMBUKWF,4.30,"2016/06/19 14:20:05"
D,METER_DATA,GEN_DUID,1,"2016/06/19 14:30:00",BBDISEL1,0,"2016/06/19 14:25:05"
D,METER_DATA,GEN_DUID,1,"2016/06/19 14:30:00",BUTLERSG,7.799998,"2016/06/19 14:25:05"
D,METER_DATA,GEN_DUID,1,"2016/06/19 14:30:00",CALL_A_4,0,"2016/06/19 14:25:05"
D,METER_DATA,GEN_DUID,1,"2016/06/19 14:30:00",CAPTL_WF,92.540001,"2016/06/19 14:25:05"
D,METER_DATA,GEN_DUID,1,"2016/06/19 14:30:00",CATAGUN1,0,"2016/06/19 14:25:05"
D,METER_DATA,GEN_DUID,1,"2016/06/19 14:30:00",CATHROCK,0,"2016/06/19 14:25:05"
D,METER_DATA,GEN_DUID,1,"2016/06/19 14:30:00",CHALLHWF,5.50,"2016/06/19 14:25:05"
D,METER_DATA,GEN_DUID,1,"2016/06/19 14:30:00",CLOVER,24.24,"2016/06/19 14:25:05"
D,METER_DATA,GEN_DUID,1,"2016/06/19 14:30:00",CLUNY,14.933050,"2016/06/19 14:25:05"
D,METER_DATA,GEN_DUID,1,"2016/06/19 14:30:00",CNUNDAWF,4.104788,"2016/06/19 14:25:05"
D,METER_DATA,GEN_DUID,1,"2016/06/19 14:30:00",CULLRGWF,13.80,"2016/06/19 14:25:05"
D,METER_DATA,GEN_DUID,1,"2016/06/19 14:30:00",ERGT01,0,"2016/06/19 14:25:05"
D,METER_DATA,GEN_DUID,1,"2016/06/19 14:30:00",GB01,0.147770,"2016/06/19 14:25:05"
D,METER_DATA,GEN_DUID,1,"2016/06/19 14:30:00",GEORGTN1,0,"2016/06/19 14:25:05"
D,METER_DATA,GEN_DUID,1,"2016/06/19 14:30:00",GEORGTN2,0,"2016/06/19 14:25:05"
D,METER_DATA,GEN_DUID,1,"2016/06/19 14:30:00",GERMCRK,37.50,"2016/06/19 14:25:05"
D,METER_DATA,GEN_DUID,1,"2016/06/19 14:30:00",INVICTA,33.775002,"2016/06/19 14:25:05"
D,METER_DATA,GEN_DUID,1,"2016/06/19 14:30:00",LKBONNY1,6.966130,"2016/06/19 14:25:05"
D,METER_DATA,GEN_DUID,1,"2016/06/19 14:30:00",MBAHNTH,59.493752,"2016/06/19 14:25:05"
D,METER_DATA,GEN_DUID,1,"2016/06/19 14:30:00",MEADOWB2,0,"2016/06/19 14:25:05"
D,METER_DATA,GEN_DUID,1,"2016/06/19 14:30:00",MLWF1,2.55,"2016/06/19 14:25:05"
D,METER_DATA,GEN_DUID,1,"2016/06/19 14:30:00",MTMILLAR,0.617629,"2016/06/19 14:25:05"
D,METER_DATA,GEN_DUID,1,"2016/06/19 14:30:00",PALOONA,22.869999,"2016/06/19 14:25:05"
D,METER_DATA,GEN_DUID,1,"2016/06/19 14:30:00",PORTLAT1,0,"2016/06/19 14:25:05"
D,METER_DATA,GEN_DUID,1,"2016/06/19 14:30:00",PORTWF,13.70,"2016/06/19 14:25:05"
D,METER_DATA,GEN_DUID,1,"2016/06/19 14:30:00",QUERIVE1,-0.12,"2016/06/19 14:25:05"
D,METER_DATA,GEN_DUID,1,"2016/06/19 14:30:00",REPULSE,28.544390,"2016/06/19 14:25:05"
D,METER_DATA,GEN_DUID,1,"2016/06/19 14:30:00",ROWALLAN,9.9116,"2016/06/19 14:25:05"
D,METER_DATA,GEN_DUID,1,"2016/06/19 14:30:00",ROYALLA1,0,"2016/06/19 14:25:05"
D,METER_DATA,GEN_DUID,1,"2016/06/19 14:30:00",RPCG,-0.20,"2016/06/19 14:25:05"
D,METER_DATA,GEN_DUID,1,"2016/06/19 14:30:00",RUBICON,0,"2016/06/19 14:25:05"
D,METER_DATA,GEN_DUID,1,"2016/06/19 14:30:00",STARHLWF,3.498980,"2016/06/19 14:25:05"
D,METER_DATA,GEN_DUID,1,"2016/06/19 14:30:00",WAUBRAWF,25.5170,"2016/06/19 14:25:05"
D,METER_DATA,GEN_DUID,1,"2016/06/19 14:30:00",WOOLNTH1,51.550018,"2016/06/19 14:25:05"
D,METER_DATA,GEN_DUID,1,"2016/06/19 14:30:00",WPWF,7,"2016/06/19 14:25:05"
D,METER_DATA,GEN_DUID,1,"2016/06/19 14:30:00",YAMBUKWF,4.40,"2016/06/19 14:25:05"
D,METER_DATA,GEN_DUID,1,"2016/06/19 14:35:00",BBDISEL1,0,"2016/06/19 14:30:05"
D,METER_DATA,GEN_DUID,1,"2016/06/19 14:35:00",BUTLERSG,7.799998,"2016/06/19 14:30:05"
D,METER_DATA,GEN_DUID,1,"2016/06/19 14:35:00",CALL_A_4,0,"2016/06/19 14:30:05"
D,METER_DATA,GEN_DUID,1,"2016/06/19 14:35:00",CAPTL_WF,94.767998,"2016/06/19 14:30:05"
D,METER_DATA,GEN_DUID,1,"2016/06/19 14:35:00",CATAGUN1,0,"2016/06/19 14:30:05"
D,METER_DATA,GEN_DUID,1,"2016/06/19 14:35:00",CATHROCK,0,"2016/06/19 14:30:05"
D,METER_DATA,GEN_DUID,1,"2016/06/19 14:35:00",CHALLHWF,5,"2016/06/19 14:30:05"
D,METER_DATA,GEN_DUID,1,"2016/06/19 14:35:00",CLOVER,24.17,"2016/06/19 14:30:05"
D,METER_DATA,GEN_DUID,1,"2016/06/19 14:35:00",CLUNY,14.918760,"2016/06/19 14:30:05"
D,METER_DATA,GEN_DUID,1,"2016/06/19 14:35:00",CNUNDAWF,3.103621,"2016/06/19 14:30:05"
D,METER_DATA,GEN_DUID,1,"2016/06/19 14:35:00",CULLRGWF,12.87,"2016/06/19 14:30:05"
D,METER_DATA,GEN_DUID,1,"2016/06/19 14:35:00",ERGT01,0,"2016/06/19 14:30:05"
D,METER_DATA,GEN_DUID,1,"2016/06/19 14:35:00",GB01,0.147770,"2016/06/19 14:30:05"
D,METER_DATA,GEN_DUID,1,"2016/06/19 14:35:00",GEORGTN1,0,"2016/06/19 14:30:05"
D,METER_DATA,GEN_DUID,1,"2016/06/19 14:35:00",GEORGTN2,0,"2016/06/19 14:30:05"
D,METER_DATA,GEN_DUID,1,"2016/06/19 14:35:00",GERMCRK,36.799999,"2016/06/19 14:30:05"
D,METER_DATA,GEN_DUID,1,"2016/06/19 14:35:00",INVICTA,33.775002,"2016/06/19 14:30:05"
D,METER_DATA,GEN_DUID,1,"2016/06/19 14:35:00",LKBONNY1,8.752317,"2016/06/19 14:30:05"
D,METER_DATA,GEN_DUID,1,"2016/06/19 14:35:00",MBAHNTH,59.493752,"2016/06/19 14:30:05"
D,METER_DATA,GEN_DUID,1,"2016/06/19 14:35:00",MEADOWB2,0,"2016/06/19 14:30:05"
D,METER_DATA,GEN_DUID,1,"2016/06/19 14:35:00",MLWF1,3.93,"2016/06/19 14:30:05"
D,METER_DATA,GEN_DUID,1,"2016/06/19 14:35:00",MTMILLAR,0.706925,"2016/06/19 14:30:05"
D,METER_DATA,GEN_DUID,1,"2016/06/19 14:35:00",PALOONA,22.869999,"2016/06/19 14:30:05"
D,METER_DATA,GEN_DUID,1,"2016/06/19 14:35:00",PORTLAT1,0,"2016/06/19 14:30:05"
D,METER_DATA,GEN_DUID,1,"2016/06/19 14:35:00",PORTWF,11,"2016/06/19 14:30:05"
D,METER_DATA,GEN_DUID,1,"2016/06/19 14:35:00",QUERIVE1,-0.12,"2016/06/19 14:30:05"
D,METER_DATA,GEN_DUID,1,"2016/06/19 14:35:00",REPULSE,28.258564,"2016/06/19 14:30:05"
D,METER_DATA,GEN_DUID,1,"2016/06/19 14:35:00",ROWALLAN,9.9471,"2016/06/19 14:30:05"
D,METER_DATA,GEN_DUID,1,"2016/06/19 14:35:00",ROYALLA1,0,"2016/06/19 14:30:05"
D,METER_DATA,GEN_DUID,1,"2016/06/19 14:35:00",RPCG,-0.20,"2016/06/19 14:30:05"
D,METER_DATA,GEN_DUID,1,"2016/06/19 14:35:00",RUBICON,0,"2016/06/19 14:30:05"
D,METER_DATA,GEN_DUID,1,"2016/06/19 14:35:00",STARHLWF,2.3993,"2016/06/19 14:30:05"
D,METER_DATA,GEN_DUID,1,"2016/06/19 14:35:00",WAUBRAWF,23.9240,"2016/06/19 14:30:05"
D,METER_DATA,GEN_DUID,1,"2016/06/19 14:35:00",WOOLNTH1,53.670013,"2016/06/19 14:30:05"
D,METER_DATA,GEN_DUID,1,"2016/06/19 14:35:00",WPWF,10,"2016/06/19 14:30:05"
D,METER_DATA,GEN_DUID,1,"2016/06/19 14:35:00",YAMBUKWF,4.40,"2016/06/19 14:30:05"
D,METER_DATA,GEN_DUID,1,"2016/06/19 14:40:00",BBDISEL1,0,"2016/06/19 14:35:04"
D,METER_DATA,GEN_DUID,1,"2016/06/19 14:40:00",BUTLERSG,7.799998,"2016/06/19 14:35:04"
D,METER_DATA,GEN_DUID,1,"2016/06/19 14:40:00",CALL_A_4,0,"2016/06/19 14:35:04"
D,METER_DATA,GEN_DUID,1,"2016/06/19 14:40:00",CATAGUN1,0,"2016/06/19 14:35:04"
D,METER_DATA,GEN_DUID,1,"2016/06/19 14:40:00",CATHROCK,0,"2016/06/19 14:35:04"
D,METER_DATA,GEN_DUID,1,"2016/06/19 14:40:00",CHALLHWF,4.90,"2016/06/19 14:35:04"
D,METER_DATA,GEN_DUID,1,"2016/06/19 14:40:00",CLOVER,24.469999,"2016/06/19 14:35:04"
D,METER_DATA,GEN_DUID,1,"2016/06/19 14:40:00",CLUNY,15.490360,"2016/06/19 14:35:04"
D,METER_DATA,GEN_DUID,1,"2016/06/19 14:40:00",CNUNDAWF,1.501752,"2016/06/19 14:35:04"
D,METER_DATA,GEN_DUID,1,"2016/06/19 14:40:00",CULLRGWF,13.80,"2016/06/19 14:35:04"
D,METER_DATA,GEN_DUID,1,"2016/06/19 14:40:00",ERGT01,0,"2016/06/19 14:35:04"
D,METER_DATA,GEN_DUID,1,"2016/06/19 14:40:00",GB01,0.147770,"2016/06/19 14:35:04"
D,METER_DATA,GEN_DUID,1,"2016/06/19 14:40:00",GEORGTN1,0,"2016/06/19 14:35:04"
D,METER_DATA,GEN_DUID,1,"2016/06/19 14:40:00",GEORGTN2,0,"2016/06/19 14:35:04"
D,METER_DATA,GEN_DUID,1,"2016/06/19 14:40:00",GERMCRK,37,"2016/06/19 14:35:04"
D,METER_DATA,GEN_DUID,1,"2016/06/19 14:40:00",INVICTA,35.150002,"2016/06/19 14:35:04"
D,METER_DATA,GEN_DUID,1,"2016/06/19 14:40:00",LKBONNY1,8.930936,"2016/06/19 14:35:04"
D,METER_DATA,GEN_DUID,1,"2016/06/19 14:40:00",MBAHNTH,59.493752,"2016/06/19 14:35:04"
D,METER_DATA,GEN_DUID,1,"2016/06/19 14:40:00",MEADOWB2,0,"2016/06/19 14:35:04"
D,METER_DATA,GEN_DUID,1,"2016/06/19 14:40:00",MLWF1,3.45,"2016/06/19 14:35:04"
D,METER_DATA,GEN_DUID,1,"2016/06/19 14:40:00",MTMILLAR,0.930164,"2016/06/19 14:35:04"
D,METER_DATA,GEN_DUID,1,"2016/06/19 14:40:00",PALOONA,22.869999,"2016/06/19 14:35:04"
D,METER_DATA,GEN_DUID,1,"2016/06/19 14:40:00",PORTLAT1,0,"2016/06/19 14:35:04"
D,METER_DATA,GEN_DUID,1,"2016/06/19 14:40:00",PORTWF,9.90,"2016/06/19 14:35:04"
D,METER_DATA,GEN_DUID,1,"2016/06/19 14:40:00",QUERIVE1,-0.12,"2016/06/19 14:35:04"
D,METER_DATA,GEN_DUID,1,"2016/06/19 14:40:00",REPULSE,28.601555,"2016/06/19 14:35:04"
D,METER_DATA,GEN_DUID,1,"2016/06/19 14:40:00",ROWALLAN,10.0252,"2016/06/19 14:35:04"
D,METER_DATA,GEN_DUID,1,"2016/06/19 14:40:00",ROYALLA1,0,"2016/06/19 14:35:04"
D,METER_DATA,GEN_DUID,1,"2016/06/19 14:40:00",RPCG,-0.20,"2016/06/19 14:35:04"
D,METER_DATA,GEN_DUID,1,"2016/06/19 14:40:00",RUBICON,0,"2016/06/19 14:35:04"
D,METER_DATA,GEN_DUID,1,"2016/06/19 14:40:00",STARHLWF,2.599242,"2016/06/19 14:35:04"
D,METER_DATA,GEN_DUID,1,"2016/06/19 14:40:00",WAUBRAWF,24.023001,"2016/06/19 14:35:04"
D,METER_DATA,GEN_DUID,1,"2016/06/19 14:40:00",WOOLNTH1,59.100018,"2016/06/19 14:35:04"
D,METER_DATA,GEN_DUID,1,"2016/06/19 14:40:00",WPWF,8,"2016/06/19 14:35:04"
D,METER_DATA,GEN_DUID,1,"2016/06/19 14:40:00",YAMBUKWF,3.70,"2016/06/19 14:35:04"
D,METER_DATA,GEN_DUID,1,"2016/06/19 14:45:00",BBDISEL1,0,"2016/06/19 14:40:04"
D,METER_DATA,GEN_DUID,1,"2016/06/19 14:45:00",BUTLERSG,7.799998,"2016/06/19 14:40:04"
D,METER_DATA,GEN_DUID,1,"2016/06/19 14:45:00",CALL_A_4,0,"2016/06/19 14:40:04"
D,METER_DATA,GEN_DUID,1,"2016/06/19 14:45:00",CAPTL_WF,98.431999,"2016/06/19 14:40:04"
D,METER_DATA,GEN_DUID,1,"2016/06/19 14:45:00",CATAGUN1,0,"2016/06/19 14:40:04"
D,METER_DATA,GEN_DUID,1,"2016/06/19 14:45:00",CATHROCK,0,"2016/06/19 14:40:04"
D,METER_DATA,GEN_DUID,1,"2016/06/19 14:45:00",CHALLHWF,5.40,"2016/06/19 14:40:04"
D,METER_DATA,GEN_DUID,1,"2016/06/19 14:45:00",CLOVER,24.130001,"2016/06/19 14:40:04"
D,METER_DATA,GEN_DUID,1,"2016/06/19 14:45:00",CLUNY,14.661540,"2016/06/19 14:40:04"
D,METER_DATA,GEN_DUID,1,"2016/06/19 14:45:00",CNUNDAWF,2.302686,"2016/06/19 14:40:04"
D,METER_DATA,GEN_DUID,1,"2016/06/19 14:45:00",CULLRGWF,15.43,"2016/06/19 14:40:04"
D,METER_DATA,GEN_DUID,1,"2016/06/19 14:45:00",ERGT01,0,"2016/06/19 14:40:04"
D,METER_DATA,GEN_DUID,1,"2016/06/19 14:45:00",GB01,0.147770,"2016/06/19 14:40:04"
D,METER_DATA,GEN_DUID,1,"2016/06/19 14:45:00",GEORGTN1,0,"2016/06/19 14:40:04"
D,METER_DATA,GEN_DUID,1,"2016/06/19 14:45:00",GEORGTN2,0,"2016/06/19 14:40:04"
D,METER_DATA,GEN_DUID,1,"2016/06/19 14:45:00",GERMCRK,36.599998,"2016/06/19 14:40:04"
D,METER_DATA,GEN_DUID,1,"2016/06/19 14:45:00",INVICTA,36.525002,"2016/06/19 14:40:04"
D,METER_DATA,GEN_DUID,1,"2016/06/19 14:45:00",LKBONNY1,8.305771,"2016/06/19 14:40:04"
D,METER_DATA,GEN_DUID,1,"2016/06/19 14:45:00",MBAHNTH,59.493752,"2016/06/19 14:40:04"
D,METER_DATA,GEN_DUID,1,"2016/06/19 14:45:00",MEADOWB2,0,"2016/06/19 14:40:04"
D,METER_DATA,GEN_DUID,1,"2016/06/19 14:45:00",MLWF1,4.3350,"2016/06/19 14:40:04"
D,METER_DATA,GEN_DUID,1,"2016/06/19 14:45:00",MTMILLAR,1.257582,"2016/06/19 14:40:04"
D,METER_DATA,GEN_DUID,1,"2016/06/19 14:45:00",PALOONA,22.869999,"2016/06/19 14:40:04"
D,METER_DATA,GEN_DUID,1,"2016/06/19 14:45:00",PORTLAT1,0,"2016/06/19 14:40:04"
D,METER_DATA,GEN_DUID,1,"2016/06/19 14:45:00",PORTWF,7.80,"2016/06/19 14:40:04"
D,METER_DATA,GEN_DUID,1,"2016/06/19 14:45:00",QUERIVE1,-0.12,"2016/06/19 14:40:04"
D,METER_DATA,GEN_DUID,1,"2016/06/19 14:45:00",REPULSE,27.382034,"2016/06/19 14:40:04"
D,METER_DATA,GEN_DUID,1,"2016/06/19 14:45:00",ROWALLAN,9.8619,"2016/06/19 14:40:04"
D,METER_DATA,GEN_DUID,1,"2016/06/19 14:45:00",ROYALLA1,0,"2016/06/19 14:40:04"
D,METER_DATA,GEN_DUID,1,"2016/06/19 14:45:00",RPCG,-0.20,"2016/06/19 14:40:04"
D,METER_DATA,GEN_DUID,1,"2016/06/19 14:45:00",RUBICON,0,"2016/06/19 14:40:04"
D,METER_DATA,GEN_DUID,1,"2016/06/19 14:45:00",STARHLWF,2.799184,"2016/06/19 14:40:04"
D,METER_DATA,GEN_DUID,1,"2016/06/19 14:45:00",WAUBRAWF,23.1520,"2016/06/19 14:40:04"
D,METER_DATA,GEN_DUID,1,"2016/06/19 14:45:00",WOOLNTH1,61.060017,"2016/06/19 14:40:04"
D,METER_DATA,GEN_DUID,1,"2016/06/19 14:45:00",WPWF,4,"2016/06/19 14:40:04"
D,METER_DATA,GEN_DUID,1,"2016/06/19 14:45:00",YAMBUKWF,2.90,"2016/06/19 14:40:04"
D,METER_DATA,GEN_DUID,1,"2016/06/19 14:50:00",BBDISEL1,0,"2016/06/19 14:45:04"
D,METER_DATA,GEN_DUID,1,"2016/06/19 14:50:00",BUTLERSG,7.799998,"2016/06/19 14:45:04"
D,METER_DATA,GEN_DUID,1,"2016/06/19 14:50:00",CALL_A_4,0,"2016/06/19 14:45:04"
D,METER_DATA,GEN_DUID,1,"2016/06/19 14:50:00",CAPTL_WF,93.720001,"2016/06/19 14:45:04"
D,METER_DATA,GEN_DUID,1,"2016/06/19 14:50:00",CATAGUN1,0,"2016/06/19 14:45:04"
D,METER_DATA,GEN_DUID,1,"2016/06/19 14:50:00",CATHROCK,0,"2016/06/19 14:45:04"
D,METER_DATA,GEN_DUID,1,"2016/06/19 14:50:00",CHALLHWF,5.20,"2016/06/19 14:45:04"
D,METER_DATA,GEN_DUID,1,"2016/06/19 14:50:00",CLOVER,24.279999,"2016/06/19 14:45:04"
D,METER_DATA,GEN_DUID,1,"2016/06/19 14:50:00",CLUNY,15.0045,"2016/06/19 14:45:04"
D,METER_DATA,GEN_DUID,1,"2016/06/19 14:50:00",CNUNDAWF,3.203737,"2016/06/19 14:45:04"
D,METER_DATA,GEN_DUID,1,"2016/06/19 14:50:00",CULLRGWF,16.370001,"2016/06/19 14:45:04"
D,METER_DATA,GEN_DUID,1,"2016/06/19 14:50:00",ERGT01,0,"2016/06/19 14:45:04"
D,METER_DATA,GEN_DUID,1,"2016/06/19 14:50:00",GB01,0.147770,"2016/06/19 14:45:04"
D,METER_DATA,GEN_DUID,1,"2016/06/19 14:50:00",GEORGTN1,0,"2016/06/19 14:45:04"
D,METER_DATA,GEN_DUID,1,"2016/06/19 14:50:00",GEORGTN2,0,"2016/06/19 14:45:04"
D,METER_DATA,GEN_DUID,1,"2016/06/19 14:50:00",GERMCRK,36.50,"2016/06/19 14:45:04"
D,METER_DATA,GEN_DUID,1,"2016/06/19 14:50:00",INVICTA,37.674999,"2016/06/19 14:45:04"
D,METER_DATA,GEN_DUID,1,"2016/06/19 14:50:00",LKBONNY1,5.626490,"2016/06/19 14:45:04"
D,METER_DATA,GEN_DUID,1,"2016/06/19 14:50:00",MBAHNTH,59.493752,"2016/06/19 14:45:04"
D,METER_DATA,GEN_DUID,1,"2016/06/19 14:50:00",MEADOWB2,0,"2016/06/19 14:45:04"
D,METER_DATA,GEN_DUID,1,"2016/06/19 14:50:00",MLWF1,2.85,"2016/06/19 14:45:04"
D,METER_DATA,GEN_DUID,1,"2016/06/19 14:50:00",MTMILLAR,1.704060,"2016/06/19 14:45:04"
D,METER_DATA,GEN_DUID,1,"2016/06/19 14:50:00",PALOONA,22.869999,"2016/06/19 14:45:04"
D,METER_DATA,GEN_DUID,1,"2016/06/19 14:50:00",PORTLAT1,0,"2016/06/19 14:45:04"
D,METER_DATA,GEN_DUID,1,"2016/06/19 14:50:00",PORTWF,10.50,"2016/06/19 14:45:04"
D,METER_DATA,GEN_DUID,1,"2016/06/19 14:50:00",QUERIVE1,-0.12,"2016/06/19 14:45:04"
D,METER_DATA,GEN_DUID,1,"2016/06/19 14:50:00",REPULSE,27.439199,"2016/06/19 14:45:04"
D,METER_DATA,GEN_DUID,1,"2016/06/19 14:50:00",ROWALLAN,10.131701,"2016/06/19 14:45:04"
D,METER_DATA,GEN_DUID,1,"2016/06/19 14:50:00",ROYALLA1,0,"2016/06/19 14:45:04"
D,METER_DATA,GEN_DUID,1,"2016/06/19 14:50:00",RPCG,-0.20,"2016/06/19 14:45:04"
D,METER_DATA,GEN_DUID,1,"2016/06/19 14:50:00",RUBICON,0,"2016/06/19 14:45:04"
D,METER_DATA,GEN_DUID,1,"2016/06/19 14:50:00",STARHLWF,2.899155,"2016/06/19 14:45:04"
D,METER_DATA,GEN_DUID,1,"2016/06/19 14:50:00",WAUBRAWF,23.0830,"2016/06/19 14:45:04"
D,METER_DATA,GEN_DUID,1,"2016/06/19 14:50:00",WOOLNTH1,55.120018,"2016/06/19 14:45:04"
D,METER_DATA,GEN_DUID,1,"2016/06/19 14:50:00",WPWF,4,"2016/06/19 14:45:04"
D,METER_DATA,GEN_DUID,1,"2016/06/19 14:50:00",YAMBUKWF,2.90,"2016/06/19 14:45:04"
D,METER_DATA,GEN_DUID,1,"2016/06/19 14:55:00",BBDISEL1,0,"2016/06/19 14:50:04"
D,METER_DATA,GEN_DUID,1,"2016/06/19 14:55:00",BUTLERSG,7.799998,"2016/06/19 14:50:04"
D,METER_DATA,GEN_DUID,1,"2016/06/19 14:55:00",CALL_A_4,0,"2016/06/19 14:50:04"
D,METER_DATA,GEN_DUID,1,"2016/06/19 14:55:00",CAPTL_WF,84.540001,"2016/06/19 14:50:04"
D,METER_DATA,GEN_DUID,1,"2016/06/19 14:55:00",CATAGUN1,0,"2016/06/19 14:50:04"
D,METER_DATA,GEN_DUID,1,"2016/06/19 14:55:00",CATHROCK,0,"2016/06/19 14:50:04"
D,METER_DATA,GEN_DUID,1,"2016/06/19 14:55:00",CHALLHWF,5.70,"2016/06/19 14:50:04"
D,METER_DATA,GEN_DUID,1,"2016/06/19 14:55:00",CLOVER,24.35,"2016/06/19 14:50:04"
D,METER_DATA,GEN_DUID,1,"2016/06/19 14:55:00",CLUNY,15.218850,"2016/06/19 14:50:04"
D,METER_DATA,GEN_DUID,1,"2016/06/19 14:55:00",CNUNDAWF,4.905723,"2016/06/19 14:50:04"
D,METER_DATA,GEN_DUID,1,"2016/06/19 14:55:00",CULLRGWF,19.16,"2016/06/19 14:50:04"
D,METER_DATA,GEN_DUID,1,"2016/06/19 14:55:00",ERGT01,0,"2016/06/19 14:50:04"
D,METER_DATA,GEN_DUID,1,"2016/06/19 14:55:00",GB01,0.147770,"2016/06/19 14:50:04"
D,METER_DATA,GEN_DUID,1,"2016/06/19 14:55:00",GEORGTN1,0,"2016/06/19 14:50:04"
D,METER_DATA,GEN_DUID,1,"2016/06/19 14:55:00",GEORGTN2,0,"2016/06/19 14:50:04"
D,METER_DATA,GEN_DUID,1,"2016/06/19 14:55:00",GERMCRK,36.299999,"2016/06/19 14:50:04"
D,METER_DATA,GEN_DUID,1,"2016/06/19 14:55:00",INVICTA,37.674999,"2016/06/19 14:50:04"
D,METER_DATA,GEN_DUID,1,"2016/06/19 14:55:00",LKBONNY1,5.358562,"2016/06/19 14:50:04"
D,METER_DATA,GEN_DUID,1,"2016/06/19 14:55:00",MBAHNTH,59.493752,"2016/06/19 14:50:04"
D,METER_DATA,GEN_DUID,1,"2016/06/19 14:55:00",MEADOWB2,0,"2016/06/19 14:50:04"
D,METER_DATA,GEN_DUID,1,"2016/06/19 14:55:00",MLWF1,2.25,"2016/06/19 14:50:04"
D,METER_DATA,GEN_DUID,1,"2016/06/19 14:55:00",MTMILLAR,2.061243,"2016/06/19 14:50:04"
D,METER_DATA,GEN_DUID,1,"2016/06/19 14:55:00",PALOONA,22.84,"2016/06/19 14:50:04"
D,METER_DATA,GEN_DUID,1,"2016/06/19 14:55:00",PORTLAT1,0,"2016/06/19 14:50:04"
D,METER_DATA,GEN_DUID,1,"2016/06/19 14:55:00",PORTWF,13.40,"2016/06/19 14:50:04"
D,METER_DATA,GEN_DUID,1,"2016/06/19 14:55:00",QUERIVE1,-0.13,"2016/06/19 14:50:04"
D,METER_DATA,GEN_DUID,1,"2016/06/19 14:55:00",REPULSE,28.601555,"2016/06/19 14:50:04"
D,METER_DATA,GEN_DUID,1,"2016/06/19 14:55:00",ROWALLAN,10.1104,"2016/06/19 14:50:04"
D,METER_DATA,GEN_DUID,1,"2016/06/19 14:55:00",ROYALLA1,0,"2016/06/19 14:50:04"
D,METER_DATA,GEN_DUID,1,"2016/06/19 14:55:00",RPCG,-0.20,"2016/06/19 14:50:04"
D,METER_DATA,GEN_DUID,1,"2016/06/19 14:55:00",RUBICON,0,"2016/06/19 14:50:04"
D,METER_DATA,GEN_DUID,1,"2016/06/19 14:55:00",STARHLWF,1.699504,"2016/06/19 14:50:04"
D,METER_DATA,GEN_DUID,1,"2016/06/19 14:55:00",WAUBRAWF,23.412001,"2016/06/19 14:50:04"
D,METER_DATA,GEN_DUID,1,"2016/06/19 14:55:00",WOOLNTH1,55.440018,"2016/06/19 14:50:04"
D,METER_DATA,GEN_DUID,1,"2016/06/19 14:55:00",WPWF,2,"2016/06/19 14:50:04"
D,METER_DATA,GEN_DUID,1,"2016/06/19 14:55:00",YAMBUKWF,3.30,"2016/06/19 14:50:04"
D,METER_DATA,GEN_DUID,1,"2016/06/19 15:00:00",BBDISEL1,0,"2016/06/19 14:55:05"
D,METER_DATA,GEN_DUID,1,"2016/06/19 15:00:00",BUTLERSG,7.799998,"2016/06/19 14:55:05"
D,METER_DATA,GEN_DUID,1,"2016/06/19 15:00:00",CALL_A_4,0,"2016/06/19 14:55:05"
D,METER_DATA,GEN_DUID,1,"2016/06/19 15:00:00",CAPTL_WF,76.351997,"2016/06/19 14:55:05"
D,METER_DATA,GEN_DUID,1,"2016/06/19 15:00:00",CATAGUN1,0,"2016/06/19 14:55:05"
D,METER_DATA,GEN_DUID,1,"2016/06/19 15:00:00",CATHROCK,0,"2016/06/19 14:55:05"
D,METER_DATA,GEN_DUID,1,"2016/06/19 15:00:00",CHALLHWF,5.30,"2016/06/19 14:55:05"
D,METER_DATA,GEN_DUID,1,"2016/06/19 15:00:00",CLOVER,23.970001,"2016/06/19 14:55:05"
D,METER_DATA,GEN_DUID,1,"2016/06/19 15:00:00",CLUNY,14.390030,"2016/06/19 14:55:05"
D,METER_DATA,GEN_DUID,1,"2016/06/19 15:00:00",CNUNDAWF,5.806774,"2016/06/19 14:55:05"
D,METER_DATA,GEN_DUID,1,"2016/06/19 15:00:00",CULLRGWF,20.370001,"2016/06/19 14:55:05"
D,METER_DATA,GEN_DUID,1,"2016/06/19 15:00:00",ERGT01,0,"2016/06/19 14:55:05"
D,METER_DATA,GEN_DUID,1,"2016/06/19 15:00:00",GB01,0.147770,"2016/06/19 14:55:05"
D,METER_DATA,GEN_DUID,1,"2016/06/19 15:00:00",GEORGTN1,0,"2016/06/19 14:55:05"
D,METER_DATA,GEN_DUID,1,"2016/06/19 15:00:00",GEORGTN2,0,"2016/06/19 14:55:05"
D,METER_DATA,GEN_DUID,1,"2016/06/19 15:00:00",GERMCRK,36.299999,"2016/06/19 14:55:05"
D,METER_DATA,GEN_DUID,1,"2016/06/19 15:00:00",INVICTA,36.525002,"2016/06/19 14:55:05"
D,METER_DATA,GEN_DUID,1,"2016/06/19 15:00:00",LKBONNY1,5.447871,"2016/06/19 14:55:05"
D,METER_DATA,GEN_DUID,1,"2016/06/19 15:00:00",MBAHNTH,59.493752,"2016/06/19 14:55:05"
D,METER_DATA,GEN_DUID,1,"2016/06/19 15:00:00",MEADOWB2,0,"2016/06/19 14:55:05"
D,METER_DATA,GEN_DUID,1,"2016/06/19 15:00:00",MLWF1,2.46,"2016/06/19 14:55:05"
D,METER_DATA,GEN_DUID,1,"2016/06/19 15:00:00",MTMILLAR,2.738403,"2016/06/19 14:55:05"
D,METER_DATA,GEN_DUID,1,"2016/06/19 15:00:00",PALOONA,22.84,"2016/06/19 14:55:05"
D,METER_DATA,GEN_DUID,1,"2016/06/19 15:00:00",PORTLAT1,0,"2016/06/19 14:55:05"
D,METER_DATA,GEN_DUID,1,"2016/06/19 15:00:00",PORTWF,16.299999,"2016/06/19 14:55:05"
D,METER_DATA,GEN_DUID,1,"2016/06/19 15:00:00",QUERIVE1,-0.12,"2016/06/19 14:55:05"
D,METER_DATA,GEN_DUID,1,"2016/06/19 15:00:00",REPULSE,27.686914,"2016/06/19 14:55:05"
D,METER_DATA,GEN_DUID,1,"2016/06/19 15:00:00",ROWALLAN,9.7270,"2016/06/19 14:55:05"
D,METER_DATA,GEN_DUID,1,"2016/06/19 15:00:00",ROYALLA1,0,"2016/06/19 14:55:05"
D,METER_DATA,GEN_DUID,1,"2016/06/19 15:00:00",RPCG,-0.20,"2016/06/19 14:55:05"
D,METER_DATA,GEN_DUID,1,"2016/06/19 15:00:00",RUBICON,0,"2016/06/19 14:55:05"
D,METER_DATA,GEN_DUID,1,"2016/06/19 15:00:00",STARHLWF,2.3993,"2016/06/19 14:55:05"
D,METER_DATA,GEN_DUID,1,"2016/06/19 15:00:00",WAUBRAWF,22.971001,"2016/06/19 14:55:05"
D,METER_DATA,GEN_DUID,1,"2016/06/19 15:00:00",WOOLNTH1,52.390015,"2016/06/19 14:55:05"
D,METER_DATA,GEN_DUID,1,"2016/06/19 15:00:00",WPWF,0,"2016/06/19 14:55:05"
D,METER_DATA,GEN_DUID,1,"2016/06/19 15:00:00",YAMBUKWF,3.40,"2016/06/19 14:55:05"
D,METER_DATA,GEN_DUID,1,"2016/06/19 15:05:00",BBDISEL1,0,"2016/06/19 15:00:05"
D,METER_DATA,GEN_DUID,1,"2016/06/19 15:05:00",BUTLERSG,7.799998,"2016/06/19 15:00:05"
D,METER_DATA,GEN_DUID,1,"2016/06/19 15:05:00",CALL_A_4,0,"2016/06/19 15:00:05"
D,METER_DATA,GEN_DUID,1,"2016/06/19 15:05:00",CAPTL_WF,82.967995,"2016/06/19 15:00:05"
D,METER_DATA,GEN_DUID,1,"2016/06/19 15:05:00",CATAGUN1,0,"2016/06/19 15:00:05"
D,METER_DATA,GEN_DUID,1,"2016/06/19 15:05:00",CATHROCK,0,"2016/06/19 15:00:05"
D,METER_DATA,GEN_DUID,1,"2016/06/19 15:05:00",CHALLHWF,5.30,"2016/06/19 15:00:05"
D,METER_DATA,GEN_DUID,1,"2016/06/19 15:05:00",CLOVER,24.549999,"2016/06/19 15:00:05"
D,METER_DATA,GEN_DUID,1,"2016/06/19 15:05:00",CLUNY,14.947340,"2016/06/19 15:00:05"
D,METER_DATA,GEN_DUID,1,"2016/06/19 15:05:00",CNUNDAWF,4.905723,"2016/06/19 15:00:05"
D,METER_DATA,GEN_DUID,1,"2016/06/19 15:05:00",CULLRGWF,19.389999,"2016/06/19 15:00:05"
D,METER_DATA,GEN_DUID,1,"2016/06/19 15:05:00",ERGT01,0,"2016/06/19 15:00:05"
D,METER_DATA,GEN_DUID,1,"2016/06/19 15:05:00",GB01,0.147770,"2016/06/19 15:00:05"
D,METER_DATA,GEN_DUID,1,"2016/06/19 15:05:00",GEORGTN1,0,"2016/06/19 15:00:05"
D,METER_DATA,GEN_DUID,1,"2016/06/19 15:05:00",GEORGTN2,0,"2016/06/19 15:00:05"
D,METER_DATA,GEN_DUID,1,"2016/06/19 15:05:00",GERMCRK,37,"2016/06/19 15:00:05"
D,METER_DATA,GEN_DUID,1,"2016/06/19 15:05:00",INVICTA,34.299999,"2016/06/19 15:00:05"
D,METER_DATA,GEN_DUID,1,"2016/06/19 15:05:00",LKBONNY1,5.805109,"2016/06/19 15:00:05"
D,METER_DATA,GEN_DUID,1,"2016/06/19 15:05:00",MBAHNTH,59.493752,"2016/06/19 15:00:05"
D,METER_DATA,GEN_DUID,1,"2016/06/19 15:05:00",MEADOWB2,0,"2016/06/19 15:00:05"
D,METER_DATA,GEN_DUID,1,"2016/06/19 15:05:00",MLWF1,2.6550,"2016/06/19 15:00:05"
D,METER_DATA,GEN_DUID,1,"2016/06/19 15:05:00",MTMILLAR,3.184881,"2016/06/19 15:00:05"
D,METER_DATA,GEN_DUID,1,"2016/06/19 15:05:00",PALOONA,22.84,"2016/06/19 15:00:05"
D,METER_DATA,GEN_DUID,1,"2016/06/19 15:05:00",PORTLAT1,0,"2016/06/19 15:00:05"
D,METER_DATA,GEN_DUID,1,"2016/06/19 15:05:00",PORTWF,23,"2016/06/19 15:00:05"
D,METER_DATA,GEN_DUID,1,"2016/06/19 15:05:00",QUERIVE1,-0.12,"2016/06/19 15:00:05"
D,METER_DATA,GEN_DUID,1,"2016/06/19 15:05:00",REPULSE,28.468170,"2016/06/19 15:00:05"
D,METER_DATA,GEN_DUID,1,"2016/06/19 15:05:00",ROWALLAN,10.0181,"2016/06/19 15:00:05"
D,METER_DATA,GEN_DUID,1,"2016/06/19 15:05:00",ROYALLA1,0,"2016/06/19 15:00:05"
D,METER_DATA,GEN_DUID,1,"2016/06/19 15:05:00",RPCG,-0.20,"2016/06/19 15:00:05"
D,METER_DATA,GEN_DUID,1,"2016/06/19 15:05:00",RUBICON,0,"2016/06/19 15:00:05"
D,METER_DATA,GEN_DUID,1,"2016/06/19 15:05:00",STARHLWF,1.999417,"2016/06/19 15:00:05"
D,METER_DATA,GEN_DUID,1,"2016/06/19 15:05:00",WAUBRAWF,21.868999,"2016/06/19 15:00:05"
D,METER_DATA,GEN_DUID,1,"2016/06/19 15:05:00",WOOLNTH1,52.390015,"2016/06/19 15:00:05"
D,METER_DATA,GEN_DUID,1,"2016/06/19 15:05:00",WPWF,0,"2016/06/19 15:00:05"
D,METER_DATA,GEN_DUID,1,"2016/06/19 15:05:00",YAMBUKWF,3.10,"2016/06/19 15:00:05"
D,METER_DATA,GEN_DUID,1,"2016/06/19 15:10:00",BBDISEL1,0,"2016/06/19 15:05:05"
D,METER_DATA,GEN_DUID,1,"2016/06/19 15:10:00",BUTLERSG,7.799998,"2016/06/19 15:05:05"
D,METER_DATA,GEN_DUID,1,"2016/06/19 15:10:00",CALL_A_4,0,"2016/06/19 15:05:05"
D,METER_DATA,GEN_DUID,1,"2016/06/19 15:10:00",CAPTL_WF,89.192001,"2016/06/19 15:05:05"
D,METER_DATA,GEN_DUID,1,"2016/06/19 15:10:00",CATAGUN1,0,"2016/06/19 15:05:05"
D,METER_DATA,GEN_DUID,1,"2016/06/19 15:10:00",CATHROCK,0,"2016/06/19 15:05:05"
D,METER_DATA,GEN_DUID,1,"2016/06/19 15:10:00",CHALLHWF,5.30,"2016/06/19 15:05:05"
D,METER_DATA,GEN_DUID,1,"2016/06/19 15:10:00",CLOVER,24.169998,"2016/06/19 15:05:05"
D,METER_DATA,GEN_DUID,1,"2016/06/19 15:10:00",CLUNY,15.276011,"2016/06/19 15:05:05"
D,METER_DATA,GEN_DUID,1,"2016/06/19 15:10:00",CNUNDAWF,3.804438,"2016/06/19 15:05:05"
D,METER_DATA,GEN_DUID,1,"2016/06/19 15:10:00",CULLRGWF,21.370001,"2016/06/19 15:05:05"
D,METER_DATA,GEN_DUID,1,"2016/06/19 15:10:00",ERGT01,0,"2016/06/19 15:05:05"
D,METER_DATA,GEN_DUID,1,"2016/06/19 15:10:00",GB01,0.140694,"2016/06/19 15:05:05"
D,METER_DATA,GEN_DUID,1,"2016/06/19 15:10:00",GEORGTN1,0,"2016/06/19 15:05:05"
D,METER_DATA,GEN_DUID,1,"2016/06/19 15:10:00",GEORGTN2,0,"2016/06/19 15:05:05"
D,METER_DATA,GEN_DUID,1,"2016/06/19 15:10:00",GERMCRK,37.099998,"2016/06/19 15:05:05"
D,METER_DATA,GEN_DUID,1,"2016/06/19 15:10:00",INVICTA,35.8750,"2016/06/19 15:05:05"
D,METER_DATA,GEN_DUID,1,"2016/06/19 15:10:00",LKBONNY1,8.305771,"2016/06/19 15:05:05"
D,METER_DATA,GEN_DUID,1,"2016/06/19 15:10:00",MBAHNTH,59.493752,"2016/06/19 15:05:05"
D,METER_DATA,GEN_DUID,1,"2016/06/19 15:10:00",MEADOWB2,0,"2016/06/19 15:05:05"
D,METER_DATA,GEN_DUID,1,"2016/06/19 15:10:00",MLWF1,1.59,"2016/06/19 15:05:05"
D,METER_DATA,GEN_DUID,1,"2016/06/19 15:10:00",MTMILLAR,3.780186,"2016/06/19 15:05:05"
D,METER_DATA,GEN_DUID,1,"2016/06/19 15:10:00",PALOONA,22.84,"2016/06/19 15:05:05"
D,METER_DATA,GEN_DUID,1,"2016/06/19 15:10:00",PORTLAT1,0,"2016/06/19 15:05:05"
D,METER_DATA,GEN_DUID,1,"2016/06/19 15:10:00",PORTWF,24.200001,"2016/06/19 15:05:05"
D,METER_DATA,GEN_DUID,1,"2016/06/19 15:10:00",QUERIVE1,-0.12,"2016/06/19 15:05:05"
D,METER_DATA,GEN_DUID,1,"2016/06/19 15:10:00",REPULSE,28.144234,"2016/06/19 15:05:05"
D,METER_DATA,GEN_DUID,1,"2016/06/19 15:10:00",ROWALLAN,10.0110,"2016/06/19 15:05:05"
D,METER_DATA,GEN_DUID,1,"2016/06/19 15:10:00",ROYALLA1,0,"2016/06/19 15:05:05"
D,METER_DATA,GEN_DUID,1,"2016/06/19 15:10:00",RPCG,-0.20,"2016/06/19 15:05:05"
D,METER_DATA,GEN_DUID,1,"2016/06/19 15:10:00",RUBICON,0,"2016/06/19 15:05:05"
D,METER_DATA,GEN_DUID,1,"2016/06/19 15:10:00",STARHLWF,2.599242,"2016/06/19 15:05:05"
D,METER_DATA,GEN_DUID,1,"2016/06/19 15:10:00",WAUBRAWF,24.0790,"2016/06/19 15:05:05"
D,METER_DATA,GEN_DUID,1,"2016/06/19 15:10:00",WOOLNTH1,46.880016,"2016/06/19 15:05:05"
D,METER_DATA,GEN_DUID,1,"2016/06/19 15:10:00",WPWF,0,"2016/06/19 15:05:05"
D,METER_DATA,GEN_DUID,1,"2016/06/19 15:10:00",YAMBUKWF,2.80,"2016/06/19 15:05:05"
D,METER_DATA,GEN_DUID,1,"2016/06/19 15:15:00",BBDISEL1,0,"2016/06/19 15:10:05"
D,METER_DATA,GEN_DUID,1,"2016/06/19 15:15:00",BUTLERSG,7.799998,"2016/06/19 15:10:05"
D,METER_DATA,GEN_DUID,1,"2016/06/19 15:15:00",CALL_A_4,0,"2016/06/19 15:10:05"
D,METER_DATA,GEN_DUID,1,"2016/06/19 15:15:00",CAPTL_WF,95.099998,"2016/06/19 15:10:05"
D,METER_DATA,GEN_DUID,1,"2016/06/19 15:15:00",CATAGUN1,0,"2016/06/19 15:10:05"
D,METER_DATA,GEN_DUID,1,"2016/06/19 15:15:00",CATHROCK,0,"2016/06/19 15:10:05"
D,METER_DATA,GEN_DUID,1,"2016/06/19 15:15:00",CHALLHWF,5.40,"2016/06/19 15:10:05"
D,METER_DATA,GEN_DUID,1,"2016/06/19 15:15:00",CLOVER,24.16,"2016/06/19 15:10:05"
D,METER_DATA,GEN_DUID,1,"2016/06/19 15:15:00",CLUNY,14.561510,"2016/06/19 15:10:05"
D,METER_DATA,GEN_DUID,1,"2016/06/19 15:15:00",CNUNDAWF,3.003504,"2016/06/19 15:10:05"
D,METER_DATA,GEN_DUID,1,"2016/06/19 15:15:00",CULLRGWF,24.08,"2016/06/19 15:10:05"
D,METER_DATA,GEN_DUID,1,"2016/06/19 15:15:00",ERGT01,0,"2016/06/19 15:10:05"
D,METER_DATA,GEN_DUID,1,"2016/06/19 15:15:00",GB01,0.140694,"2016/06/19 15:10:05"
D,METER_DATA,GEN_DUID,1,"2016/06/19 15:15:00",GEORGTN1,0,"2016/06/19 15:10:05"
D,METER_DATA,GEN_DUID,1,"2016/06/19 15:15:00",GEORGTN2,0,"2016/06/19 15:10:05"
D,METER_DATA,GEN_DUID,1,"2016/06/19 15:15:00",GERMCRK,36.799999,"2016/06/19 15:10:05"
D,METER_DATA,GEN_DUID,1,"2016/06/19 15:15:00",INVICTA,35.725002,"2016/06/19 15:10:05"
D,METER_DATA,GEN_DUID,1,"2016/06/19 15:15:00",LKBONNY1,7.323368,"2016/06/19 15:10:05"
D,METER_DATA,GEN_DUID,1,"2016/06/19 15:15:00",MBAHNTH,59.493752,"2016/06/19 15:10:05"
D,METER_DATA,GEN_DUID,1,"2016/06/19 15:15:00",MEADOWB2,0,"2016/06/19 15:10:05"
D,METER_DATA,GEN_DUID,1,"2016/06/19 15:15:00",MLWF1,1.6050,"2016/06/19 15:10:05"
D,METER_DATA,GEN_DUID,1,"2016/06/19 15:15:00",MTMILLAR,2.790492,"2016/06/19 15:10:05"
D,METER_DATA,GEN_DUID,1,"2016/06/19 15:15:00",PALOONA,22.84,"2016/06/19 15:10:05"
D,METER_DATA,GEN_DUID,1,"2016/06/19 15:15:00",PORTLAT1,0,"2016/06/19 15:10:05"
D,METER_DATA,GEN_DUID,1,"2016/06/19 15:15:00",PORTWF,21.40,"2016/06/19 15:10:05"
D,METER_DATA,GEN_DUID,1,"2016/06/19 15:15:00",QUERIVE1,-0.13,"2016/06/19 15:10:05"
D,METER_DATA,GEN_DUID,1,"2016/06/19 15:15:00",REPULSE,27.324869,"2016/06/19 15:10:05"
D,METER_DATA,GEN_DUID,1,"2016/06/19 15:15:00",ROWALLAN,9.9471,"2016/06/19 15:10:05"
D,METER_DATA,GEN_DUID,1,"2016/06/19 15:15:00",ROYALLA1,0,"2016/06/19 15:10:05"
D,METER_DATA,GEN_DUID,1,"2016/06/19 15:15:00",RPCG,-0.20,"2016/06/19 15:10:05"
D,METER_DATA,GEN_DUID,1,"2016/06/19 15:15:00",RUBICON,0,"2016/06/19 15:10:05"
D,METER_DATA,GEN_DUID,1,"2016/06/19 15:15:00",STARHLWF,1.799475,"2016/06/19 15:10:05"
D,METER_DATA,GEN_DUID,1,"2016/06/19 15:15:00",WAUBRAWF,26.9370,"2016/06/19 15:10:05"
D,METER_DATA,GEN_DUID,1,"2016/06/19 15:15:00",WOOLNTH1,46.450016,"2016/06/19 15:10:05"
D,METER_DATA,GEN_DUID,1,"2016/06/19 15:15:00",WPWF,0,"2016/06/19 15:10:05"
D,METER_DATA,GEN_DUID,1,"2016/06/19 15:15:00",YAMBUKWF,3.20,"2016/06/19 15:10:05"
D,METER_DATA,GEN_DUID,1,"2016/06/19 15:20:00",BBDISEL1,0,"2016/06/19 15:15:05"
D,METER_DATA,GEN_DUID,1,"2016/06/19 15:20:00",BUTLERSG,7.799998,"2016/06/19 15:15:05"
D,METER_DATA,GEN_DUID,1,"2016/06/19 15:20:00",CALL_A_4,0,"2016/06/19 15:15:05"
D,METER_DATA,GEN_DUID,1,"2016/06/19 15:20:00",CAPTL_WF,111.800003,"2016/06/19 15:15:05"
D,METER_DATA,GEN_DUID,1,"2016/06/19 15:20:00",CATAGUN1,0,"2016/06/19 15:15:05"
D,METER_DATA,GEN_DUID,1,"2016/06/19 15:20:00",CATHROCK,2.34,"2016/06/19 15:15:05"
D,METER_DATA,GEN_DUID,1,"2016/06/19 15:20:00",CHALLHWF,5.60,"2016/06/19 15:15:05"
D,METER_DATA,GEN_DUID,1,"2016/06/19 15:20:00",CLOVER,23.950001,"2016/06/19 15:15:05"
D,METER_DATA,GEN_DUID,1,"2016/06/19 15:20:00",CLUNY,14.790151,"2016/06/19 15:15:05"
D,METER_DATA,GEN_DUID,1,"2016/06/19 15:20:00",CNUNDAWF,2.603036,"2016/06/19 15:15:05"
D,METER_DATA,GEN_DUID,1,"2016/06/19 15:20:00",CULLRGWF,25.030001,"2016/06/19 15:15:05"
D,METER_DATA,GEN_DUID,1,"2016/06/19 15:20:00",ERGT01,0,"2016/06/19 15:15:05"
D,METER_DATA,GEN_DUID,1,"2016/06/19 15:20:00",GB01,0.140694,"2016/06/19 15:15:05"
D,METER_DATA,GEN_DUID,1,"2016/06/19 15:20:00",GEORGTN1,0,"2016/06/19 15:15:05"
D,METER_DATA,GEN_DUID,1,"2016/06/19 15:20:00",GEORGTN2,0,"2016/06/19 15:15:05"
D,METER_DATA,GEN_DUID,1,"2016/06/19 15:20:00",GERMCRK,37.599998,"2016/06/19 15:15:05"
D,METER_DATA,GEN_DUID,1,"2016/06/19 15:20:00",INVICTA,35.775002,"2016/06/19 15:15:05"
D,METER_DATA,GEN_DUID,1,"2016/06/19 15:20:00",LKBONNY1,6.430274,"2016/06/19 15:15:05"
D,METER_DATA,GEN_DUID,1,"2016/06/19 15:20:00",MBAHNTH,59.493752,"2016/06/19 15:15:05"
D,METER_DATA,GEN_DUID,1,"2016/06/19 15:20:00",MEADOWB2,0,"2016/06/19 15:15:05"
D,METER_DATA,GEN_DUID,1,"2016/06/19 15:20:00",MLWF1,2.2650,"2016/06/19 15:15:05"
D,METER_DATA,GEN_DUID,1,"2016/06/19 15:20:00",MTMILLAR,2.217511,"2016/06/19 15:15:05"
D,METER_DATA,GEN_DUID,1,"2016/06/19 15:20:00",PALOONA,22.84,"2016/06/19 15:15:05"
D,METER_DATA,GEN_DUID,1,"2016/06/19 15:20:00",PORTLAT1,0,"2016/06/19 15:15:05"
D,METER_DATA,GEN_DUID,1,"2016/06/19 15:20:00",PORTWF,16.799999,"2016/06/19 15:15:05"
D,METER_DATA,GEN_DUID,1,"2016/06/19 15:20:00",QUERIVE1,-0.13,"2016/06/19 15:15:05"
D,METER_DATA,GEN_DUID,1,"2016/06/19 15:20:00",REPULSE,27.820299,"2016/06/19 15:15:05"
D,METER_DATA,GEN_DUID,1,"2016/06/19 15:20:00",ROWALLAN,9.9116,"2016/06/19 15:15:05"
D,METER_DATA,GEN_DUID,1,"2016/06/19 15:20:00",ROYALLA1,0,"2016/06/19 15:15:05"
D,METER_DATA,GEN_DUID,1,"2016/06/19 15:20:00",RPCG,-0.20,"2016/06/19 15:15:05"
D,METER_DATA,GEN_DUID,1,"2016/06/19 15:20:00",RUBICON,0,"2016/06/19 15:15:05"
D,METER_DATA,GEN_DUID,1,"2016/06/19 15:20:00",STARHLWF,1.299621,"2016/06/19 15:15:05"
D,METER_DATA,GEN_DUID,1,"2016/06/19 15:20:00",WAUBRAWF,32.021999,"2016/06/19 15:15:05"
D,METER_DATA,GEN_DUID,1,"2016/06/19 15:20:00",WOOLNTH1,46.940018,"2016/06/19 15:15:05"
D,METER_DATA,GEN_DUID,1,"2016/06/19 15:20:00",WPWF,0,"2016/06/19 15:15:05"
D,METER_DATA,GEN_DUID,1,"2016/06/19 15:20:00",YAMBUKWF,2.50,"2016/06/19 15:15:05"
D,METER_DATA,GEN_DUID,1,"2016/06/19 15:25:00",BBDISEL1,0,"2016/06/19 15:20:05"
D,METER_DATA,GEN_DUID,1,"2016/06/19 15:25:00",BUTLERSG,7.799998,"2016/06/19 15:20:05"
D,METER_DATA,GEN_DUID,1,"2016/06/19 15:25:00",CALL_A_4,0,"2016/06/19 15:20:05"
D,METER_DATA,GEN_DUID,1,"2016/06/19 15:25:00",CAPTL_WF,115.2080,"2016/06/19 15:20:05"
D,METER_DATA,GEN_DUID,1,"2016/06/19 15:25:00",CATAGUN1,0,"2016/06/19 15:20:05"
D,METER_DATA,GEN_DUID,1,"2016/06/19 15:25:00",CATHROCK,1.56,"2016/06/19 15:20:05"
D,METER_DATA,GEN_DUID,1,"2016/06/19 15:25:00",CHALLHWF,5.10,"2016/06/19 15:20:05"
D,METER_DATA,GEN_DUID,1,"2016/06/19 15:25:00",CLOVER,24.389999,"2016/06/19 15:20:05"
D,METER_DATA,GEN_DUID,1,"2016/06/19 15:25:00",CLUNY,15.447491,"2016/06/19 15:20:05"
D,METER_DATA,GEN_DUID,1,"2016/06/19 15:25:00",CNUNDAWF,2.202569,"2016/06/19 15:20:05"
D,METER_DATA,GEN_DUID,1,"2016/06/19 15:25:00",CULLRGWF,25.559999,"2016/06/19 15:20:05"
D,METER_DATA,GEN_DUID,1,"2016/06/19 15:25:00",ERGT01,0,"2016/06/19 15:20:05"
D,METER_DATA,GEN_DUID,1,"2016/06/19 15:25:00",GB01,0.140694,"2016/06/19 15:20:05"
D,METER_DATA,GEN_DUID,1,"2016/06/19 15:25:00",GEORGTN1,0,"2016/06/19 15:20:05"
D,METER_DATA,GEN_DUID,1,"2016/06/19 15:25:00",GEORGTN2,0,"2016/06/19 15:20:05"
D,METER_DATA,GEN_DUID,1,"2016/06/19 15:25:00",GERMCRK,36.599998,"2016/06/19 15:20:05"
D,METER_DATA,GEN_DUID,1,"2016/06/19 15:25:00",INVICTA,35.775002,"2016/06/19 15:20:05"
D,METER_DATA,GEN_DUID,1,"2016/06/19 15:25:00",LKBONNY1,5.001324,"2016/06/19 15:20:05"
D,METER_DATA,GEN_DUID,1,"2016/06/19 15:25:00",MBAHNTH,59.493752,"2016/06/19 15:20:05"
D,METER_DATA,GEN_DUID,1,"2016/06/19 15:25:00",MEADOWB2,0,"2016/06/19 15:20:05"
D,METER_DATA,GEN_DUID,1,"2016/06/19 15:25:00",MLWF1,3.4350,"2016/06/19 15:20:05"
D,METER_DATA,GEN_DUID,1,"2016/06/19 15:25:00",MTMILLAR,2.388661,"2016/06/19 15:20:05"
D,METER_DATA,GEN_DUID,1,"2016/06/19 15:25:00",PALOONA,22.84,"2016/06/19 15:20:05"
D,METER_DATA,GEN_DUID,1,"2016/06/19 15:25:00",PORTLAT1,0,"2016/06/19 15:20:05"
D,METER_DATA,GEN_DUID,1,"2016/06/19 15:25:00",PORTWF,14,"2016/06/19 15:20:05"
D,METER_DATA,GEN_DUID,1,"2016/06/19 15:25:00",QUERIVE1,-0.12,"2016/06/19 15:20:05"
D,METER_DATA,GEN_DUID,1,"2016/06/19 15:25:00",REPULSE,28.468170,"2016/06/19 15:20:05"
D,METER_DATA,GEN_DUID,1,"2016/06/19 15:25:00",ROWALLAN,10.4938,"2016/06/19 15:20:05"
D,METER_DATA,GEN_DUID,1,"2016/06/19 15:25:00",ROYALLA1,0,"2016/06/19 15:20:05"
D,METER_DATA,GEN_DUID,1,"2016/06/19 15:25:00",RPCG,-0.20,"2016/06/19 15:20:05"
D,METER_DATA,GEN_DUID,1,"2016/06/19 15:25:00",RUBICON,0,"2016/06/19 15:20:05"
D,METER_DATA,GEN_DUID,1,"2016/06/19 15:25:00",STARHLWF,1.999417,"2016/06/19 15:20:05"
D,METER_DATA,GEN_DUID,1,"2016/06/19 15:25:00",WAUBRAWF,34.1590,"2016/06/19 15:20:05"
D,METER_DATA,GEN_DUID,1,"2016/06/19 15:25:00",WOOLNTH1,45.970016,"2016/06/19 15:20:05"
D,METER_DATA,GEN_DUID,1,"2016/06/19 15:25:00",WPWF,0,"2016/06/19 15:20:05"
D,METER_DATA,GEN_DUID,1,"2016/06/19 15:25:00",YAMBUKWF,3.20,"2016/06/19 15:20:05"
D,METER_DATA,GEN_DUID,1,"2016/06/19 15:30:00",BBDISEL1,0,"2016/06/19 15:25:04"
D,METER_DATA,GEN_DUID,1,"2016/06/19 15:30:00",BUTLERSG,7.799998,"2016/06/19 15:25:04"
D,METER_DATA,GEN_DUID,1,"2016/06/19 15:30:00",CALL_A_4,0,"2016/06/19 15:25:04"
D,METER_DATA,GEN_DUID,1,"2016/06/19 15:30:00",CAPTL_WF,121.240005,"2016/06/19 15:25:04"
D,METER_DATA,GEN_DUID,1,"2016/06/19 15:30:00",CATAGUN1,0,"2016/06/19 15:25:04"
D,METER_DATA,GEN_DUID,1,"2016/06/19 15:30:00",CATHROCK,0,"2016/06/19 15:25:04"
D,METER_DATA,GEN_DUID,1,"2016/06/19 15:30:00",CHALLHWF,6.30,"2016/06/19 15:25:04"
D,METER_DATA,GEN_DUID,1,"2016/06/19 15:30:00",CLOVER,24.130001,"2016/06/19 15:25:04"
D,METER_DATA,GEN_DUID,1,"2016/06/19 15:30:00",CLUNY,15.276011,"2016/06/19 15:25:04"
D,METER_DATA,GEN_DUID,1,"2016/06/19 15:30:00",CNUNDAWF,2.202569,"2016/06/19 15:25:04"
D,METER_DATA,GEN_DUID,1,"2016/06/19 15:30:00",CULLRGWF,25.10,"2016/06/19 15:25:04"
D,METER_DATA,GEN_DUID,1,"2016/06/19 15:30:00",ERGT01,0,"2016/06/19 15:25:04"
D,METER_DATA,GEN_DUID,1,"2016/06/19 15:30:00",GB01,0.140694,"2016/06/19 15:25:04"
D,METER_DATA,GEN_DUID,1,"2016/06/19 15:30:00",GEORGTN1,0,"2016/06/19 15:25:04"
D,METER_DATA,GEN_DUID,1,"2016/06/19 15:30:00",GEORGTN2,0,"2016/06/19 15:25:04"
D,METER_DATA,GEN_DUID,1,"2016/06/19 15:30:00",GERMCRK,37.400002,"2016/06/19 15:25:04"
D,METER_DATA,GEN_DUID,1,"2016/06/19 15:30:00",INVICTA,35.775002,"2016/06/19 15:25:04"
D,METER_DATA,GEN_DUID,1,"2016/06/19 15:30:00",LKBONNY1,3.393756,"2016/06/19 15:25:04"
D,METER_DATA,GEN_DUID,1,"2016/06/19 15:30:00",MBAHNTH,59.493752,"2016/06/19 15:25:04"
D,METER_DATA,GEN_DUID,1,"2016/06/19 15:30:00",MEADOWB2,0,"2016/06/19 15:25:04"
D,METER_DATA,GEN_DUID,1,"2016/06/19 15:30:00",MLWF1,3.0150,"2016/06/19 15:25:04"
D,METER_DATA,GEN_DUID,1,"2016/06/19 15:30:00",MTMILLAR,2.046361,"2016/06/19 15:25:04"
D,METER_DATA,GEN_DUID,1,"2016/06/19 15:30:00",PALOONA,22.84,"2016/06/19 15:25:04"
D,METER_DATA,GEN_DUID,1,"2016/06/19 15:30:00",PORTLAT1,0,"2016/06/19 15:25:04"
D,METER_DATA,GEN_DUID,1,"2016/06/19 15:30:00",PORTWF,12.50,"2016/06/19 15:25:04"
D,METER_DATA,GEN_DUID,1,"2016/06/19 15:30:00",QUERIVE1,-0.13,"2016/06/19 15:25:04"
D,METER_DATA,GEN_DUID,1,"2016/06/19 15:30:00",REPULSE,28.372894,"2016/06/19 15:25:04"
D,METER_DATA,GEN_DUID,1,"2016/06/19 15:30:00",ROWALLAN,10.5222,"2016/06/19 15:25:04"
D,METER_DATA,GEN_DUID,1,"2016/06/19 15:30:00",ROYALLA1,0,"2016/06/19 15:25:04"
D,METER_DATA,GEN_DUID,1,"2016/06/19 15:30:00",RPCG,-0.20,"2016/06/19 15:25:04"
D,METER_DATA,GEN_DUID,1,"2016/06/19 15:30:00",RUBICON,0,"2016/06/19 15:25:04"
D,METER_DATA,GEN_DUID,1,"2016/06/19 15:30:00",STARHLWF,2.499271,"2016/06/19 15:25:04"
D,METER_DATA,GEN_DUID,1,"2016/06/19 15:30:00",WAUBRAWF,34.603001,"2016/06/19 15:25:04"
D,METER_DATA,GEN_DUID,1,"2016/06/19 15:30:00",WOOLNTH1,45.740013,"2016/06/19 15:25:04"
D,METER_DATA,GEN_DUID,1,"2016/06/19 15:30:00",WPWF,0,"2016/06/19 15:25:04"
D,METER_DATA,GEN_DUID,1,"2016/06/19 15:30:00",YAMBUKWF,3.30,"2016/06/19 15:25:04"
D,METER_DATA,GEN_DUID,1,"2016/06/19 15:35:00",BBDISEL1,0,"2016/06/19 15:30:04"
D,METER_DATA,GEN_DUID,1,"2016/06/19 15:35:00",BUTLERSG,7.799998,"2016/06/19 15:30:04"
D,METER_DATA,GEN_DUID,1,"2016/06/19 15:35:00",CALL_A_4,0,"2016/06/19 15:30:04"
D,METER_DATA,GEN_DUID,1,"2016/06/19 15:35:00",CAPTL_WF,123.147995,"2016/06/19 15:30:04"
D,METER_DATA,GEN_DUID,1,"2016/06/19 15:35:00",CATAGUN1,0,"2016/06/19 15:30:04"
D,METER_DATA,GEN_DUID,1,"2016/06/19 15:35:00",CATHROCK,0,"2016/06/19 15:30:04"
D,METER_DATA,GEN_DUID,1,"2016/06/19 15:35:00",CHALLHWF,6.50,"2016/06/19 15:30:04"
D,METER_DATA,GEN_DUID,1,"2016/06/19 15:35:00",CLOVER,24.18,"2016/06/19 15:30:04"
D,METER_DATA,GEN_DUID,1,"2016/06/19 15:35:00",CLUNY,15.476070,"2016/06/19 15:30:04"
D,METER_DATA,GEN_DUID,1,"2016/06/19 15:35:00",CNUNDAWF,2.202569,"2016/06/19 15:30:04"
D,METER_DATA,GEN_DUID,1,"2016/06/19 15:35:00",CULLRGWF,24.59,"2016/06/19 15:30:04"
D,METER_DATA,GEN_DUID,1,"2016/06/19 15:35:00",ERGT01,0,"2016/06/19 15:30:04"
D,METER_DATA,GEN_DUID,1,"2016/06/19 15:35:00",GB01,0.140694,"2016/06/19 15:30:04"
D,METER_DATA,GEN_DUID,1,"2016/06/19 15:35:00",GEORGTN1,0,"2016/06/19 15:30:04"
D,METER_DATA,GEN_DUID,1,"2016/06/19 15:35:00",GEORGTN2,0,"2016/06/19 15:30:04"
D,METER_DATA,GEN_DUID,1,"2016/06/19 15:35:00",GERMCRK,37.299999,"2016/06/19 15:30:04"
D,METER_DATA,GEN_DUID,1,"2016/06/19 15:35:00",INVICTA,35.775002,"2016/06/19 15:30:04"
D,METER_DATA,GEN_DUID,1,"2016/06/19 15:35:00",LKBONNY1,2.322043,"2016/06/19 15:30:04"
D,METER_DATA,GEN_DUID,1,"2016/06/19 15:35:00",MBAHNTH,59.493752,"2016/06/19 15:30:04"
D,METER_DATA,GEN_DUID,1,"2016/06/19 15:35:00",MEADOWB2,0,"2016/06/19 15:30:04"
D,METER_DATA,GEN_DUID,1,"2016/06/19 15:35:00",MLWF1,2.5950,"2016/06/19 15:30:04"
D,METER_DATA,GEN_DUID,1,"2016/06/19 15:35:00",MTMILLAR,1.838004,"2016/06/19 15:30:04"
D,METER_DATA,GEN_DUID,1,"2016/06/19 15:35:00",PALOONA,22.84,"2016/06/19 15:30:04"
D,METER_DATA,GEN_DUID,1,"2016/06/19 15:35:00",PORTLAT1,0,"2016/06/19 15:30:04"
D,METER_DATA,GEN_DUID,1,"2016/06/19 15:35:00",PORTWF,12.70,"2016/06/19 15:30:04"
D,METER_DATA,GEN_DUID,1,"2016/06/19 15:35:00",QUERIVE1,-0.13,"2016/06/19 15:30:04"
D,METER_DATA,GEN_DUID,1,"2016/06/19 15:35:00",REPULSE,28.753994,"2016/06/19 15:30:04"
D,METER_DATA,GEN_DUID,1,"2016/06/19 15:35:00",ROWALLAN,10.5577,"2016/06/19 15:30:04"
D,METER_DATA,GEN_DUID,1,"2016/06/19 15:35:00",ROYALLA1,0,"2016/06/19 15:30:04"
D,METER_DATA,GEN_DUID,1,"2016/06/19 15:35:00",RPCG,-0.20,"2016/06/19 15:30:04"
D,METER_DATA,GEN_DUID,1,"2016/06/19 15:35:00",RUBICON,0,"2016/06/19 15:30:04"
D,METER_DATA,GEN_DUID,1,"2016/06/19 15:35:00",STARHLWF,2.099388,"2016/06/19 15:30:04"
D,METER_DATA,GEN_DUID,1,"2016/06/19 15:35:00",WAUBRAWF,33.963001,"2016/06/19 15:30:04"
D,METER_DATA,GEN_DUID,1,"2016/06/19 15:35:00",WOOLNTH1,43.940018,"2016/06/19 15:30:04"
D,METER_DATA,GEN_DUID,1,"2016/06/19 15:35:00",WPWF,0,"2016/06/19 15:30:04"
D,METER_DATA,GEN_DUID,1,"2016/06/19 15:35:00",YAMBUKWF,3.20,"2016/06/19 15:30:04"
D,METER_DATA,GEN_DUID,1,"2016/06/19 15:40:00",BBDISEL1,0,"2016/06/19 15:35:04"
D,METER_DATA,GEN_DUID,1,"2016/06/19 15:40:00",BUTLERSG,7.799998,"2016/06/19 15:35:04"
D,METER_DATA,GEN_DUID,1,"2016/06/19 15:40:00",CALL_A_4,0,"2016/06/19 15:35:04"
D,METER_DATA,GEN_DUID,1,"2016/06/19 15:40:00",CAPTL_WF,124.779999,"2016/06/19 15:35:04"
D,METER_DATA,GEN_DUID,1,"2016/06/19 15:40:00",CATAGUN1,0,"2016/06/19 15:35:04"
D,METER_DATA,GEN_DUID,1,"2016/06/19 15:40:00",CATHROCK,1.69,"2016/06/19 15:35:04"
D,METER_DATA,GEN_DUID,1,"2016/06/19 15:40:00",CHALLHWF,5.90,"2016/06/19 15:35:04"
D,METER_DATA,GEN_DUID,1,"2016/06/19 15:40:00",CLOVER,23.92,"2016/06/19 15:35:04"
D,METER_DATA,GEN_DUID,1,"2016/06/19 15:40:00",CLUNY,14.975921,"2016/06/19 15:35:04"
D,METER_DATA,GEN_DUID,1,"2016/06/19 15:40:00",CNUNDAWF,2.202569,"2016/06/19 15:35:04"
D,METER_DATA,GEN_DUID,1,"2016/06/19 15:40:00",CULLRGWF,24.690001,"2016/06/19 15:35:04"
D,METER_DATA,GEN_DUID,1,"2016/06/19 15:40:00",ERGT01,0,"2016/06/19 15:35:04"
D,METER_DATA,GEN_DUID,1,"2016/06/19 15:40:00",GB01,0.140694,"2016/06/19 15:35:04"
D,METER_DATA,GEN_DUID,1,"2016/06/19 15:40:00",GEORGTN1,0,"2016/06/19 15:35:04"
D,METER_DATA,GEN_DUID,1,"2016/06/19 15:40:00",GEORGTN2,0,"2016/06/19 15:35:04"
D,METER_DATA,GEN_DUID,1,"2016/06/19 15:40:00",GERMCRK,37.599998,"2016/06/19 15:35:04"
D,METER_DATA,GEN_DUID,1,"2016/06/19 15:40:00",INVICTA,35.775002,"2016/06/19 15:35:04"
D,METER_DATA,GEN_DUID,1,"2016/06/19 15:40:00",LKBONNY1,2.054115,"2016/06/19 15:35:04"
D,METER_DATA,GEN_DUID,1,"2016/06/19 15:40:00",MBAHNTH,59.493752,"2016/06/19 15:35:04"
D,METER_DATA,GEN_DUID,1,"2016/06/19 15:40:00",MEADOWB2,0,"2016/06/19 15:35:04"
D,METER_DATA,GEN_DUID,1,"2016/06/19 15:40:00",MLWF1,2.40,"2016/06/19 15:35:04"
D,METER_DATA,GEN_DUID,1,"2016/06/19 15:40:00",MTMILLAR,2.939318,"2016/06/19 15:35:04"
D,METER_DATA,GEN_DUID,1,"2016/06/19 15:40:00",PALOONA,22.84,"2016/06/19 15:35:04"
D,METER_DATA,GEN_DUID,1,"2016/06/19 15:40:00",PORTLAT1,0,"2016/06/19 15:35:04"
D,METER_DATA,GEN_DUID,1,"2016/06/19 15:40:00",PORTWF,16.10,"2016/06/19 15:35:04"
D,METER_DATA,GEN_DUID,1,"2016/06/19 15:40:00",QUERIVE1,-0.13,"2016/06/19 15:35:04"
D,METER_DATA,GEN_DUID,1,"2016/06/19 15:40:00",REPULSE,28.315729,"2016/06/19 15:35:04"
D,METER_DATA,GEN_DUID,1,"2016/06/19 15:40:00",ROWALLAN,10.3518,"2016/06/19 15:35:04"
D,METER_DATA,GEN_DUID,1,"2016/06/19 15:40:00",ROYALLA1,0,"2016/06/19 15:35:04"
D,METER_DATA,GEN_DUID,1,"2016/06/19 15:40:00",RPCG,-0.20,"2016/06/19 15:35:04"
D,METER_DATA,GEN_DUID,1,"2016/06/19 15:40:00",RUBICON,0,"2016/06/19 15:35:04"
D,METER_DATA,GEN_DUID,1,"2016/06/19 15:40:00",STARHLWF,1.599534,"2016/06/19 15:35:04"
D,METER_DATA,GEN_DUID,1,"2016/06/19 15:40:00",WAUBRAWF,36.874001,"2016/06/19 15:35:04"
D,METER_DATA,GEN_DUID,1,"2016/06/19 15:40:00",WOOLNTH1,42.390015,"2016/06/19 15:35:04"
D,METER_DATA,GEN_DUID,1,"2016/06/19 15:40:00",WPWF,0,"2016/06/19 15:35:04"
D,METER_DATA,GEN_DUID,1,"2016/06/19 15:40:00",YAMBUKWF,4.20,"2016/06/19 15:35:04"
D,METER_DATA,GEN_DUID,1,"2016/06/19 15:45:00",BBDISEL1,0,"2016/06/19 15:40:04"
D,METER_DATA,GEN_DUID,1,"2016/06/19 15:45:00",BUTLERSG,7.799998,"2016/06/19 15:40:04"
D,METER_DATA,GEN_DUID,1,"2016/06/19 15:45:00",CALL_A_4,0,"2016/06/19 15:40:04"
D,METER_DATA,GEN_DUID,1,"2016/06/19 15:45:00",CAPTL_WF,124.839996,"2016/06/19 15:40:04"
D,METER_DATA,GEN_DUID,1,"2016/06/19 15:45:00",CATAGUN1,0,"2016/06/19 15:40:04"
D,METER_DATA,GEN_DUID,1,"2016/06/19 15:45:00",CATHROCK,1.61,"2016/06/19 15:40:04"
D,METER_DATA,GEN_DUID,1,"2016/06/19 15:45:00",CHALLHWF,6.40,"2016/06/19 15:40:04"
D,METER_DATA,GEN_DUID,1,"2016/06/19 15:45:00",CLOVER,24.26,"2016/06/19 15:40:04"
D,METER_DATA,GEN_DUID,1,"2016/06/19 15:45:00",CLUNY,15.476070,"2016/06/19 15:40:04"
D,METER_DATA,GEN_DUID,1,"2016/06/19 15:45:00",CNUNDAWF,2.603036,"2016/06/19 15:40:04"
D,METER_DATA,GEN_DUID,1,"2016/06/19 15:45:00",CULLRGWF,25.17,"2016/06/19 15:40:04"
D,METER_DATA,GEN_DUID,1,"2016/06/19 15:45:00",ERGT01,0,"2016/06/19 15:40:04"
D,METER_DATA,GEN_DUID,1,"2016/06/19 15:45:00",GB01,0.140694,"2016/06/19 15:40:04"
D,METER_DATA,GEN_DUID,1,"2016/06/19 15:45:00",GEORGTN1,0,"2016/06/19 15:40:04"
D,METER_DATA,GEN_DUID,1,"2016/06/19 15:45:00",GEORGTN2,0,"2016/06/19 15:40:04"
D,METER_DATA,GEN_DUID,1,"2016/06/19 15:45:00",GERMCRK,38.50,"2016/06/19 15:40:04"
D,METER_DATA,GEN_DUID,1,"2016/06/19 15:45:00",INVICTA,35.775002,"2016/06/19 15:40:04"
D,METER_DATA,GEN_DUID,1,"2016/06/19 15:45:00",LKBONNY1,1.696878,"2016/06/19 15:40:04"
D,METER_DATA,GEN_DUID,1,"2016/06/19 15:45:00",MBAHNTH,59.493752,"2016/06/19 15:40:04"
D,METER_DATA,GEN_DUID,1,"2016/06/19 15:45:00",MEADOWB2,0,"2016/06/19 15:40:04"
D,METER_DATA,GEN_DUID,1,"2016/06/19 15:45:00",MLWF1,3.8850,"2016/06/19 15:40:04"
D,METER_DATA,GEN_DUID,1,"2016/06/19 15:45:00",MTMILLAR,2.634224,"2016/06/19 15:40:04"
D,METER_DATA,GEN_DUID,1,"2016/06/19 15:45:00",PALOONA,22.84,"2016/06/19 15:40:04"
D,METER_DATA,GEN_DUID,1,"2016/06/19 15:45:00",PORTLAT1,0,"2016/06/19 15:40:04"
D,METER_DATA,GEN_DUID,1,"2016/06/19 15:45:00",PORTWF,17.299999,"2016/06/19 15:40:04"
D,METER_DATA,GEN_DUID,1,"2016/06/19 15:45:00",QUERIVE1,-0.13,"2016/06/19 15:40:04"
D,METER_DATA,GEN_DUID,1,"2016/06/19 15:45:00",REPULSE,28.639664,"2016/06/19 15:40:04"
D,METER_DATA,GEN_DUID,1,"2016/06/19 15:45:00",ROWALLAN,10.3163,"2016/06/19 15:40:04"
D,METER_DATA,GEN_DUID,1,"2016/06/19 15:45:00",ROYALLA1,0,"2016/06/19 15:40:04"
D,METER_DATA,GEN_DUID,1,"2016/06/19 15:45:00",RPCG,-0.20,"2016/06/19 15:40:04"
D,METER_DATA,GEN_DUID,1,"2016/06/19 15:45:00",RUBICON,0,"2016/06/19 15:40:04"
D,METER_DATA,GEN_DUID,1,"2016/06/19 15:45:00",STARHLWF,2.199359,"2016/06/19 15:40:04"
D,METER_DATA,GEN_DUID,1,"2016/06/19 15:45:00",WAUBRAWF,41.039001,"2016/06/19 15:40:04"
D,METER_DATA,GEN_DUID,1,"2016/06/19 15:45:00",WOOLNTH1,42.490017,"2016/06/19 15:40:04"
D,METER_DATA,GEN_DUID,1,"2016/06/19 15:45:00",WPWF,0,"2016/06/19 15:40:04"
D,METER_DATA,GEN_DUID,1,"2016/06/19 15:45:00",YAMBUKWF,4.70,"2016/06/19 15:40:04"
D,METER_DATA,GEN_DUID,1,"2016/06/19 15:50:00",BBDISEL1,0,"2016/06/19 15:45:04"
D,METER_DATA,GEN_DUID,1,"2016/06/19 15:50:00",BUTLERSG,7.799998,"2016/06/19 15:45:04"
D,METER_DATA,GEN_DUID,1,"2016/06/19 15:50:00",CALL_A_4,0,"2016/06/19 15:45:04"
D,METER_DATA,GEN_DUID,1,"2016/06/19 15:50:00",CAPTL_WF,123.080002,"2016/06/19 15:45:04"
D,METER_DATA,GEN_DUID,1,"2016/06/19 15:50:00",CATAGUN1,0,"2016/06/19 15:45:04"
D,METER_DATA,GEN_DUID,1,"2016/06/19 15:50:00",CATHROCK,2.20,"2016/06/19 15:45:04"
D,METER_DATA,GEN_DUID,1,"2016/06/19 15:50:00",CHALLHWF,6.10,"2016/06/19 15:45:04"
D,METER_DATA,GEN_DUID,1,"2016/06/19 15:50:00",CLOVER,23.75,"2016/06/19 15:45:04"
D,METER_DATA,GEN_DUID,1,"2016/06/19 15:50:00",CLUNY,14.961630,"2016/06/19 15:45:04"
D,METER_DATA,GEN_DUID,1,"2016/06/19 15:50:00",CNUNDAWF,4.605372,"2016/06/19 15:45:04"
D,METER_DATA,GEN_DUID,1,"2016/06/19 15:50:00",CULLRGWF,26.24,"2016/06/19 15:45:04"
D,METER_DATA,GEN_DUID,1,"2016/06/19 15:50:00",ERGT01,0,"2016/06/19 15:45:04"
D,METER_DATA,GEN_DUID,1,"2016/06/19 15:50:00",GB01,0.140694,"2016/06/19 15:45:04"
D,METER_DATA,GEN_DUID,1,"2016/06/19 15:50:00",GEORGTN1,0,"2016/06/19 15:45:04"
D,METER_DATA,GEN_DUID,1,"2016/06/19 15:50:00",GEORGTN2,0,"2016/06/19 15:45:04"
D,METER_DATA,GEN_DUID,1,"2016/06/19 15:50:00",GERMCRK,39.200001,"2016/06/19 15:45:04"
D,METER_DATA,GEN_DUID,1,"2016/06/19 15:50:00",INVICTA,35.775002,"2016/06/19 15:45:04"
D,METER_DATA,GEN_DUID,1,"2016/06/19 15:50:00",LKBONNY1,1.875497,"2016/06/19 15:45:04"
D,METER_DATA,GEN_DUID,1,"2016/06/19 15:50:00",MBAHNTH,59.493752,"2016/06/19 15:45:04"
D,METER_DATA,GEN_DUID,1,"2016/06/19 15:50:00",MEADOWB2,0,"2016/06/19 15:45:04"
D,METER_DATA,GEN_DUID,1,"2016/06/19 15:50:00",MLWF1,2.6250,"2016/06/19 15:45:04"
D,METER_DATA,GEN_DUID,1,"2016/06/19 15:50:00",MTMILLAR,1.9273,"2016/06/19 15:45:04"
D,METER_DATA,GEN_DUID,1,"2016/06/19 15:50:00",PALOONA,22.84,"2016/06/19 15:45:04"
D,METER_DATA,GEN_DUID,1,"2016/06/19 15:50:00",PORTLAT1,0,"2016/06/19 15:45:04"
D,METER_DATA,GEN_DUID,1,"2016/06/19 15:50:00",PORTWF,16.60,"2016/06/19 15:45:04"
D,METER_DATA,GEN_DUID,1,"2016/06/19 15:50:00",QUERIVE1,-0.13,"2016/06/19 15:45:04"
D,METER_DATA,GEN_DUID,1,"2016/06/19 15:50:00",REPULSE,29.135094,"2016/06/19 15:45:04"
D,METER_DATA,GEN_DUID,1,"2016/06/19 15:50:00",ROWALLAN,10.0962,"2016/06/19 15:45:04"
D,METER_DATA,GEN_DUID,1,"2016/06/19 15:50:00",ROYALLA1,0,"2016/06/19 15:45:04"
D,METER_DATA,GEN_DUID,1,"2016/06/19 15:50:00",RPCG,-0.20,"2016/06/19 15:45:04"
D,METER_DATA,GEN_DUID,1,"2016/06/19 15:50:00",RUBICON,0,"2016/06/19 15:45:04"
D,METER_DATA,GEN_DUID,1,"2016/06/19 15:50:00",STARHLWF,2.099388,"2016/06/19 15:45:04"
D,METER_DATA,GEN_DUID,1,"2016/06/19 15:50:00",WAUBRAWF,43.080002,"2016/06/19 15:45:04"
D,METER_DATA,GEN_DUID,1,"2016/06/19 15:50:00",WOOLNTH1,39.640015,"2016/06/19 15:45:04"
D,METER_DATA,GEN_DUID,1,"2016/06/19 15:50:00",WPWF,0,"2016/06/19 15:45:04"
D,METER_DATA,GEN_DUID,1,"2016/06/19 15:50:00",YAMBUKWF,4.40,"2016/06/19 15:45:04"
D,METER_DATA,GEN_DUID,1,"2016/06/19 15:55:00",BBDISEL1,0,"2016/06/19 15:50:05"
D,METER_DATA,GEN_DUID,1,"2016/06/19 15:55:00",BUTLERSG,7.799998,"2016/06/19 15:50:05"
D,METER_DATA,GEN_DUID,1,"2016/06/19 15:55:00",CALL_A_4,0,"2016/06/19 15:50:05"
D,METER_DATA,GEN_DUID,1,"2016/06/19 15:55:00",CAPTL_WF,123.007996,"2016/06/19 15:50:05"
D,METER_DATA,GEN_DUID,1,"2016/06/19 15:55:00",CATAGUN1,0,"2016/06/19 15:50:05"
D,METER_DATA,GEN_DUID,1,"2016/06/19 15:55:00",CATHROCK,0,"2016/06/19 15:50:05"
D,METER_DATA,GEN_DUID,1,"2016/06/19 15:55:00",CHALLHWF,7.90,"2016/06/19 15:50:05"
D,METER_DATA,GEN_DUID,1,"2016/06/19 15:55:00",CLOVER,19.959999,"2016/06/19 15:50:05"
D,METER_DATA,GEN_DUID,1,"2016/06/19 15:55:00",CLUNY,14.7187,"2016/06/19 15:50:05"
D,METER_DATA,GEN_DUID,1,"2016/06/19 15:55:00",CNUNDAWF,7.108292,"2016/06/19 15:50:05"
D,METER_DATA,GEN_DUID,1,"2016/06/19 15:55:00",CULLRGWF,26.02,"2016/06/19 15:50:05"
D,METER_DATA,GEN_DUID,1,"2016/06/19 15:55:00",ERGT01,0,"2016/06/19 15:50:05"
D,METER_DATA,GEN_DUID,1,"2016/06/19 15:55:00",GB01,0.140568,"2016/06/19 15:50:05"
D,METER_DATA,GEN_DUID,1,"2016/06/19 15:55:00",GEORGTN1,0,"2016/06/19 15:50:05"
D,METER_DATA,GEN_DUID,1,"2016/06/19 15:55:00",GEORGTN2,0,"2016/06/19 15:50:05"
D,METER_DATA,GEN_DUID,1,"2016/06/19 15:55:00",GERMCRK,38.799999,"2016/06/19 15:50:05"
D,METER_DATA,GEN_DUID,1,"2016/06/19 15:55:00",INVICTA,36.8750,"2016/06/19 15:50:05"
D,METER_DATA,GEN_DUID,1,"2016/06/19 15:55:00",LKBONNY1,1.875497,"2016/06/19 15:50:05"
D,METER_DATA,GEN_DUID,1,"2016/06/19 15:55:00",MBAHNTH,59.493752,"2016/06/19 15:50:05"
D,METER_DATA,GEN_DUID,1,"2016/06/19 15:55:00",MEADOWB2,0,"2016/06/19 15:50:05"
D,METER_DATA,GEN_DUID,1,"2016/06/19 15:55:00",MLWF1,4.4250,"2016/06/19 15:50:05"
D,METER_DATA,GEN_DUID,1,"2016/06/19 15:55:00",MTMILLAR,1.398967,"2016/06/19 15:50:05"
D,METER_DATA,GEN_DUID,1,"2016/06/19 15:55:00",PALOONA,22.84,"2016/06/19 15:50:05"
D,METER_DATA,GEN_DUID,1,"2016/06/19 15:55:00",PORTLAT1,0,"2016/06/19 15:50:05"
D,METER_DATA,GEN_DUID,1,"2016/06/19 15:55:00",PORTWF,17.299999,"2016/06/19 15:50:05"
D,METER_DATA,GEN_DUID,1,"2016/06/19 15:55:00",QUERIVE1,-0.12,"2016/06/19 15:50:05"
D,METER_DATA,GEN_DUID,1,"2016/06/19 15:55:00",REPULSE,28.620609,"2016/06/19 15:50:05"
D,METER_DATA,GEN_DUID,1,"2016/06/19 15:55:00",ROWALLAN,9.940001,"2016/06/19 15:50:05"
D,METER_DATA,GEN_DUID,1,"2016/06/19 15:55:00",ROYALLA1,0,"2016/06/19 15:50:05"
D,METER_DATA,GEN_DUID,1,"2016/06/19 15:55:00",RPCG,-0.20,"2016/06/19 15:50:05"
D,METER_DATA,GEN_DUID,1,"2016/06/19 15:55:00",RUBICON,0,"2016/06/19 15:50:05"
D,METER_DATA,GEN_DUID,1,"2016/06/19 15:55:00",STARHLWF,2.599242,"2016/06/19 15:50:05"
D,METER_DATA,GEN_DUID,1,"2016/06/19 15:55:00",WAUBRAWF,48.703999,"2016/06/19 15:50:05"
D,METER_DATA,GEN_DUID,1,"2016/06/19 15:55:00",WOOLNTH1,40.180016,"2016/06/19 15:50:05"
D,METER_DATA,GEN_DUID,1,"2016/06/19 15:55:00",WPWF,0,"2016/06/19 15:50:05"
D,METER_DATA,GEN_DUID,1,"2016/06/19 15:55:00",YAMBUKWF,4.80,"2016/06/19 15:50:05"
D,METER_DATA,GEN_DUID,1,"2016/06/19 16:00:00",BBDISEL1,0,"2016/06/19 15:55:05"
D,METER_DATA,GEN_DUID,1,"2016/06/19 16:00:00",BUTLERSG,7.799998,"2016/06/19 15:55:05"
D,METER_DATA,GEN_DUID,1,"2016/06/19 16:00:00",CALL_A_4,0,"2016/06/19 15:55:05"
D,METER_DATA,GEN_DUID,1,"2016/06/19 16:00:00",CAPTL_WF,129.312012,"2016/06/19 15:55:05"
D,METER_DATA,GEN_DUID,1,"2016/06/19 16:00:00",CATAGUN1,0,"2016/06/19 15:55:05"
D,METER_DATA,GEN_DUID,1,"2016/06/19 16:00:00",CATHROCK,2.87,"2016/06/19 15:55:05"
D,METER_DATA,GEN_DUID,1,"2016/06/19 16:00:00",CHALLHWF,8.40,"2016/06/19 15:55:05"
D,METER_DATA,GEN_DUID,1,"2016/06/19 16:00:00",CLOVER,20.16,"2016/06/19 15:55:05"
D,METER_DATA,GEN_DUID,1,"2016/06/19 16:00:00",CLUNY,15.390330,"2016/06/19 15:55:05"
D,METER_DATA,GEN_DUID,1,"2016/06/19 16:00:00",CNUNDAWF,8.309694,"2016/06/19 15:55:05"
D,METER_DATA,GEN_DUID,1,"2016/06/19 16:00:00",CULLRGWF,23.50,"2016/06/19 15:55:05"
D,METER_DATA,GEN_DUID,1,"2016/06/19 16:00:00",ERGT01,0,"2016/06/19 15:55:05"
D,METER_DATA,GEN_DUID,1,"2016/06/19 16:00:00",GB01,0.140568,"2016/06/19 15:55:05"
D,METER_DATA,GEN_DUID,1,"2016/06/19 16:00:00",GEORGTN1,0,"2016/06/19 15:55:05"
D,METER_DATA,GEN_DUID,1,"2016/06/19 16:00:00",GEORGTN2,0,"2016/06/19 15:55:05"
D,METER_DATA,GEN_DUID,1,"2016/06/19 16:00:00",GERMCRK,39.099998,"2016/06/19 15:55:05"
D,METER_DATA,GEN_DUID,1,"2016/06/19 16:00:00",INVICTA,37.975002,"2016/06/19 15:55:05"
D,METER_DATA,GEN_DUID,1,"2016/06/19 16:00:00",LKBONNY1,2.679281,"2016/06/19 15:55:05"
D,METER_DATA,GEN_DUID,1,"2016/06/19 16:00:00",MBAHNTH,59.493752,"2016/06/19 15:55:05"
D,METER_DATA,GEN_DUID,1,"2016/06/19 16:00:00",MEADOWB2,0,"2016/06/19 15:55:05"
D,METER_DATA,GEN_DUID,1,"2016/06/19 16:00:00",MLWF1,3.4650,"2016/06/19 15:55:05"
D,METER_DATA,GEN_DUID,1,"2016/06/19 16:00:00",MTMILLAR,1.250140,"2016/06/19 15:55:05"
D,METER_DATA,GEN_DUID,1,"2016/06/19 16:00:00",PALOONA,22.84,"2016/06/19 15:55:05"
D,METER_DATA,GEN_DUID,1,"2016/06/19 16:00:00",PORTLAT1,0,"2016/06/19 15:55:05"
D,METER_DATA,GEN_DUID,1,"2016/06/19 16:00:00",PORTWF,19.50,"2016/06/19 15:55:05"
D,METER_DATA,GEN_DUID,1,"2016/06/19 16:00:00",QUERIVE1,-0.12,"2016/06/19 15:55:05"
D,METER_DATA,GEN_DUID,1,"2016/06/19 16:00:00",REPULSE,28.639664,"2016/06/19 15:55:05"
D,METER_DATA,GEN_DUID,1,"2016/06/19 16:00:00",ROWALLAN,10.1033,"2016/06/19 15:55:05"
D,METER_DATA,GEN_DUID,1,"2016/06/19 16:00:00",ROYALLA1,0,"2016/06/19 15:55:05"
D,METER_DATA,GEN_DUID,1,"2016/06/19 16:00:00",RPCG,-0.20,"2016/06/19 15:55:05"
D,METER_DATA,GEN_DUID,1,"2016/06/19 16:00:00",RUBICON,0,"2016/06/19 15:55:05"
D,METER_DATA,GEN_DUID,1,"2016/06/19 16:00:00",STARHLWF,2.499271,"2016/06/19 15:55:05"
D,METER_DATA,GEN_DUID,1,"2016/06/19 16:00:00",WAUBRAWF,53.772999,"2016/06/19 15:55:05"
D,METER_DATA,GEN_DUID,1,"2016/06/19 16:00:00",WOOLNTH1,38.370018,"2016/06/19 15:55:05"
D,METER_DATA,GEN_DUID,1,"2016/06/19 16:00:00",WPWF,0,"2016/06/19 15:55:05"
D,METER_DATA,GEN_DUID,1,"2016/06/19 16:00:00",YAMBUKWF,3.70,"2016/06/19 15:55:05"
D,METER_DATA,GEN_DUID,1,"2016/06/19 16:05:00",BBDISEL1,0,"2016/06/19 16:00:05"
D,METER_DATA,GEN_DUID,1,"2016/06/19 16:05:00",BUTLERSG,7.799998,"2016/06/19 16:00:05"
D,METER_DATA,GEN_DUID,1,"2016/06/19 16:05:00",CALL_A_4,0,"2016/06/19 16:00:05"
D,METER_DATA,GEN_DUID,1,"2016/06/19 16:05:00",CAPTL_WF,125.431999,"2016/06/19 16:00:05"
D,METER_DATA,GEN_DUID,1,"2016/06/19 16:05:00",CATAGUN1,0,"2016/06/19 16:00:05"
D,METER_DATA,GEN_DUID,1,"2016/06/19 16:05:00",CATHROCK,3.27,"2016/06/19 16:00:05"
D,METER_DATA,GEN_DUID,1,"2016/06/19 16:05:00",CHALLHWF,8.90,"2016/06/19 16:00:05"
D,METER_DATA,GEN_DUID,1,"2016/06/19 16:05:00",CLOVER,19.67,"2016/06/19 16:00:05"
D,METER_DATA,GEN_DUID,1,"2016/06/19 16:05:00",CLUNY,15.1474,"2016/06/19 16:00:05"
D,METER_DATA,GEN_DUID,1,"2016/06/19 16:05:00",CNUNDAWF,13.615883,"2016/06/19 16:00:05"
D,METER_DATA,GEN_DUID,1,"2016/06/19 16:05:00",CULLRGWF,25.76,"2016/06/19 16:00:05"
D,METER_DATA,GEN_DUID,1,"2016/06/19 16:05:00",ERGT01,0,"2016/06/19 16:00:05"
D,METER_DATA,GEN_DUID,1,"2016/06/19 16:05:00",GB01,0.140568,"2016/06/19 16:00:05"
D,METER_DATA,GEN_DUID,1,"2016/06/19 16:05:00",GEORGTN1,0,"2016/06/19 16:00:05"
D,METER_DATA,GEN_DUID,1,"2016/06/19 16:05:00",GEORGTN2,0,"2016/06/19 16:00:05"
D,METER_DATA,GEN_DUID,1,"2016/06/19 16:05:00",GERMCRK,38.700001,"2016/06/19 16:00:05"
D,METER_DATA,GEN_DUID,1,"2016/06/19 16:05:00",INVICTA,37.975002,"2016/06/19 16:00:05"
D,METER_DATA,GEN_DUID,1,"2016/06/19 16:05:00",LKBONNY1,4.197540,"2016/06/19 16:00:05"
D,METER_DATA,GEN_DUID,1,"2016/06/19 16:05:00",MBAHNTH,59.493752,"2016/06/19 16:00:05"
D,METER_DATA,GEN_DUID,1,"2016/06/19 16:05:00",MEADOWB2,0,"2016/06/19 16:00:05"
D,METER_DATA,GEN_DUID,1,"2016/06/19 16:05:00",MLWF1,3.15,"2016/06/19 16:00:05"
D,METER_DATA,GEN_DUID,1,"2016/06/19 16:05:00",MTMILLAR,0.967371,"2016/06/19 16:00:05"
D,METER_DATA,GEN_DUID,1,"2016/06/19 16:05:00",PALOONA,22.84,"2016/06/19 16:00:05"
D,METER_DATA,GEN_DUID,1,"2016/06/19 16:05:00",PORTLAT1,0,"2016/06/19 16:00:05"
D,METER_DATA,GEN_DUID,1,"2016/06/19 16:05:00",PORTWF,22.10,"2016/06/19 16:00:05"
D,METER_DATA,GEN_DUID,1,"2016/06/19 16:05:00",QUERIVE1,-0.12,"2016/06/19 16:00:05"
D,METER_DATA,GEN_DUID,1,"2016/06/19 16:05:00",REPULSE,27.591639,"2016/06/19 16:00:05"
D,METER_DATA,GEN_DUID,1,"2016/06/19 16:05:00",ROWALLAN,10.0465,"2016/06/19 16:00:05"
D,METER_DATA,GEN_DUID,1,"2016/06/19 16:05:00",ROYALLA1,0,"2016/06/19 16:00:05"
D,METER_DATA,GEN_DUID,1,"2016/06/19 16:05:00",RPCG,-0.20,"2016/06/19 16:00:05"
D,METER_DATA,GEN_DUID,1,"2016/06/19 16:05:00",RUBICON,0,"2016/06/19 16:00:05"
D,METER_DATA,GEN_DUID,1,"2016/06/19 16:05:00",STARHLWF,2.099388,"2016/06/19 16:00:05"
D,METER_DATA,GEN_DUID,1,"2016/06/19 16:05:00",WAUBRAWF,52.963001,"2016/06/19 16:00:05"
D,METER_DATA,GEN_DUID,1,"2016/06/19 16:05:00",WOOLNTH1,37.510017,"2016/06/19 16:00:05"
D,METER_DATA,GEN_DUID,1,"2016/06/19 16:05:00",WPWF,0,"2016/06/19 16:00:05"
D,METER_DATA,GEN_DUID,1,"2016/06/19 16:05:00",YAMBUKWF,3.30,"2016/06/19 16:00:05"
D,METER_DATA,GEN_DUID,1,"2016/06/19 16:10:00",BBDISEL1,0,"2016/06/19 16:05:04"
D,METER_DATA,GEN_DUID,1,"2016/06/19 16:10:00",BUTLERSG,7.799998,"2016/06/19 16:05:04"
D,METER_DATA,GEN_DUID,1,"2016/06/19 16:10:00",CALL_A_4,0,"2016/06/19 16:05:04"
D,METER_DATA,GEN_DUID,1,"2016/06/19 16:10:00",CAPTL_WF,121.368004,"2016/06/19 16:05:04"
D,METER_DATA,GEN_DUID,1,"2016/06/19 16:10:00",CATAGUN1,0,"2016/06/19 16:05:04"
D,METER_DATA,GEN_DUID,1,"2016/06/19 16:10:00",CATHROCK,3.90,"2016/06/19 16:05:04"
D,METER_DATA,GEN_DUID,1,"2016/06/19 16:10:00",CHALLHWF,8.20,"2016/06/19 16:05:04"
D,METER_DATA,GEN_DUID,1,"2016/06/19 16:10:00",CLOVER,19.66,"2016/06/19 16:05:04"
D,METER_DATA,GEN_DUID,1,"2016/06/19 16:10:00",CLUNY,16.019091,"2016/06/19 16:05:04"
D,METER_DATA,GEN_DUID,1,"2016/06/19 16:10:00",CNUNDAWF,9.511095,"2016/06/19 16:05:04"
D,METER_DATA,GEN_DUID,1,"2016/06/19 16:10:00",CULLRGWF,26.07,"2016/06/19 16:05:04"
D,METER_DATA,GEN_DUID,1,"2016/06/19 16:10:00",ERGT01,0,"2016/06/19 16:05:04"
D,METER_DATA,GEN_DUID,1,"2016/06/19 16:10:00",GB01,0.140568,"2016/06/19 16:05:04"
D,METER_DATA,GEN_DUID,1,"2016/06/19 16:10:00",GEORGTN1,0,"2016/06/19 16:05:04"
D,METER_DATA,GEN_DUID,1,"2016/06/19 16:10:00",GEORGTN2,0,"2016/06/19 16:05:04"
D,METER_DATA,GEN_DUID,1,"2016/06/19 16:10:00",GERMCRK,39.200001,"2016/06/19 16:05:04"
D,METER_DATA,GEN_DUID,1,"2016/06/19 16:10:00",INVICTA,37.975002,"2016/06/19 16:05:04"
D,METER_DATA,GEN_DUID,1,"2016/06/19 16:10:00",LKBONNY1,8.305771,"2016/06/19 16:05:04"
D,METER_DATA,GEN_DUID,1,"2016/06/19 16:10:00",MBAHNTH,59.493752,"2016/06/19 16:05:04"
D,METER_DATA,GEN_DUID,1,"2016/06/19 16:10:00",MEADOWB2,0,"2016/06/19 16:05:04"
D,METER_DATA,GEN_DUID,1,"2016/06/19 16:10:00",MLWF1,2.3850,"2016/06/19 16:05:04"
D,METER_DATA,GEN_DUID,1,"2016/06/19 16:10:00",MTMILLAR,0.945047,"2016/06/19 16:05:04"
D,METER_DATA,GEN_DUID,1,"2016/06/19 16:10:00",PALOONA,22.84,"2016/06/19 16:05:04"
D,METER_DATA,GEN_DUID,1,"2016/06/19 16:10:00",PORTLAT1,0,"2016/06/19 16:05:04"
D,METER_DATA,GEN_DUID,1,"2016/06/19 16:10:00",PORTWF,29.10,"2016/06/19 16:05:04"
D,METER_DATA,GEN_DUID,1,"2016/06/19 16:10:00",QUERIVE1,-0.12,"2016/06/19 16:05:04"
D,METER_DATA,GEN_DUID,1,"2016/06/19 16:10:00",REPULSE,28.487225,"2016/06/19 16:05:04"
D,METER_DATA,GEN_DUID,1,"2016/06/19 16:10:00",ROWALLAN,10.1246,"2016/06/19 16:05:04"
D,METER_DATA,GEN_DUID,1,"2016/06/19 16:10:00",ROYALLA1,0,"2016/06/19 16:05:04"
D,METER_DATA,GEN_DUID,1,"2016/06/19 16:10:00",RPCG,-0.20,"2016/06/19 16:05:04"
D,METER_DATA,GEN_DUID,1,"2016/06/19 16:10:00",RUBICON,0,"2016/06/19 16:05:04"
D,METER_DATA,GEN_DUID,1,"2016/06/19 16:10:00",STARHLWF,2.199359,"2016/06/19 16:05:04"
D,METER_DATA,GEN_DUID,1,"2016/06/19 16:10:00",WAUBRAWF,54.785999,"2016/06/19 16:05:04"
D,METER_DATA,GEN_DUID,1,"2016/06/19 16:10:00",WOOLNTH1,37.350014,"2016/06/19 16:05:04"
D,METER_DATA,GEN_DUID,1,"2016/06/19 16:10:00",WPWF,0,"2016/06/19 16:05:04"
D,METER_DATA,GEN_DUID,1,"2016/06/19 16:10:00",YAMBUKWF,3.40,"2016/06/19 16:05:04"
D,METER_DATA,GEN_DUID,1,"2016/06/19 16:15:00",BBDISEL1,0,"2016/06/19 16:10:04"
D,METER_DATA,GEN_DUID,1,"2016/06/19 16:15:00",BUTLERSG,7.799998,"2016/06/19 16:10:04"
D,METER_DATA,GEN_DUID,1,"2016/06/19 16:15:00",CALL_A_4,0,"2016/06/19 16:10:04"
D,METER_DATA,GEN_DUID,1,"2016/06/19 16:15:00",CAPTL_WF,119.667999,"2016/06/19 16:10:04"
D,METER_DATA,GEN_DUID,1,"2016/06/19 16:15:00",CATAGUN1,0,"2016/06/19 16:10:04"
D,METER_DATA,GEN_DUID,1,"2016/06/19 16:15:00",CATHROCK,3.69,"2016/06/19 16:10:04"
D,METER_DATA,GEN_DUID,1,"2016/06/19 16:15:00",CHALLHWF,8,"2016/06/19 16:10:04"
D,METER_DATA,GEN_DUID,1,"2016/06/19 16:15:00",CLOVER,20.01,"2016/06/19 16:10:04"
D,METER_DATA,GEN_DUID,1,"2016/06/19 16:15:00",CLUNY,14.775861,"2016/06/19 16:10:04"
D,METER_DATA,GEN_DUID,1,"2016/06/19 16:15:00",CNUNDAWF,9.210745,"2016/06/19 16:10:04"
D,METER_DATA,GEN_DUID,1,"2016/06/19 16:15:00",CULLRGWF,27.360001,"2016/06/19 16:10:04"
D,METER_DATA,GEN_DUID,1,"2016/06/19 16:15:00",ERGT01,0,"2016/06/19 16:10:04"
D,METER_DATA,GEN_DUID,1,"2016/06/19 16:15:00",GB01,0.140568,"2016/06/19 16:10:04"
D,METER_DATA,GEN_DUID,1,"2016/06/19 16:15:00",GEORGTN1,0,"2016/06/19 16:10:04"
D,METER_DATA,GEN_DUID,1,"2016/06/19 16:15:00",GEORGTN2,0,"2016/06/19 16:10:04"
D,METER_DATA,GEN_DUID,1,"2016/06/19 16:15:00",GERMCRK,38.799999,"2016/06/19 16:10:04"
D,METER_DATA,GEN_DUID,1,"2016/06/19 16:15:00",INVICTA,37.975002,"2016/06/19 16:10:04"
D,METER_DATA,GEN_DUID,1,"2016/06/19 16:15:00",LKBONNY1,10.895742,"2016/06/19 16:10:04"
D,METER_DATA,GEN_DUID,1,"2016/06/19 16:15:00",MBAHNTH,59.493752,"2016/06/19 16:10:04"
D,METER_DATA,GEN_DUID,1,"2016/06/19 16:15:00",MEADOWB2,0,"2016/06/19 16:10:04"
D,METER_DATA,GEN_DUID,1,"2016/06/19 16:15:00",MLWF1,1.7250,"2016/06/19 16:10:04"
D,METER_DATA,GEN_DUID,1,"2016/06/19 16:15:00",MTMILLAR,0.580422,"2016/06/19 16:10:04"
D,METER_DATA,GEN_DUID,1,"2016/06/19 16:15:00",PALOONA,22.84,"2016/06/19 16:10:04"
D,METER_DATA,GEN_DUID,1,"2016/06/19 16:15:00",PORTLAT1,0,"2016/06/19 16:10:04"
D,METER_DATA,GEN_DUID,1,"2016/06/19 16:15:00",PORTWF,26.40,"2016/06/19 16:10:04"
D,METER_DATA,GEN_DUID,1,"2016/06/19 16:15:00",QUERIVE1,-0.13,"2016/06/19 16:10:04"
D,METER_DATA,GEN_DUID,1,"2016/06/19 16:15:00",REPULSE,27.477310,"2016/06/19 16:10:04"
D,METER_DATA,GEN_DUID,1,"2016/06/19 16:15:00",ROWALLAN,9.9613,"2016/06/19 16:10:04"
D,METER_DATA,GEN_DUID,1,"2016/06/19 16:15:00",ROYALLA1,0,"2016/06/19 16:10:04"
D,METER_DATA,GEN_DUID,1,"2016/06/19 16:15:00",RPCG,-0.20,"2016/06/19 16:10:04"
D,METER_DATA,GEN_DUID,1,"2016/06/19 16:15:00",RUBICON,0,"2016/06/19 16:10:04"
D,METER_DATA,GEN_DUID,1,"2016/06/19 16:15:00",STARHLWF,2.899155,"2016/06/19 16:10:04"
D,METER_DATA,GEN_DUID,1,"2016/06/19 16:15:00",WAUBRAWF,53.3270,"2016/06/19 16:10:04"
D,METER_DATA,GEN_DUID,1,"2016/06/19 16:15:00",WOOLNTH1,36.870018,"2016/06/19 16:10:04"
D,METER_DATA,GEN_DUID,1,"2016/06/19 16:15:00",WPWF,0,"2016/06/19 16:10:04"
D,METER_DATA,GEN_DUID,1,"2016/06/19 16:15:00",YAMBUKWF,3.50,"2016/06/19 16:10:04"
D,METER_DATA,GEN_DUID,1,"2016/06/19 16:20:00",BBDISEL1,0,"2016/06/19 16:15:04"
D,METER_DATA,GEN_DUID,1,"2016/06/19 16:20:00",BUTLERSG,7.799998,"2016/06/19 16:15:04"
D,METER_DATA,GEN_DUID,1,"2016/06/19 16:20:00",CALL_A_4,0,"2016/06/19 16:15:04"
D,METER_DATA,GEN_DUID,1,"2016/06/19 16:20:00",CAPTL_WF,124.983994,"2016/06/19 16:15:04"
D,METER_DATA,GEN_DUID,1,"2016/06/19 16:20:00",CATAGUN1,0,"2016/06/19 16:15:04"
D,METER_DATA,GEN_DUID,1,"2016/06/19 16:20:00",CATHROCK,2.11,"2016/06/19 16:15:04"
D,METER_DATA,GEN_DUID,1,"2016/06/19 16:20:00",CHALLHWF,7.40,"2016/06/19 16:15:04"
D,METER_DATA,GEN_DUID,1,"2016/06/19 16:20:00",CLOVER,23.92,"2016/06/19 16:15:04"
D,METER_DATA,GEN_DUID,1,"2016/06/19 16:20:00",CLUNY,15.218850,"2016/06/19 16:15:04"
D,METER_DATA,GEN_DUID,1,"2016/06/19 16:20:00",CNUNDAWF,10.111796,"2016/06/19 16:15:04"
D,METER_DATA,GEN_DUID,1,"2016/06/19 16:20:00",CULLRGWF,27.040001,"2016/06/19 16:15:04"
D,METER_DATA,GEN_DUID,1,"2016/06/19 16:20:00",ERGT01,0,"2016/06/19 16:15:04"
D,METER_DATA,GEN_DUID,1,"2016/06/19 16:20:00",GB01,0.140568,"2016/06/19 16:15:04"
D,METER_DATA,GEN_DUID,1,"2016/06/19 16:20:00",GEORGTN1,0,"2016/06/19 16:15:04"
D,METER_DATA,GEN_DUID,1,"2016/06/19 16:20:00",GEORGTN2,0,"2016/06/19 16:15:04"
D,METER_DATA,GEN_DUID,1,"2016/06/19 16:20:00",GERMCRK,39,"2016/06/19 16:15:04"
D,METER_DATA,GEN_DUID,1,"2016/06/19 16:20:00",INVICTA,37.975002,"2016/06/19 16:15:04"
D,METER_DATA,GEN_DUID,1,"2016/06/19 16:20:00",LKBONNY1,11.342289,"2016/06/19 16:15:04"
D,METER_DATA,GEN_DUID,1,"2016/06/19 16:20:00",MBAHNTH,59.493752,"2016/06/19 16:15:04"
D,METER_DATA,GEN_DUID,1,"2016/06/19 16:20:00",MEADOWB2,0,"2016/06/19 16:15:04"
D,METER_DATA,GEN_DUID,1,"2016/06/19 16:20:00",MLWF1,4.47,"2016/06/19 16:15:04"
D,METER_DATA,GEN_DUID,1,"2016/06/19 16:20:00",MTMILLAR,0.290211,"2016/06/19 16:15:04"
D,METER_DATA,GEN_DUID,1,"2016/06/19 16:20:00",PALOONA,22.859999,"2016/06/19 16:15:04"
D,METER_DATA,GEN_DUID,1,"2016/06/19 16:20:00",PORTLAT1,0,"2016/06/19 16:15:04"
D,METER_DATA,GEN_DUID,1,"2016/06/19 16:20:00",PORTWF,24.90,"2016/06/19 16:15:04"
D,METER_DATA,GEN_DUID,1,"2016/06/19 16:20:00",QUERIVE1,-0.13,"2016/06/19 16:15:04"
D,METER_DATA,GEN_DUID,1,"2016/06/19 16:20:00",REPULSE,27.324869,"2016/06/19 16:15:04"
D,METER_DATA,GEN_DUID,1,"2016/06/19 16:20:00",ROWALLAN,10.1530,"2016/06/19 16:15:04"
D,METER_DATA,GEN_DUID,1,"2016/06/19 16:20:00",ROYALLA1,0,"2016/06/19 16:15:04"
D,METER_DATA,GEN_DUID,1,"2016/06/19 16:20:00",RPCG,-0.20,"2016/06/19 16:15:04"
D,METER_DATA,GEN_DUID,1,"2016/06/19 16:20:00",RUBICON,0,"2016/06/19 16:15:04"
D,METER_DATA,GEN_DUID,1,"2016/06/19 16:20:00",STARHLWF,3.099096,"2016/06/19 16:15:04"
D,METER_DATA,GEN_DUID,1,"2016/06/19 16:20:00",WAUBRAWF,53.459999,"2016/06/19 16:15:04"
D,METER_DATA,GEN_DUID,1,"2016/06/19 16:20:00",WOOLNTH1,36.250015,"2016/06/19 16:15:04"
D,METER_DATA,GEN_DUID,1,"2016/06/19 16:20:00",WPWF,0,"2016/06/19 16:15:04"
D,METER_DATA,GEN_DUID,1,"2016/06/19 16:20:00",YAMBUKWF,3.90,"2016/06/19 16:15:04"
D,METER_DATA,GEN_DUID,1,"2016/06/19 16:25:00",BBDISEL1,0,"2016/06/19 16:20:04"
D,METER_DATA,GEN_DUID,1,"2016/06/19 16:25:00",BUTLERSG,7.799998,"2016/06/19 16:20:04"
D,METER_DATA,GEN_DUID,1,"2016/06/19 16:25:00",CALL_A_4,0,"2016/06/19 16:20:04"
D,METER_DATA,GEN_DUID,1,"2016/06/19 16:25:00",CAPTL_WF,126.419998,"2016/06/19 16:20:04"
D,METER_DATA,GEN_DUID,1,"2016/06/19 16:25:00",CATAGUN1,0,"2016/06/19 16:20:04"
D,METER_DATA,GEN_DUID,1,"2016/06/19 16:25:00",CATHROCK,1.50,"2016/06/19 16:20:04"
D,METER_DATA,GEN_DUID,1,"2016/06/19 16:25:00",CHALLHWF,6.50,"2016/06/19 16:20:04"
D,METER_DATA,GEN_DUID,1,"2016/06/19 16:25:00",CLOVER,23.860001,"2016/06/19 16:20:04"
D,METER_DATA,GEN_DUID,1,"2016/06/19 16:25:00",CLUNY,14.4329,"2016/06/19 16:20:04"
D,METER_DATA,GEN_DUID,1,"2016/06/19 16:25:00",CNUNDAWF,7.909226,"2016/06/19 16:20:04"
D,METER_DATA,GEN_DUID,1,"2016/06/19 16:25:00",CULLRGWF,26,"2016/06/19 16:20:04"
D,METER_DATA,GEN_DUID,1,"2016/06/19 16:25:00",ERGT01,0,"2016/06/19 16:20:04"
D,METER_DATA,GEN_DUID,1,"2016/06/19 16:25:00",GB01,0.140568,"2016/06/19 16:20:04"
D,METER_DATA,GEN_DUID,1,"2016/06/19 16:25:00",GEORGTN1,0,"2016/06/19 16:20:04"
D,METER_DATA,GEN_DUID,1,"2016/06/19 16:25:00",GEORGTN2,0,"2016/06/19 16:20:04"
D,METER_DATA,GEN_DUID,1,"2016/06/19 16:25:00",GERMCRK,38.900002,"2016/06/19 16:20:04"
D,METER_DATA,GEN_DUID,1,"2016/06/19 16:25:00",INVICTA,37.975002,"2016/06/19 16:20:04"
D,METER_DATA,GEN_DUID,1,"2016/06/19 16:25:00",LKBONNY1,11.074361,"2016/06/19 16:20:04"
D,METER_DATA,GEN_DUID,1,"2016/06/19 16:25:00",MBAHNTH,59.493752,"2016/06/19 16:20:04"
D,METER_DATA,GEN_DUID,1,"2016/06/19 16:25:00",MEADOWB2,0,"2016/06/19 16:20:04"
D,METER_DATA,GEN_DUID,1,"2016/06/19 16:25:00",MLWF1,6,"2016/06/19 16:20:04"
D,METER_DATA,GEN_DUID,1,"2016/06/19 16:25:00",MTMILLAR,0.052089,"2016/06/19 16:20:04"
D,METER_DATA,GEN_DUID,1,"2016/06/19 16:25:00",PALOONA,22.859999,"2016/06/19 16:20:04"
D,METER_DATA,GEN_DUID,1,"2016/06/19 16:25:00",PORTLAT1,0,"2016/06/19 16:20:04"
D,METER_DATA,GEN_DUID,1,"2016/06/19 16:25:00",PORTWF,23.700001,"2016/06/19 16:20:04"
D,METER_DATA,GEN_DUID,1,"2016/06/19 16:25:00",QUERIVE1,-0.12,"2016/06/19 16:20:04"
D,METER_DATA,GEN_DUID,1,"2016/06/19 16:25:00",REPULSE,28.277620,"2016/06/19 16:20:04"
D,METER_DATA,GEN_DUID,1,"2016/06/19 16:25:00",ROWALLAN,9.8903,"2016/06/19 16:20:04"
D,METER_DATA,GEN_DUID,1,"2016/06/19 16:25:00",ROYALLA1,0,"2016/06/19 16:20:04"
D,METER_DATA,GEN_DUID,1,"2016/06/19 16:25:00",RPCG,-0.20,"2016/06/19 16:20:04"
D,METER_DATA,GEN_DUID,1,"2016/06/19 16:25:00",RUBICON,0,"2016/06/19 16:20:04"
D,METER_DATA,GEN_DUID,1,"2016/06/19 16:25:00",STARHLWF,2.699213,"2016/06/19 16:20:04"
D,METER_DATA,GEN_DUID,1,"2016/06/19 16:25:00",WAUBRAWF,55.887001,"2016/06/19 16:20:04"
D,METER_DATA,GEN_DUID,1,"2016/06/19 16:25:00",WOOLNTH1,33.320015,"2016/06/19 16:20:04"
D,METER_DATA,GEN_DUID,1,"2016/06/19 16:25:00",WPWF,0,"2016/06/19 16:20:04"
D,METER_DATA,GEN_DUID,1,"2016/06/19 16:25:00",YAMBUKWF,5,"2016/06/19 16:20:04"
D,METER_DATA,GEN_DUID,1,"2016/06/19 16:30:00",BBDISEL1,0,"2016/06/19 16:25:05"
D,METER_DATA,GEN_DUID,1,"2016/06/19 16:30:00",BUTLERSG,7.799998,"2016/06/19 16:25:05"
D,METER_DATA,GEN_DUID,1,"2016/06/19 16:30:00",CALL_A_4,0,"2016/06/19 16:25:05"
D,METER_DATA,GEN_DUID,1,"2016/06/19 16:30:00",CAPTL_WF,127.732002,"2016/06/19 16:25:05"
D,METER_DATA,GEN_DUID,1,"2016/06/19 16:30:00",CATAGUN1,0,"2016/06/19 16:25:05"
D,METER_DATA,GEN_DUID,1,"2016/06/19 16:30:00",CATHROCK,0,"2016/06/19 16:25:05"
D,METER_DATA,GEN_DUID,1,"2016/06/19 16:30:00",CHALLHWF,6.40,"2016/06/19 16:25:05"
D,METER_DATA,GEN_DUID,1,"2016/06/19 16:30:00",CLOVER,23.98,"2016/06/19 16:25:05"
D,METER_DATA,GEN_DUID,1,"2016/06/19 16:30:00",CLUNY,15.404620,"2016/06/19 16:25:05"
D,METER_DATA,GEN_DUID,1,"2016/06/19 16:30:00",CNUNDAWF,6.607708,"2016/06/19 16:25:05"
D,METER_DATA,GEN_DUID,1,"2016/06/19 16:30:00",CULLRGWF,26.040001,"2016/06/19 16:25:05"
D,METER_DATA,GEN_DUID,1,"2016/06/19 16:30:00",ERGT01,0,"2016/06/19 16:25:05"
D,METER_DATA,GEN_DUID,1,"2016/06/19 16:30:00",GB01,0.140568,"2016/06/19 16:25:05"
D,METER_DATA,GEN_DUID,1,"2016/06/19 16:30:00",GEORGTN1,0,"2016/06/19 16:25:05"
D,METER_DATA,GEN_DUID,1,"2016/06/19 16:30:00",GEORGTN2,0,"2016/06/19 16:25:05"
D,METER_DATA,GEN_DUID,1,"2016/06/19 16:30:00",GERMCRK,39.400002,"2016/06/19 16:25:05"
D,METER_DATA,GEN_DUID,1,"2016/06/19 16:30:00",INVICTA,37.975002,"2016/06/19 16:25:05"
D,METER_DATA,GEN_DUID,1,"2016/06/19 16:30:00",LKBONNY1,8.930936,"2016/06/19 16:25:05"
D,METER_DATA,GEN_DUID,1,"2016/06/19 16:30:00",MBAHNTH,59.493752,"2016/06/19 16:25:05"
D,METER_DATA,GEN_DUID,1,"2016/06/19 16:30:00",MEADOWB2,0,"2016/06/19 16:25:05"
D,METER_DATA,GEN_DUID,1,"2016/06/19 16:30:00",MLWF1,5.9550,"2016/06/19 16:25:05"
D,METER_DATA,GEN_DUID,1,"2016/06/19 16:30:00",MTMILLAR,-0.011162,"2016/06/19 16:25:05"
D,METER_DATA,GEN_DUID,1,"2016/06/19 16:30:00",PALOONA,22.859999,"2016/06/19 16:25:05"
D,METER_DATA,GEN_DUID,1,"2016/06/19 16:30:00",PORTLAT1,0,"2016/06/19 16:25:05"
D,METER_DATA,GEN_DUID,1,"2016/06/19 16:30:00",PORTWF,22,"2016/06/19 16:25:05"
D,METER_DATA,GEN_DUID,1,"2016/06/19 16:30:00",QUERIVE1,-0.12,"2016/06/19 16:25:05"
D,METER_DATA,GEN_DUID,1,"2016/06/19 16:30:00",REPULSE,27.648804,"2016/06/19 16:25:05"
D,METER_DATA,GEN_DUID,1,"2016/06/19 16:30:00",ROWALLAN,10.1601,"2016/06/19 16:25:05"
D,METER_DATA,GEN_DUID,1,"2016/06/19 16:30:00",ROYALLA1,0,"2016/06/19 16:25:05"
D,METER_DATA,GEN_DUID,1,"2016/06/19 16:30:00",RPCG,-0.20,"2016/06/19 16:25:05"
D,METER_DATA,GEN_DUID,1,"2016/06/19 16:30:00",RUBICON,0,"2016/06/19 16:25:05"
D,METER_DATA,GEN_DUID,1,"2016/06/19 16:30:00",STARHLWF,2.699213,"2016/06/19 16:25:05"
D,METER_DATA,GEN_DUID,1,"2016/06/19 16:30:00",WAUBRAWF,56.631001,"2016/06/19 16:25:05"
D,METER_DATA,GEN_DUID,1,"2016/06/19 16:30:00",WOOLNTH1,32.970016,"2016/06/19 16:25:05"
D,METER_DATA,GEN_DUID,1,"2016/06/19 16:30:00",WPWF,0,"2016/06/19 16:25:05"
D,METER_DATA,GEN_DUID,1,"2016/06/19 16:30:00",YAMBUKWF,5.60,"2016/06/19 16:25:05"
D,METER_DATA,GEN_DUID,1,"2016/06/19 16:35:00",BBDISEL1,0,"2016/06/19 16:30:05"
D,METER_DATA,GEN_DUID,1,"2016/06/19 16:35:00",BUTLERSG,7.799998,"2016/06/19 16:30:05"
D,METER_DATA,GEN_DUID,1,"2016/06/19 16:35:00",CALL_A_4,0,"2016/06/19 16:30:05"
D,METER_DATA,GEN_DUID,1,"2016/06/19 16:35:00",CAPTL_WF,120.455994,"2016/06/19 16:30:05"
D,METER_DATA,GEN_DUID,1,"2016/06/19 16:35:00",CATAGUN1,0,"2016/06/19 16:30:05"
D,METER_DATA,GEN_DUID,1,"2016/06/19 16:35:00",CATHROCK,0,"2016/06/19 16:30:05"
D,METER_DATA,GEN_DUID,1,"2016/06/19 16:35:00",CHALLHWF,6.30,"2016/06/19 16:30:05"
D,METER_DATA,GEN_DUID,1,"2016/06/19 16:35:00",CLOVER,24.130001,"2016/06/19 16:30:05"
D,METER_DATA,GEN_DUID,1,"2016/06/19 16:35:00",CLUNY,14.661540,"2016/06/19 16:30:05"
D,METER_DATA,GEN_DUID,1,"2016/06/19 16:35:00",CNUNDAWF,4.305022,"2016/06/19 16:30:05"
D,METER_DATA,GEN_DUID,1,"2016/06/19 16:35:00",CULLRGWF,25.889999,"2016/06/19 16:30:05"
D,METER_DATA,GEN_DUID,1,"2016/06/19 16:35:00",ERGT01,0,"2016/06/19 16:30:05"
D,METER_DATA,GEN_DUID,1,"2016/06/19 16:35:00",GB01,0.140568,"2016/06/19 16:30:05"
D,METER_DATA,GEN_DUID,1,"2016/06/19 16:35:00",GEORGTN1,0,"2016/06/19 16:30:05"
D,METER_DATA,GEN_DUID,1,"2016/06/19 16:35:00",GEORGTN2,0,"2016/06/19 16:30:05"
D,METER_DATA,GEN_DUID,1,"2016/06/19 16:35:00",GERMCRK,38.700001,"2016/06/19 16:30:05"
D,METER_DATA,GEN_DUID,1,"2016/06/19 16:35:00",INVICTA,37.975002,"2016/06/19 16:30:05"
D,METER_DATA,GEN_DUID,1,"2016/06/19 16:35:00",LKBONNY1,7.859224,"2016/06/19 16:30:05"
D,METER_DATA,GEN_DUID,1,"2016/06/19 16:35:00",MBAHNTH,59.493752,"2016/06/19 16:30:05"
D,METER_DATA,GEN_DUID,1,"2016/06/19 16:35:00",MEADOWB2,0,"2016/06/19 16:30:05"
D,METER_DATA,GEN_DUID,1,"2016/06/19 16:35:00",MLWF1,5.31,"2016/06/19 16:30:05"
D,METER_DATA,GEN_DUID,1,"2016/06/19 16:35:00",MTMILLAR,-0.011162,"2016/06/19 16:30:05"
D,METER_DATA,GEN_DUID,1,"2016/06/19 16:35:00",PALOONA,22.859999,"2016/06/19 16:30:05"
D,METER_DATA,GEN_DUID,1,"2016/06/19 16:35:00",PORTLAT1,0,"2016/06/19 16:30:05"
D,METER_DATA,GEN_DUID,1,"2016/06/19 16:35:00",PORTWF,25.299999,"2016/06/19 16:30:05"
D,METER_DATA,GEN_DUID,1,"2016/06/19 16:35:00",QUERIVE1,-0.13,"2016/06/19 16:30:05"
D,METER_DATA,GEN_DUID,1,"2016/06/19 16:35:00",REPULSE,27.858410,"2016/06/19 16:30:05"
D,METER_DATA,GEN_DUID,1,"2016/06/19 16:35:00",ROWALLAN,10.0891,"2016/06/19 16:30:05"
D,METER_DATA,GEN_DUID,1,"2016/06/19 16:35:00",ROYALLA1,0,"2016/06/19 16:30:05"
D,METER_DATA,GEN_DUID,1,"2016/06/19 16:35:00",RPCG,-0.20,"2016/06/19 16:30:05"
D,METER_DATA,GEN_DUID,1,"2016/06/19 16:35:00",RUBICON,0,"2016/06/19 16:30:05"
D,METER_DATA,GEN_DUID,1,"2016/06/19 16:35:00",STARHLWF,2.699213,"2016/06/19 16:30:05"
D,METER_DATA,GEN_DUID,1,"2016/06/19 16:35:00",WAUBRAWF,59.676998,"2016/06/19 16:30:05"
D,METER_DATA,GEN_DUID,1,"2016/06/19 16:35:00",WOOLNTH1,31.570015,"2016/06/19 16:30:05"
D,METER_DATA,GEN_DUID,1,"2016/06/19 16:35:00",WPWF,0,"2016/06/19 16:30:05"
D,METER_DATA,GEN_DUID,1,"2016/06/19 16:35:00",YAMBUKWF,6,"2016/06/19 16:30:05"
D,METER_DATA,GEN_DUID,1,"2016/06/19 16:40:00",BBDISEL1,0,"2016/06/19 16:35:05"
D,METER_DATA,GEN_DUID,1,"2016/06/19 16:40:00",BUTLERSG,7.799998,"2016/06/19 16:35:05"
D,METER_DATA,GEN_DUID,1,"2016/06/19 16:40:00",CALL_A_4,0,"2016/06/19 16:35:05"
D,METER_DATA,GEN_DUID,1,"2016/06/19 16:40:00",CAPTL_WF,117.900002,"2016/06/19 16:35:05"
D,METER_DATA,GEN_DUID,1,"2016/06/19 16:40:00",CATAGUN1,0,"2016/06/19 16:35:05"
D,METER_DATA,GEN_DUID,1,"2016/06/19 16:40:00",CATHROCK,0,"2016/06/19 16:35:05"
D,METER_DATA,GEN_DUID,1,"2016/06/19 16:40:00",CHALLHWF,5.90,"2016/06/19 16:35:05"
D,METER_DATA,GEN_DUID,1,"2016/06/19 16:40:00",CLOVER,25.18,"2016/06/19 16:35:05"
D,METER_DATA,GEN_DUID,1,"2016/06/19 16:40:00",CLUNY,15.247431,"2016/06/19 16:35:05"
D,METER_DATA,GEN_DUID,1,"2016/06/19 16:40:00",CNUNDAWF,4.905723,"2016/06/19 16:35:05"
D,METER_DATA,GEN_DUID,1,"2016/06/19 16:40:00",CULLRGWF,25.799999,"2016/06/19 16:35:05"
D,METER_DATA,GEN_DUID,1,"2016/06/19 16:40:00",ERGT01,0,"2016/06/19 16:35:05"
D,METER_DATA,GEN_DUID,1,"2016/06/19 16:40:00",GB01,0.143673,"2016/06/19 16:35:05"
D,METER_DATA,GEN_DUID,1,"2016/06/19 16:40:00",GEORGTN1,0,"2016/06/19 16:35:05"
D,METER_DATA,GEN_DUID,1,"2016/06/19 16:40:00",GEORGTN2,0,"2016/06/19 16:35:05"
D,METER_DATA,GEN_DUID,1,"2016/06/19 16:40:00",GERMCRK,39,"2016/06/19 16:35:05"
D,METER_DATA,GEN_DUID,1,"2016/06/19 16:40:00",INVICTA,37.975002,"2016/06/19 16:35:05"
D,METER_DATA,GEN_DUID,1,"2016/06/19 16:40:00",LKBONNY1,6.966130,"2016/06/19 16:35:05"
D,METER_DATA,GEN_DUID,1,"2016/06/19 16:40:00",MBAHNTH,59.493752,"2016/06/19 16:35:05"
D,METER_DATA,GEN_DUID,1,"2016/06/19 16:40:00",MEADOWB2,0,"2016/06/19 16:35:05"
D,METER_DATA,GEN_DUID,1,"2016/06/19 16:40:00",MLWF1,4.9950,"2016/06/19 16:35:05"
D,METER_DATA,GEN_DUID,1,"2016/06/19 16:40:00",MTMILLAR,-0.145106,"2016/06/19 16:35:05"
D,METER_DATA,GEN_DUID,1,"2016/06/19 16:40:00",PALOONA,23.309999,"2016/06/19 16:35:05"
D,METER_DATA,GEN_DUID,1,"2016/06/19 16:40:00",PORTLAT1,0,"2016/06/19 16:35:05"
D,METER_DATA,GEN_DUID,1,"2016/06/19 16:40:00",PORTWF,27.50,"2016/06/19 16:35:05"
D,METER_DATA,GEN_DUID,1,"2016/06/19 16:40:00",QUERIVE1,-0.12,"2016/06/19 16:35:05"
D,METER_DATA,GEN_DUID,1,"2016/06/19 16:40:00",REPULSE,29.020765,"2016/06/19 16:35:05"
D,METER_DATA,GEN_DUID,1,"2016/06/19 16:40:00",ROWALLAN,9.6631,"2016/06/19 16:35:05"
D,METER_DATA,GEN_DUID,1,"2016/06/19 16:40:00",ROYALLA1,0,"2016/06/19 16:35:05"
D,METER_DATA,GEN_DUID,1,"2016/06/19 16:40:00",RPCG,-0.20,"2016/06/19 16:35:05"
D,METER_DATA,GEN_DUID,1,"2016/06/19 16:40:00",RUBICON,0,"2016/06/19 16:35:05"
D,METER_DATA,GEN_DUID,1,"2016/06/19 16:40:00",STARHLWF,2.299330,"2016/06/19 16:35:05"
D,METER_DATA,GEN_DUID,1,"2016/06/19 16:40:00",WAUBRAWF,64.403999,"2016/06/19 16:35:05"
D,METER_DATA,GEN_DUID,1,"2016/06/19 16:40:00",WOOLNTH1,29.790016,"2016/06/19 16:35:05"
D,METER_DATA,GEN_DUID,1,"2016/06/19 16:40:00",WPWF,0,"2016/06/19 16:35:05"
D,METER_DATA,GEN_DUID,1,"2016/06/19 16:40:00",YAMBUKWF,6.60,"2016/06/19 16:35:05"
D,METER_DATA,GEN_DUID,1,"2016/06/19 16:45:00",BBDISEL1,0,"2016/06/19 16:40:04"
D,METER_DATA,GEN_DUID,1,"2016/06/19 16:45:00",BUTLERSG,7.799998,"2016/06/19 16:40:04"
D,METER_DATA,GEN_DUID,1,"2016/06/19 16:45:00",CALL_A_4,0,"2016/06/19 16:40:04"
D,METER_DATA,GEN_DUID,1,"2016/06/19 16:45:00",CAPTL_WF,120,"2016/06/19 16:40:04"
D,METER_DATA,GEN_DUID,1,"2016/06/19 16:45:00",CATAGUN1,0,"2016/06/19 16:40:04"
D,METER_DATA,GEN_DUID,1,"2016/06/19 16:45:00",CATHROCK,0,"2016/06/19 16:40:04"
D,METER_DATA,GEN_DUID,1,"2016/06/19 16:45:00",CHALLHWF,5.50,"2016/06/19 16:40:04"
D,METER_DATA,GEN_DUID,1,"2016/06/19 16:45:00",CLOVER,25.18,"2016/06/19 16:40:04"
D,METER_DATA,GEN_DUID,1,"2016/06/19 16:45:00",CLUNY,15.2903,"2016/06/19 16:40:04"
D,METER_DATA,GEN_DUID,1,"2016/06/19 16:45:00",CNUNDAWF,4.905723,"2016/06/19 16:40:04"
D,METER_DATA,GEN_DUID,1,"2016/06/19 16:45:00",CULLRGWF,25.02,"2016/06/19 16:40:04"
D,METER_DATA,GEN_DUID,1,"2016/06/19 16:45:00",ERGT01,0,"2016/06/19 16:40:04"
D,METER_DATA,GEN_DUID,1,"2016/06/19 16:45:00",GB01,0.143673,"2016/06/19 16:40:04"
D,METER_DATA,GEN_DUID,1,"2016/06/19 16:45:00",GEORGTN1,0,"2016/06/19 16:40:04"
D,METER_DATA,GEN_DUID,1,"2016/06/19 16:45:00",GEORGTN2,0,"2016/06/19 16:40:04"
D,METER_DATA,GEN_DUID,1,"2016/06/19 16:45:00",GERMCRK,38.700001,"2016/06/19 16:40:04"
D,METER_DATA,GEN_DUID,1,"2016/06/19 16:45:00",INVICTA,37.975002,"2016/06/19 16:40:04"
D,METER_DATA,GEN_DUID,1,"2016/06/19 16:45:00",LKBONNY1,6.340965,"2016/06/19 16:40:04"
D,METER_DATA,GEN_DUID,1,"2016/06/19 16:45:00",MBAHNTH,59.493752,"2016/06/19 16:40:04"
D,METER_DATA,GEN_DUID,1,"2016/06/19 16:45:00",MEADOWB2,0,"2016/06/19 16:40:04"
D,METER_DATA,GEN_DUID,1,"2016/06/19 16:45:00",MLWF1,4.35,"2016/06/19 16:40:04"
D,METER_DATA,GEN_DUID,1,"2016/06/19 16:45:00",MTMILLAR,-0.078134,"2016/06/19 16:40:04"
D,METER_DATA,GEN_DUID,1,"2016/06/19 16:45:00",PALOONA,23.709999,"2016/06/19 16:40:04"
D,METER_DATA,GEN_DUID,1,"2016/06/19 16:45:00",PORTLAT1,0,"2016/06/19 16:40:04"
D,METER_DATA,GEN_DUID,1,"2016/06/19 16:45:00",PORTWF,28.799999,"2016/06/19 16:40:04"
D,METER_DATA,GEN_DUID,1,"2016/06/19 16:45:00",QUERIVE1,-0.13,"2016/06/19 16:40:04"
D,METER_DATA,GEN_DUID,1,"2016/06/19 16:45:00",REPULSE,28.468170,"2016/06/19 16:40:04"
D,METER_DATA,GEN_DUID,1,"2016/06/19 16:45:00",ROWALLAN,9.8193,"2016/06/19 16:40:04"
D,METER_DATA,GEN_DUID,1,"2016/06/19 16:45:00",ROYALLA1,0,"2016/06/19 16:40:04"
D,METER_DATA,GEN_DUID,1,"2016/06/19 16:45:00",RPCG,-0.20,"2016/06/19 16:40:04"
D,METER_DATA,GEN_DUID,1,"2016/06/19 16:45:00",RUBICON,0,"2016/06/19 16:40:04"
D,METER_DATA,GEN_DUID,1,"2016/06/19 16:45:00",STARHLWF,1.899446,"2016/06/19 16:40:04"
D,METER_DATA,GEN_DUID,1,"2016/06/19 16:45:00",WAUBRAWF,69.748001,"2016/06/19 16:40:04"
D,METER_DATA,GEN_DUID,1,"2016/06/19 16:45:00",WOOLNTH1,29.250015,"2016/06/19 16:40:04"
D,METER_DATA,GEN_DUID,1,"2016/06/19 16:45:00",WPWF,0,"2016/06/19 16:40:04"
D,METER_DATA,GEN_DUID,1,"2016/06/19 16:45:00",YAMBUKWF,7.10,"2016/06/19 16:40:04"
D,METER_DATA,GEN_DUID,1,"2016/06/19 16:50:00",BBDISEL1,0,"2016/06/19 16:45:04"
D,METER_DATA,GEN_DUID,1,"2016/06/19 16:50:00",BUTLERSG,7.799998,"2016/06/19 16:45:04"
D,METER_DATA,GEN_DUID,1,"2016/06/19 16:50:00",CALL_A_4,0,"2016/06/19 16:45:04"
D,METER_DATA,GEN_DUID,1,"2016/06/19 16:50:00",CAPTL_WF,119.987999,"2016/06/19 16:45:04"
D,METER_DATA,GEN_DUID,1,"2016/06/19 16:50:00",CATAGUN1,0,"2016/06/19 16:45:04"
D,METER_DATA,GEN_DUID,1,"2016/06/19 16:50:00",CATHROCK,0,"2016/06/19 16:45:04"
D,METER_DATA,GEN_DUID,1,"2016/06/19 16:50:00",CHALLHWF,7.20,"2016/06/19 16:45:04"
D,METER_DATA,GEN_DUID,1,"2016/06/19 16:50:00",CLOVER,25.150002,"2016/06/19 16:45:04"
D,METER_DATA,GEN_DUID,1,"2016/06/19 16:50:00",CLUNY,15.104530,"2016/06/19 16:45:04"
D,METER_DATA,GEN_DUID,1,"2016/06/19 16:50:00",CNUNDAWF,5.306190,"2016/06/19 16:45:04"
D,METER_DATA,GEN_DUID,1,"2016/06/19 16:50:00",CULLRGWF,24.75,"2016/06/19 16:45:04"
D,METER_DATA,GEN_DUID,1,"2016/06/19 16:50:00",ERGT01,0,"2016/06/19 16:45:04"
D,METER_DATA,GEN_DUID,1,"2016/06/19 16:50:00",GB01,0.143673,"2016/06/19 16:45:04"
D,METER_DATA,GEN_DUID,1,"2016/06/19 16:50:00",GEORGTN1,0,"2016/06/19 16:45:04"
D,METER_DATA,GEN_DUID,1,"2016/06/19 16:50:00",GEORGTN2,0,"2016/06/19 16:45:04"
D,METER_DATA,GEN_DUID,1,"2016/06/19 16:50:00",GERMCRK,39.099998,"2016/06/19 16:45:04"
D,METER_DATA,GEN_DUID,1,"2016/06/19 16:50:00",INVICTA,37.975002,"2016/06/19 16:45:04"
D,METER_DATA,GEN_DUID,1,"2016/06/19 16:50:00",LKBONNY1,4.286849,"2016/06/19 16:45:04"
D,METER_DATA,GEN_DUID,1,"2016/06/19 16:50:00",MBAHNTH,59.493752,"2016/06/19 16:45:04"
D,METER_DATA,GEN_DUID,1,"2016/06/19 16:50:00",MEADOWB2,0,"2016/06/19 16:45:04"
D,METER_DATA,GEN_DUID,1,"2016/06/19 16:50:00",MLWF1,4.5150,"2016/06/19 16:45:04"
D,METER_DATA,GEN_DUID,1,"2016/06/19 16:50:00",MTMILLAR,-0.055810,"2016/06/19 16:45:04"
D,METER_DATA,GEN_DUID,1,"2016/06/19 16:50:00",PALOONA,23.559999,"2016/06/19 16:45:04"
D,METER_DATA,GEN_DUID,1,"2016/06/19 16:50:00",PORTLAT1,0,"2016/06/19 16:45:04"
D,METER_DATA,GEN_DUID,1,"2016/06/19 16:50:00",PORTWF,30.50,"2016/06/19 16:45:04"
D,METER_DATA,GEN_DUID,1,"2016/06/19 16:50:00",QUERIVE1,-0.13,"2016/06/19 16:45:04"
D,METER_DATA,GEN_DUID,1,"2016/06/19 16:50:00",REPULSE,27.534475,"2016/06/19 16:45:04"
D,METER_DATA,GEN_DUID,1,"2016/06/19 16:50:00",ROWALLAN,10.0181,"2016/06/19 16:45:04"
D,METER_DATA,GEN_DUID,1,"2016/06/19 16:50:00",ROYALLA1,0,"2016/06/19 16:45:04"
D,METER_DATA,GEN_DUID,1,"2016/06/19 16:50:00",RPCG,-0.20,"2016/06/19 16:45:04"
D,METER_DATA,GEN_DUID,1,"2016/06/19 16:50:00",RUBICON,0,"2016/06/19 16:45:04"
D,METER_DATA,GEN_DUID,1,"2016/06/19 16:50:00",STARHLWF,1.899446,"2016/06/19 16:45:04"
D,METER_DATA,GEN_DUID,1,"2016/06/19 16:50:00",WAUBRAWF,68.475998,"2016/06/19 16:45:04"
D,METER_DATA,GEN_DUID,1,"2016/06/19 16:50:00",WOOLNTH1,28.920017,"2016/06/19 16:45:04"
D,METER_DATA,GEN_DUID,1,"2016/06/19 16:50:00",WPWF,0,"2016/06/19 16:45:04"
D,METER_DATA,GEN_DUID,1,"2016/06/19 16:50:00",YAMBUKWF,6.80,"2016/06/19 16:45:04"
D,METER_DATA,GEN_DUID,1,"2016/06/19 16:55:00",BBDISEL1,0,"2016/06/19 16:50:05"
D,METER_DATA,GEN_DUID,1,"2016/06/19 16:55:00",BUTLERSG,7.799998,"2016/06/19 16:50:05"
D,METER_DATA,GEN_DUID,1,"2016/06/19 16:55:00",CALL_A_4,0,"2016/06/19 16:50:05"
D,METER_DATA,GEN_DUID,1,"2016/06/19 16:55:00",CAPTL_WF,125.695992,"2016/06/19 16:50:05"
D,METER_DATA,GEN_DUID,1,"2016/06/19 16:55:00",CATAGUN1,0,"2016/06/19 16:50:05"
D,METER_DATA,GEN_DUID,1,"2016/06/19 16:55:00",CATHROCK,0,"2016/06/19 16:50:05"
D,METER_DATA,GEN_DUID,1,"2016/06/19 16:55:00",CHALLHWF,7.30,"2016/06/19 16:50:05"
D,METER_DATA,GEN_DUID,1,"2016/06/19 16:55:00",CLOVER,25.189999,"2016/06/19 16:50:05"
D,METER_DATA,GEN_DUID,1,"2016/06/19 16:55:00",CLUNY,14.332870,"2016/06/19 16:50:05"
D,METER_DATA,GEN_DUID,1,"2016/06/19 16:55:00",CNUNDAWF,4.405139,"2016/06/19 16:50:05"
D,METER_DATA,GEN_DUID,1,"2016/06/19 16:55:00",CULLRGWF,24.889999,"2016/06/19 16:50:05"
D,METER_DATA,GEN_DUID,1,"2016/06/19 16:55:00",ERGT01,0,"2016/06/19 16:50:05"
D,METER_DATA,GEN_DUID,1,"2016/06/19 16:55:00",GB01,0.143673,"2016/06/19 16:50:05"
D,METER_DATA,GEN_DUID,1,"2016/06/19 16:55:00",GEORGTN1,0,"2016/06/19 16:50:05"
D,METER_DATA,GEN_DUID,1,"2016/06/19 16:55:00",GEORGTN2,0,"2016/06/19 16:50:05"
D,METER_DATA,GEN_DUID,1,"2016/06/19 16:55:00",GERMCRK,38.599998,"2016/06/19 16:50:05"
D,METER_DATA,GEN_DUID,1,"2016/06/19 16:55:00",INVICTA,37.975002,"2016/06/19 16:50:05"
D,METER_DATA,GEN_DUID,1,"2016/06/19 16:55:00",LKBONNY1,4.644087,"2016/06/19 16:50:05"
D,METER_DATA,GEN_DUID,1,"2016/06/19 16:55:00",MBAHNTH,59.493752,"2016/06/19 16:50:05"
D,METER_DATA,GEN_DUID,1,"2016/06/19 16:55:00",MEADOWB2,0,"2016/06/19 16:50:05"
D,METER_DATA,GEN_DUID,1,"2016/06/19 16:55:00",MLWF1,3.78,"2016/06/19 16:50:05"
D,METER_DATA,GEN_DUID,1,"2016/06/19 16:55:00",MTMILLAR,0,"2016/06/19 16:50:05"
D,METER_DATA,GEN_DUID,1,"2016/06/19 16:55:00",PALOONA,23.559999,"2016/06/19 16:50:05"
D,METER_DATA,GEN_DUID,1,"2016/06/19 16:55:00",PORTLAT1,0,"2016/06/19 16:50:05"
D,METER_DATA,GEN_DUID,1,"2016/06/19 16:55:00",PORTWF,35.599998,"2016/06/19 16:50:05"
D,METER_DATA,GEN_DUID,1,"2016/06/19 16:55:00",QUERIVE1,-0.13,"2016/06/19 16:50:05"
D,METER_DATA,GEN_DUID,1,"2016/06/19 16:55:00",REPULSE,27.420145,"2016/06/19 16:50:05"
D,METER_DATA,GEN_DUID,1,"2016/06/19 16:55:00",ROWALLAN,9.7838,"2016/06/19 16:50:05"
D,METER_DATA,GEN_DUID,1,"2016/06/19 16:55:00",ROYALLA1,0,"2016/06/19 16:50:05"
D,METER_DATA,GEN_DUID,1,"2016/06/19 16:55:00",RPCG,-0.20,"2016/06/19 16:50:05"
D,METER_DATA,GEN_DUID,1,"2016/06/19 16:55:00",RUBICON,0,"2016/06/19 16:50:05"
D,METER_DATA,GEN_DUID,1,"2016/06/19 16:55:00",STARHLWF,1.099679,"2016/06/19 16:50:05"
D,METER_DATA,GEN_DUID,1,"2016/06/19 16:55:00",WAUBRAWF,65.057999,"2016/06/19 16:50:05"
D,METER_DATA,GEN_DUID,1,"2016/06/19 16:55:00",WOOLNTH1,29.930016,"2016/06/19 16:50:05"
D,METER_DATA,GEN_DUID,1,"2016/06/19 16:55:00",WPWF,0,"2016/06/19 16:50:05"
D,METER_DATA,GEN_DUID,1,"2016/06/19 16:55:00",YAMBUKWF,5.40,"2016/06/19 16:50:05"
D,METER_DATA,GEN_DUID,1,"2016/06/19 17:00:00",BBDISEL1,0,"2016/06/19 16:55:05"
D,METER_DATA,GEN_DUID,1,"2016/06/19 17:00:00",BUTLERSG,7.799998,"2016/06/19 16:55:05"
D,METER_DATA,GEN_DUID,1,"2016/06/19 17:00:00",CALL_A_4,0,"2016/06/19 16:55:05"
D,METER_DATA,GEN_DUID,1,"2016/06/19 17:00:00",CAPTL_WF,129.040009,"2016/06/19 16:55:05"
D,METER_DATA,GEN_DUID,1,"2016/06/19 17:00:00",CATAGUN1,0,"2016/06/19 16:55:05"
D,METER_DATA,GEN_DUID,1,"2016/06/19 17:00:00",CATHROCK,0,"2016/06/19 16:55:05"
D,METER_DATA,GEN_DUID,1,"2016/06/19 17:00:00",CHALLHWF,6.30,"2016/06/19 16:55:05"
D,METER_DATA,GEN_DUID,1,"2016/06/19 17:00:00",CLOVER,25.220001,"2016/06/19 16:55:05"
D,METER_DATA,GEN_DUID,1,"2016/06/19 17:00:00",CLUNY,15.047370,"2016/06/19 16:55:05"
D,METER_DATA,GEN_DUID,1,"2016/06/19 17:00:00",CNUNDAWF,4.405139,"2016/06/19 16:55:05"
D,METER_DATA,GEN_DUID,1,"2016/06/19 17:00:00",CULLRGWF,25.66,"2016/06/19 16:55:05"
D,METER_DATA,GEN_DUID,1,"2016/06/19 17:00:00",ERGT01,0,"2016/06/19 16:55:05"
D,METER_DATA,GEN_DUID,1,"2016/06/19 17:00:00",GB01,0.143673,"2016/06/19 16:55:05"
D,METER_DATA,GEN_DUID,1,"2016/06/19 17:00:00",GEORGTN1,0,"2016/06/19 16:55:05"
D,METER_DATA,GEN_DUID,1,"2016/06/19 17:00:00",GEORGTN2,0,"2016/06/19 16:55:05"
D,METER_DATA,GEN_DUID,1,"2016/06/19 17:00:00",GERMCRK,39.200001,"2016/06/19 16:55:05"
D,METER_DATA,GEN_DUID,1,"2016/06/19 17:00:00",INVICTA,37.975002,"2016/06/19 16:55:05"
D,METER_DATA,GEN_DUID,1,"2016/06/19 17:00:00",LKBONNY1,4.286849,"2016/06/19 16:55:05"
D,METER_DATA,GEN_DUID,1,"2016/06/19 17:00:00",MBAHNTH,59.493752,"2016/06/19 16:55:05"
D,METER_DATA,GEN_DUID,1,"2016/06/19 17:00:00",MEADOWB2,0,"2016/06/19 16:55:05"
D,METER_DATA,GEN_DUID,1,"2016/06/19 17:00:00",MLWF1,3.4950,"2016/06/19 16:55:05"
D,METER_DATA,GEN_DUID,1,"2016/06/19 17:00:00",MTMILLAR,0.275329,"2016/06/19 16:55:05"
D,METER_DATA,GEN_DUID,1,"2016/06/19 17:00:00",PALOONA,23.559999,"2016/06/19 16:55:05"
D,METER_DATA,GEN_DUID,1,"2016/06/19 17:00:00",PORTLAT1,0,"2016/06/19 16:55:05"
D,METER_DATA,GEN_DUID,1,"2016/06/19 17:00:00",PORTWF,34.299999,"2016/06/19 16:55:05"
D,METER_DATA,GEN_DUID,1,"2016/06/19 17:00:00",QUERIVE1,-0.12,"2016/06/19 16:55:05"
D,METER_DATA,GEN_DUID,1,"2016/06/19 17:00:00",REPULSE,28.411005,"2016/06/19 16:55:05"
D,METER_DATA,GEN_DUID,1,"2016/06/19 17:00:00",ROWALLAN,9.940001,"2016/06/19 16:55:05"
D,METER_DATA,GEN_DUID,1,"2016/06/19 17:00:00",ROYALLA1,0,"2016/06/19 16:55:05"
D,METER_DATA,GEN_DUID,1,"2016/06/19 17:00:00",RPCG,-0.20,"2016/06/19 16:55:05"
D,METER_DATA,GEN_DUID,1,"2016/06/19 17:00:00",RUBICON,0,"2016/06/19 16:55:05"
D,METER_DATA,GEN_DUID,1,"2016/06/19 17:00:00",STARHLWF,1.499563,"2016/06/19 16:55:05"
D,METER_DATA,GEN_DUID,1,"2016/06/19 17:00:00",WAUBRAWF,67.4580,"2016/06/19 16:55:05"
D,METER_DATA,GEN_DUID,1,"2016/06/19 17:00:00",WOOLNTH1,30.880016,"2016/06/19 16:55:05"
D,METER_DATA,GEN_DUID,1,"2016/06/19 17:00:00",WPWF,0,"2016/06/19 16:55:05"
D,METER_DATA,GEN_DUID,1,"2016/06/19 17:00:00",YAMBUKWF,5.30,"2016/06/19 16:55:05"
D,METER_DATA,GEN_DUID,1,"2016/06/19 17:05:00",BBDISEL1,0,"2016/06/19 17:00:05"
D,METER_DATA,GEN_DUID,1,"2016/06/19 17:05:00",BUTLERSG,7.799998,"2016/06/19 17:00:05"
D,METER_DATA,GEN_DUID,1,"2016/06/19 17:05:00",CALL_A_4,0,"2016/06/19 17:00:05"
D,METER_DATA,GEN_DUID,1,"2016/06/19 17:05:00",CAPTL_WF,134.148010,"2016/06/19 17:00:05"
D,METER_DATA,GEN_DUID,1,"2016/06/19 17:05:00",CATAGUN1,0,"2016/06/19 17:00:05"
D,METER_DATA,GEN_DUID,1,"2016/06/19 17:05:00",CATHROCK,0,"2016/06/19 17:00:05"
D,METER_DATA,GEN_DUID,1,"2016/06/19 17:05:00",CHALLHWF,6.70,"2016/06/19 17:00:05"
D,METER_DATA,GEN_DUID,1,"2016/06/19 17:05:00",CLOVER,25.189999,"2016/06/19 17:00:05"
D,METER_DATA,GEN_DUID,1,"2016/06/19 17:05:00",CLUNY,15.890480,"2016/06/19 17:00:05"
D,METER_DATA,GEN_DUID,1,"2016/06/19 17:05:00",CNUNDAWF,3.704321,"2016/06/19 17:00:05"
D,METER_DATA,GEN_DUID,1,"2016/06/19 17:05:00",CULLRGWF,25.92,"2016/06/19 17:00:05"
D,METER_DATA,GEN_DUID,1,"2016/06/19 17:05:00",ERGT01,0,"2016/06/19 17:00:05"
D,METER_DATA,GEN_DUID,1,"2016/06/19 17:05:00",GB01,0.143673,"2016/06/19 17:00:05"
D,METER_DATA,GEN_DUID,1,"2016/06/19 17:05:00",GEORGTN1,0,"2016/06/19 17:00:05"
D,METER_DATA,GEN_DUID,1,"2016/06/19 17:05:00",GEORGTN2,0,"2016/06/19 17:00:05"
D,METER_DATA,GEN_DUID,1,"2016/06/19 17:05:00",GERMCRK,38.799999,"2016/06/19 17:00:05"
D,METER_DATA,GEN_DUID,1,"2016/06/19 17:05:00",INVICTA,37.975002,"2016/06/19 17:00:05"
D,METER_DATA,GEN_DUID,1,"2016/06/19 17:05:00",LKBONNY1,4.644087,"2016/06/19 17:00:05"
D,METER_DATA,GEN_DUID,1,"2016/06/19 17:05:00",MBAHNTH,59.493752,"2016/06/19 17:00:05"
D,METER_DATA,GEN_DUID,1,"2016/06/19 17:05:00",MEADOWB2,0,"2016/06/19 17:00:05"
D,METER_DATA,GEN_DUID,1,"2016/06/19 17:05:00",MLWF1,3.39,"2016/06/19 17:00:05"
D,METER_DATA,GEN_DUID,1,"2016/06/19 17:05:00",MTMILLAR,0.491127,"2016/06/19 17:00:05"
D,METER_DATA,GEN_DUID,1,"2016/06/19 17:05:00",PALOONA,23.559999,"2016/06/19 17:00:05"
D,METER_DATA,GEN_DUID,1,"2016/06/19 17:05:00",PORTLAT1,0,"2016/06/19 17:00:05"
D,METER_DATA,GEN_DUID,1,"2016/06/19 17:05:00",PORTWF,29.799999,"2016/06/19 17:00:05"
D,METER_DATA,GEN_DUID,1,"2016/06/19 17:05:00",QUERIVE1,-0.12,"2016/06/19 17:00:05"
D,METER_DATA,GEN_DUID,1,"2016/06/19 17:05:00",REPULSE,29.077929,"2016/06/19 17:00:05"
D,METER_DATA,GEN_DUID,1,"2016/06/19 17:05:00",ROWALLAN,9.9826,"2016/06/19 17:00:05"
D,METER_DATA,GEN_DUID,1,"2016/06/19 17:05:00",ROYALLA1,0,"2016/06/19 17:00:05"
D,METER_DATA,GEN_DUID,1,"2016/06/19 17:05:00",RPCG,-0.20,"2016/06/19 17:00:05"
D,METER_DATA,GEN_DUID,1,"2016/06/19 17:05:00",RUBICON,0,"2016/06/19 17:00:05"
D,METER_DATA,GEN_DUID,1,"2016/06/19 17:05:00",STARHLWF,1.099679,"2016/06/19 17:00:05"
D,METER_DATA,GEN_DUID,1,"2016/06/19 17:05:00",WAUBRAWF,68.677002,"2016/06/19 17:00:05"
D,METER_DATA,GEN_DUID,1,"2016/06/19 17:05:00",WOOLNTH1,31.340015,"2016/06/19 17:00:05"
D,METER_DATA,GEN_DUID,1,"2016/06/19 17:05:00",WPWF,0,"2016/06/19 17:00:05"
D,METER_DATA,GEN_DUID,1,"2016/06/19 17:05:00",YAMBUKWF,6.40,"2016/06/19 17:00:05"
D,METER_DATA,GEN_DUID,1,"2016/06/19 17:10:00",BBDISEL1,0,"2016/06/19 17:05:04"
D,METER_DATA,GEN_DUID,1,"2016/06/19 17:10:00",BUTLERSG,7.799998,"2016/06/19 17:05:04"
D,METER_DATA,GEN_DUID,1,"2016/06/19 17:10:00",CALL_A_4,0,"2016/06/19 17:05:04"
D,METER_DATA,GEN_DUID,1,"2016/06/19 17:10:00",CAPTL_WF,134.088013,"2016/06/19 17:05:04"
D,METER_DATA,GEN_DUID,1,"2016/06/19 17:10:00",CATAGUN1,0,"2016/06/19 17:05:04"
D,METER_DATA,GEN_DUID,1,"2016/06/19 17:10:00",CATHROCK,1.50,"2016/06/19 17:05:04"
D,METER_DATA,GEN_DUID,1,"2016/06/19 17:10:00",CHALLHWF,6.60,"2016/06/19 17:05:04"
D,METER_DATA,GEN_DUID,1,"2016/06/19 17:10:00",CLOVER,25.299999,"2016/06/19 17:05:04"
D,METER_DATA,GEN_DUID,1,"2016/06/19 17:10:00",CLUNY,14.5758,"2016/06/19 17:05:04"
D,METER_DATA,GEN_DUID,1,"2016/06/19 17:10:00",CNUNDAWF,4.605372,"2016/06/19 17:05:04"
D,METER_DATA,GEN_DUID,1,"2016/06/19 17:10:00",CULLRGWF,26.969999,"2016/06/19 17:05:04"
D,METER_DATA,GEN_DUID,1,"2016/06/19 17:10:00",ERGT01,0,"2016/06/19 17:05:04"
D,METER_DATA,GEN_DUID,1,"2016/06/19 17:10:00",GB01,0.143673,"2016/06/19 17:05:04"
D,METER_DATA,GEN_DUID,1,"2016/06/19 17:10:00",GEORGTN1,0,"2016/06/19 17:05:04"
D,METER_DATA,GEN_DUID,1,"2016/06/19 17:10:00",GEORGTN2,0,"2016/06/19 17:05:04"
D,METER_DATA,GEN_DUID,1,"2016/06/19 17:10:00",GERMCRK,39.099998,"2016/06/19 17:05:04"
D,METER_DATA,GEN_DUID,1,"2016/06/19 17:10:00",INVICTA,37.975002,"2016/06/19 17:05:04"
D,METER_DATA,GEN_DUID,1,"2016/06/19 17:10:00",LKBONNY1,5.894418,"2016/06/19 17:05:04"
D,METER_DATA,GEN_DUID,1,"2016/06/19 17:10:00",MBAHNTH,59.493752,"2016/06/19 17:05:04"
D,METER_DATA,GEN_DUID,1,"2016/06/19 17:10:00",MEADOWB2,0,"2016/06/19 17:05:04"
D,METER_DATA,GEN_DUID,1,"2016/06/19 17:10:00",MLWF1,3.6150,"2016/06/19 17:05:04"
D,METER_DATA,GEN_DUID,1,"2016/06/19 17:10:00",MTMILLAR,0.461361,"2016/06/19 17:05:04"
D,METER_DATA,GEN_DUID,1,"2016/06/19 17:10:00",PALOONA,23.619999,"2016/06/19 17:05:04"
D,METER_DATA,GEN_DUID,1,"2016/06/19 17:10:00",PORTLAT1,0,"2016/06/19 17:05:04"
D,METER_DATA,GEN_DUID,1,"2016/06/19 17:10:00",PORTWF,31.299999,"2016/06/19 17:05:04"
D,METER_DATA,GEN_DUID,1,"2016/06/19 17:10:00",QUERIVE1,-0.12,"2016/06/19 17:05:04"
D,METER_DATA,GEN_DUID,1,"2016/06/19 17:10:00",REPULSE,27.362980,"2016/06/19 17:05:04"
D,METER_DATA,GEN_DUID,1,"2016/06/19 17:10:00",ROWALLAN,10.2169,"2016/06/19 17:05:04"
D,METER_DATA,GEN_DUID,1,"2016/06/19 17:10:00",ROYALLA1,0,"2016/06/19 17:05:04"
D,METER_DATA,GEN_DUID,1,"2016/06/19 17:10:00",RPCG,-0.20,"2016/06/19 17:05:04"
D,METER_DATA,GEN_DUID,1,"2016/06/19 17:10:00",RUBICON,0,"2016/06/19 17:05:04"
D,METER_DATA,GEN_DUID,1,"2016/06/19 17:10:00",STARHLWF,0.699796,"2016/06/19 17:05:04"
D,METER_DATA,GEN_DUID,1,"2016/06/19 17:10:00",WAUBRAWF,68.259003,"2016/06/19 17:05:04"
D,METER_DATA,GEN_DUID,1,"2016/06/19 17:10:00",WOOLNTH1,30.900015,"2016/06/19 17:05:04"
D,METER_DATA,GEN_DUID,1,"2016/06/19 17:10:00",WPWF,0,"2016/06/19 17:05:04"
D,METER_DATA,GEN_DUID,1,"2016/06/19 17:10:00",YAMBUKWF,7.40,"2016/06/19 17:05:04"
D,METER_DATA,GEN_DUID,1,"2016/06/19 17:15:00",BBDISEL1,0,"2016/06/19 17:10:04"
D,METER_DATA,GEN_DUID,1,"2016/06/19 17:15:00",BUTLERSG,7.799998,"2016/06/19 17:10:04"
D,METER_DATA,GEN_DUID,1,"2016/06/19 17:15:00",CALL_A_4,0,"2016/06/19 17:10:04"
D,METER_DATA,GEN_DUID,1,"2016/06/19 17:15:00",CAPTL_WF,136.312012,"2016/06/19 17:10:04"
D,METER_DATA,GEN_DUID,1,"2016/06/19 17:15:00",CATAGUN1,0,"2016/06/19 17:10:04"
D,METER_DATA,GEN_DUID,1,"2016/06/19 17:15:00",CATHROCK,1.77,"2016/06/19 17:10:04"
D,METER_DATA,GEN_DUID,1,"2016/06/19 17:15:00",CHALLHWF,8.10,"2016/06/19 17:10:04"
D,METER_DATA,GEN_DUID,1,"2016/06/19 17:15:00",CLOVER,25.220001,"2016/06/19 17:10:04"
D,METER_DATA,GEN_DUID,1,"2016/06/19 17:15:00",CLUNY,15.018790,"2016/06/19 17:10:04"
D,METER_DATA,GEN_DUID,1,"2016/06/19 17:15:00",CNUNDAWF,5.606541,"2016/06/19 17:10:04"
D,METER_DATA,GEN_DUID,1,"2016/06/19 17:15:00",CULLRGWF,26.940001,"2016/06/19 17:10:04"
D,METER_DATA,GEN_DUID,1,"2016/06/19 17:15:00",ERGT01,0,"2016/06/19 17:10:04"
D,METER_DATA,GEN_DUID,1,"2016/06/19 17:15:00",GB01,0.143673,"2016/06/19 17:10:04"
D,METER_DATA,GEN_DUID,1,"2016/06/19 17:15:00",GEORGTN1,0,"2016/06/19 17:10:04"
D,METER_DATA,GEN_DUID,1,"2016/06/19 17:15:00",GEORGTN2,0,"2016/06/19 17:10:04"
D,METER_DATA,GEN_DUID,1,"2016/06/19 17:15:00",GERMCRK,38.799999,"2016/06/19 17:10:04"
D,METER_DATA,GEN_DUID,1,"2016/06/19 17:15:00",INVICTA,37.975002,"2016/06/19 17:10:04"
D,METER_DATA,GEN_DUID,1,"2016/06/19 17:15:00",LKBONNY1,5.447871,"2016/06/19 17:10:04"
D,METER_DATA,GEN_DUID,1,"2016/06/19 17:15:00",MBAHNTH,59.493752,"2016/06/19 17:10:04"
D,METER_DATA,GEN_DUID,1,"2016/06/19 17:15:00",MEADOWB2,0,"2016/06/19 17:10:04"
D,METER_DATA,GEN_DUID,1,"2016/06/19 17:15:00",MLWF1,3.18,"2016/06/19 17:10:04"
D,METER_DATA,GEN_DUID,1,"2016/06/19 17:15:00",MTMILLAR,0.461361,"2016/06/19 17:10:04"
D,METER_DATA,GEN_DUID,1,"2016/06/19 17:15:00",PALOONA,23.519999,"2016/06/19 17:10:04"
D,METER_DATA,GEN_DUID,1,"2016/06/19 17:15:00",PORTLAT1,0,"2016/06/19 17:10:04"
D,METER_DATA,GEN_DUID,1,"2016/06/19 17:15:00",PORTWF,29.40,"2016/06/19 17:10:04"
D,METER_DATA,GEN_DUID,1,"2016/06/19 17:15:00",QUERIVE1,-0.12,"2016/06/19 17:10:04"
D,METER_DATA,GEN_DUID,1,"2016/06/19 17:15:00",REPULSE,27.629749,"2016/06/19 17:10:04"
D,METER_DATA,GEN_DUID,1,"2016/06/19 17:15:00",ROWALLAN,9.8619,"2016/06/19 17:10:04"
D,METER_DATA,GEN_DUID,1,"2016/06/19 17:15:00",ROYALLA1,0,"2016/06/19 17:10:04"
D,METER_DATA,GEN_DUID,1,"2016/06/19 17:15:00",RPCG,-0.20,"2016/06/19 17:10:04"
D,METER_DATA,GEN_DUID,1,"2016/06/19 17:15:00",RUBICON,0,"2016/06/19 17:10:04"
D,METER_DATA,GEN_DUID,1,"2016/06/19 17:15:00",STARHLWF,0.699796,"2016/06/19 17:10:04"
D,METER_DATA,GEN_DUID,1,"2016/06/19 17:15:00",WAUBRAWF,67.011002,"2016/06/19 17:10:04"
D,METER_DATA,GEN_DUID,1,"2016/06/19 17:15:00",WOOLNTH1,31.310017,"2016/06/19 17:10:04"
D,METER_DATA,GEN_DUID,1,"2016/06/19 17:15:00",WPWF,0,"2016/06/19 17:10:04"
D,METER_DATA,GEN_DUID,1,"2016/06/19 17:15:00",YAMBUKWF,7.50,"2016/06/19 17:10:04"
D,METER_DATA,GEN_DUID,1,"2016/06/19 17:20:00",BBDISEL1,0,"2016/06/19 17:15:05"
D,METER_DATA,GEN_DUID,1,"2016/06/19 17:20:00",BUTLERSG,7.799998,"2016/06/19 17:15:05"
D,METER_DATA,GEN_DUID,1,"2016/06/19 17:20:00",CALL_A_4,0,"2016/06/19 17:15:05"
D,METER_DATA,GEN_DUID,1,"2016/06/19 17:20:00",CAPTL_WF,135.988007,"2016/06/19 17:15:05"
D,METER_DATA,GEN_DUID,1,"2016/06/19 17:20:00",CATAGUN1,0,"2016/06/19 17:15:05"
D,METER_DATA,GEN_DUID,1,"2016/06/19 17:20:00",CATHROCK,0,"2016/06/19 17:15:05"
D,METER_DATA,GEN_DUID,1,"2016/06/19 17:20:00",CHALLHWF,7.10,"2016/06/19 17:15:05"
D,METER_DATA,GEN_DUID,1,"2016/06/19 17:20:00",CLOVER,25.23,"2016/06/19 17:15:05"
D,METER_DATA,GEN_DUID,1,"2016/06/19 17:20:00",CLUNY,14.361450,"2016/06/19 17:15:05"
D,METER_DATA,GEN_DUID,1,"2016/06/19 17:20:00",CNUNDAWF,5.206073,"2016/06/19 17:15:05"
D,METER_DATA,GEN_DUID,1,"2016/06/19 17:20:00",CULLRGWF,27.35,"2016/06/19 17:15:05"
D,METER_DATA,GEN_DUID,1,"2016/06/19 17:20:00",ERGT01,0,"2016/06/19 17:15:05"
D,METER_DATA,GEN_DUID,1,"2016/06/19 17:20:00",GB01,0.143673,"2016/06/19 17:15:05"
D,METER_DATA,GEN_DUID,1,"2016/06/19 17:20:00",GEORGTN1,0,"2016/06/19 17:15:05"
D,METER_DATA,GEN_DUID,1,"2016/06/19 17:20:00",GEORGTN2,0,"2016/06/19 17:15:05"
D,METER_DATA,GEN_DUID,1,"2016/06/19 17:20:00",GERMCRK,39,"2016/06/19 17:15:05"
D,METER_DATA,GEN_DUID,1,"2016/06/19 17:20:00",INVICTA,37.975002,"2016/06/19 17:15:05"
D,METER_DATA,GEN_DUID,1,"2016/06/19 17:20:00",LKBONNY1,5.269252,"2016/06/19 17:15:05"
D,METER_DATA,GEN_DUID,1,"2016/06/19 17:20:00",MBAHNTH,59.493752,"2016/06/19 17:15:05"
D,METER_DATA,GEN_DUID,1,"2016/06/19 17:20:00",MEADOWB2,0,"2016/06/19 17:15:05"
D,METER_DATA,GEN_DUID,1,"2016/06/19 17:20:00",MLWF1,2.8650,"2016/06/19 17:15:05"
D,METER_DATA,GEN_DUID,1,"2016/06/19 17:20:00",MTMILLAR,0.461361,"2016/06/19 17:15:05"
D,METER_DATA,GEN_DUID,1,"2016/06/19 17:20:00",PALOONA,23.519999,"2016/06/19 17:15:05"
D,METER_DATA,GEN_DUID,1,"2016/06/19 17:20:00",PORTLAT1,0,"2016/06/19 17:15:05"
D,METER_DATA,GEN_DUID,1,"2016/06/19 17:20:00",PORTWF,33.900002,"2016/06/19 17:15:05"
D,METER_DATA,GEN_DUID,1,"2016/06/19 17:20:00",QUERIVE1,-0.13,"2016/06/19 17:15:05"
D,METER_DATA,GEN_DUID,1,"2016/06/19 17:20:00",REPULSE,26.791330,"2016/06/19 17:15:05"
D,METER_DATA,GEN_DUID,1,"2016/06/19 17:20:00",ROWALLAN,9.9826,"2016/06/19 17:15:05"
D,METER_DATA,GEN_DUID,1,"2016/06/19 17:20:00",ROYALLA1,0,"2016/06/19 17:15:05"
D,METER_DATA,GEN_DUID,1,"2016/06/19 17:20:00",RPCG,-0.20,"2016/06/19 17:15:05"
D,METER_DATA,GEN_DUID,1,"2016/06/19 17:20:00",RUBICON,0,"2016/06/19 17:15:05"
D,METER_DATA,GEN_DUID,1,"2016/06/19 17:20:00",STARHLWF,0.599825,"2016/06/19 17:15:05"
D,METER_DATA,GEN_DUID,1,"2016/06/19 17:20:00",WAUBRAWF,66.2910,"2016/06/19 17:15:05"
D,METER_DATA,GEN_DUID,1,"2016/06/19 17:20:00",WOOLNTH1,32.910015,"2016/06/19 17:15:05"
D,METER_DATA,GEN_DUID,1,"2016/06/19 17:20:00",WPWF,0,"2016/06/19 17:15:05"
D,METER_DATA,GEN_DUID,1,"2016/06/19 17:20:00",YAMBUKWF,7.40,"2016/06/19 17:15:05"
D,METER_DATA,GEN_DUID,1,"2016/06/19 17:25:00",BBDISEL1,0,"2016/06/19 17:20:04"
D,METER_DATA,GEN_DUID,1,"2016/06/19 17:25:00",BUTLERSG,7.799998,"2016/06/19 17:20:04"
D,METER_DATA,GEN_DUID,1,"2016/06/19 17:25:00",CALL_A_4,0,"2016/06/19 17:20:04"
D,METER_DATA,GEN_DUID,1,"2016/06/19 17:25:00",CAPTL_WF,133.828003,"2016/06/19 17:20:04"
D,METER_DATA,GEN_DUID,1,"2016/06/19 17:25:00",CATAGUN1,0,"2016/06/19 17:20:04"
D,METER_DATA,GEN_DUID,1,"2016/06/19 17:25:00",CATHROCK,3.72,"2016/06/19 17:20:04"
D,METER_DATA,GEN_DUID,1,"2016/06/19 17:25:00",CHALLHWF,7,"2016/06/19 17:20:04"
D,METER_DATA,GEN_DUID,1,"2016/06/19 17:25:00",CLOVER,25.26,"2016/06/19 17:20:04"
D,METER_DATA,GEN_DUID,1,"2016/06/19 17:25:00",CLUNY,15.819031,"2016/06/19 17:20:04"
D,METER_DATA,GEN_DUID,1,"2016/06/19 17:25:00",CNUNDAWF,4.405139,"2016/06/19 17:20:04"
D,METER_DATA,GEN_DUID,1,"2016/06/19 17:25:00",CULLRGWF,27.15,"2016/06/19 17:20:04"
D,METER_DATA,GEN_DUID,1,"2016/06/19 17:25:00",ERGT01,0,"2016/06/19 17:20:04"
D,METER_DATA,GEN_DUID,1,"2016/06/19 17:25:00",GB01,0.139385,"2016/06/19 17:20:04"
D,METER_DATA,GEN_DUID,1,"2016/06/19 17:25:00",GEORGTN1,0,"2016/06/19 17:20:04"
D,METER_DATA,GEN_DUID,1,"2016/06/19 17:25:00",GEORGTN2,0,"2016/06/19 17:20:04"
D,METER_DATA,GEN_DUID,1,"2016/06/19 17:25:00",GERMCRK,38.599998,"2016/06/19 17:20:04"
D,METER_DATA,GEN_DUID,1,"2016/06/19 17:25:00",INVICTA,37.975002,"2016/06/19 17:20:04"
D,METER_DATA,GEN_DUID,1,"2016/06/19 17:25:00",LKBONNY1,5.001324,"2016/06/19 17:20:04"
D,METER_DATA,GEN_DUID,1,"2016/06/19 17:25:00",MBAHNTH,59.493752,"2016/06/19 17:20:04"
D,METER_DATA,GEN_DUID,1,"2016/06/19 17:25:00",MEADOWB2,0,"2016/06/19 17:20:04"
D,METER_DATA,GEN_DUID,1,"2016/06/19 17:25:00",MLWF1,2.7750,"2016/06/19 17:20:04"
D,METER_DATA,GEN_DUID,1,"2016/06/19 17:25:00",MTMILLAR,0.572981,"2016/06/19 17:20:04"
D,METER_DATA,GEN_DUID,1,"2016/06/19 17:25:00",PALOONA,23.519999,"2016/06/19 17:20:04"
D,METER_DATA,GEN_DUID,1,"2016/06/19 17:25:00",PORTLAT1,0,"2016/06/19 17:20:04"
D,METER_DATA,GEN_DUID,1,"2016/06/19 17:25:00",PORTWF,34.299999,"2016/06/19 17:20:04"
D,METER_DATA,GEN_DUID,1,"2016/06/19 17:25:00",QUERIVE1,-0.13,"2016/06/19 17:20:04"
D,METER_DATA,GEN_DUID,1,"2016/06/19 17:25:00",REPULSE,28.144234,"2016/06/19 17:20:04"
D,METER_DATA,GEN_DUID,1,"2016/06/19 17:25:00",ROWALLAN,10.2027,"2016/06/19 17:20:04"
D,METER_DATA,GEN_DUID,1,"2016/06/19 17:25:00",ROYALLA1,0,"2016/06/19 17:20:04"
D,METER_DATA,GEN_DUID,1,"2016/06/19 17:25:00",RPCG,-0.20,"2016/06/19 17:20:04"
D,METER_DATA,GEN_DUID,1,"2016/06/19 17:25:00",RUBICON,0,"2016/06/19 17:20:04"
D,METER_DATA,GEN_DUID,1,"2016/06/19 17:25:00",STARHLWF,0.999708,"2016/06/19 17:20:04"
D,METER_DATA,GEN_DUID,1,"2016/06/19 17:25:00",WAUBRAWF,66.286003,"2016/06/19 17:20:04"
D,METER_DATA,GEN_DUID,1,"2016/06/19 17:25:00",WOOLNTH1,33.160015,"2016/06/19 17:20:04"
D,METER_DATA,GEN_DUID,1,"2016/06/19 17:25:00",WPWF,0,"2016/06/19 17:20:04"
D,METER_DATA,GEN_DUID,1,"2016/06/19 17:25:00",YAMBUKWF,7,"2016/06/19 17:20:04"
D,METER_DATA,GEN_DUID,1,"2016/06/19 17:30:00",BBDISEL1,0,"2016/06/19 17:25:04"
D,METER_DATA,GEN_DUID,1,"2016/06/19 17:30:00",BUTLERSG,7.799998,"2016/06/19 17:25:04"
D,METER_DATA,GEN_DUID,1,"2016/06/19 17:30:00",CALL_A_4,0,"2016/06/19 17:25:04"
D,METER_DATA,GEN_DUID,1,"2016/06/19 17:30:00",CAPTL_WF,135.067993,"2016/06/19 17:25:04"
D,METER_DATA,GEN_DUID,1,"2016/06/19 17:30:00",CATAGUN1,0,"2016/06/19 17:25:04"
D,METER_DATA,GEN_DUID,1,"2016/06/19 17:30:00",CATHROCK,5.30,"2016/06/19 17:25:04"
D,METER_DATA,GEN_DUID,1,"2016/06/19 17:30:00",CHALLHWF,6.60,"2016/06/19 17:25:04"
D,METER_DATA,GEN_DUID,1,"2016/06/19 17:30:00",CLOVER,25.299999,"2016/06/19 17:25:04"
D,METER_DATA,GEN_DUID,1,"2016/06/19 17:30:00",CLUNY,14.833020,"2016/06/19 17:25:04"
D,METER_DATA,GEN_DUID,1,"2016/06/19 17:30:00",CNUNDAWF,3.604204,"2016/06/19 17:25:04"
D,METER_DATA,GEN_DUID,1,"2016/06/19 17:30:00",CULLRGWF,26.09,"2016/06/19 17:25:04"
D,METER_DATA,GEN_DUID,1,"2016/06/19 17:30:00",ERGT01,0,"2016/06/19 17:25:04"
D,METER_DATA,GEN_DUID,1,"2016/06/19 17:30:00",GB01,0.139385,"2016/06/19 17:25:04"
D,METER_DATA,GEN_DUID,1,"2016/06/19 17:30:00",GEORGTN1,0,"2016/06/19 17:25:04"
D,METER_DATA,GEN_DUID,1,"2016/06/19 17:30:00",GEORGTN2,0,"2016/06/19 17:25:04"
D,METER_DATA,GEN_DUID,1,"2016/06/19 17:30:00",GERMCRK,39.200001,"2016/06/19 17:25:04"
D,METER_DATA,GEN_DUID,1,"2016/06/19 17:30:00",INVICTA,37.975002,"2016/06/19 17:25:04"
D,METER_DATA,GEN_DUID,1,"2016/06/19 17:30:00",LKBONNY1,5.090634,"2016/06/19 17:25:04"
D,METER_DATA,GEN_DUID,1,"2016/06/19 17:30:00",MBAHNTH,59.493752,"2016/06/19 17:25:04"
D,METER_DATA,GEN_DUID,1,"2016/06/19 17:30:00",MEADOWB2,0,"2016/06/19 17:25:04"
D,METER_DATA,GEN_DUID,1,"2016/06/19 17:30:00",MLWF1,2.5650,"2016/06/19 17:25:04"
D,METER_DATA,GEN_DUID,1,"2016/06/19 17:30:00",MTMILLAR,0.744131,"2016/06/19 17:25:04"
D,METER_DATA,GEN_DUID,1,"2016/06/19 17:30:00",PALOONA,23.519999,"2016/06/19 17:25:04"
D,METER_DATA,GEN_DUID,1,"2016/06/19 17:30:00",PORTLAT1,0,"2016/06/19 17:25:04"
D,METER_DATA,GEN_DUID,1,"2016/06/19 17:30:00",PORTWF,27,"2016/06/19 17:25:04"
D,METER_DATA,GEN_DUID,1,"2016/06/19 17:30:00",QUERIVE1,-0.13,"2016/06/19 17:25:04"
D,METER_DATA,GEN_DUID,1,"2016/06/19 17:30:00",REPULSE,28.544390,"2016/06/19 17:25:04"
D,METER_DATA,GEN_DUID,1,"2016/06/19 17:30:00",ROWALLAN,10.0891,"2016/06/19 17:25:04"
D,METER_DATA,GEN_DUID,1,"2016/06/19 17:30:00",ROYALLA1,0,"2016/06/19 17:25:04"
D,METER_DATA,GEN_DUID,1,"2016/06/19 17:30:00",RPCG,-0.20,"2016/06/19 17:25:04"
D,METER_DATA,GEN_DUID,1,"2016/06/19 17:30:00",RUBICON,0,"2016/06/19 17:25:04"
D,METER_DATA,GEN_DUID,1,"2016/06/19 17:30:00",STARHLWF,0.999708,"2016/06/19 17:25:04"
D,METER_DATA,GEN_DUID,1,"2016/06/19 17:30:00",WAUBRAWF,67.2920,"2016/06/19 17:25:04"
D,METER_DATA,GEN_DUID,1,"2016/06/19 17:30:00",WOOLNTH1,33.310017,"2016/06/19 17:25:04"
D,METER_DATA,GEN_DUID,1,"2016/06/19 17:30:00",WPWF,0,"2016/06/19 17:25:04"
D,METER_DATA,GEN_DUID,1,"2016/06/19 17:30:00",YAMBUKWF,5.90,"2016/06/19 17:25:04"
D,METER_DATA,GEN_DUID,1,"2016/06/19 17:35:00",BBDISEL1,0,"2016/06/19 17:30:05"
D,METER_DATA,GEN_DUID,1,"2016/06/19 17:35:00",BUTLERSG,7.799998,"2016/06/19 17:30:05"
D,METER_DATA,GEN_DUID,1,"2016/06/19 17:35:00",CALL_A_4,0,"2016/06/19 17:30:05"
D,METER_DATA,GEN_DUID,1,"2016/06/19 17:35:00",CAPTL_WF,135.588013,"2016/06/19 17:30:05"
D,METER_DATA,GEN_DUID,1,"2016/06/19 17:35:00",CATAGUN1,0,"2016/06/19 17:30:05"
D,METER_DATA,GEN_DUID,1,"2016/06/19 17:35:00",CATHROCK,5.71,"2016/06/19 17:30:05"
D,METER_DATA,GEN_DUID,1,"2016/06/19 17:35:00",CHALLHWF,7.80,"2016/06/19 17:30:05"
D,METER_DATA,GEN_DUID,1,"2016/06/19 17:35:00",CLOVER,25.26,"2016/06/19 17:30:05"
D,METER_DATA,GEN_DUID,1,"2016/06/19 17:35:00",CLUNY,15.104530,"2016/06/19 17:30:05"
D,METER_DATA,GEN_DUID,1,"2016/06/19 17:35:00",CNUNDAWF,3.604204,"2016/06/19 17:30:05"
D,METER_DATA,GEN_DUID,1,"2016/06/19 17:35:00",CULLRGWF,27.10,"2016/06/19 17:30:05"
D,METER_DATA,GEN_DUID,1,"2016/06/19 17:35:00",ERGT01,0,"2016/06/19 17:30:05"
D,METER_DATA,GEN_DUID,1,"2016/06/19 17:35:00",GB01,0.139385,"2016/06/19 17:30:05"
D,METER_DATA,GEN_DUID,1,"2016/06/19 17:35:00",GEORGTN1,0,"2016/06/19 17:30:05"
D,METER_DATA,GEN_DUID,1,"2016/06/19 17:35:00",GEORGTN2,0,"2016/06/19 17:30:05"
D,METER_DATA,GEN_DUID,1,"2016/06/19 17:35:00",GERMCRK,38.900002,"2016/06/19 17:30:05"
D,METER_DATA,GEN_DUID,1,"2016/06/19 17:35:00",INVICTA,37.975002,"2016/06/19 17:30:05"
D,METER_DATA,GEN_DUID,1,"2016/06/19 17:35:00",LKBONNY1,3.840303,"2016/06/19 17:30:05"
D,METER_DATA,GEN_DUID,1,"2016/06/19 17:35:00",MBAHNTH,59.493752,"2016/06/19 17:30:05"
D,METER_DATA,GEN_DUID,1,"2016/06/19 17:35:00",MEADOWB2,0,"2016/06/19 17:30:05"
D,METER_DATA,GEN_DUID,1,"2016/06/19 17:35:00",MLWF1,3.18,"2016/06/19 17:30:05"
D,METER_DATA,GEN_DUID,1,"2016/06/19 17:35:00",MTMILLAR,0.706925,"2016/06/19 17:30:05"
D,METER_DATA,GEN_DUID,1,"2016/06/19 17:35:00",PALOONA,23.519999,"2016/06/19 17:30:05"
D,METER_DATA,GEN_DUID,1,"2016/06/19 17:35:00",PORTLAT1,0,"2016/06/19 17:30:05"
D,METER_DATA,GEN_DUID,1,"2016/06/19 17:35:00",PORTWF,24,"2016/06/19 17:30:05"
D,METER_DATA,GEN_DUID,1,"2016/06/19 17:35:00",QUERIVE1,-0.12,"2016/06/19 17:30:05"
D,METER_DATA,GEN_DUID,1,"2016/06/19 17:35:00",REPULSE,28.182344,"2016/06/19 17:30:05"
D,METER_DATA,GEN_DUID,1,"2016/06/19 17:35:00",ROWALLAN,10.1459,"2016/06/19 17:30:05"
D,METER_DATA,GEN_DUID,1,"2016/06/19 17:35:00",ROYALLA1,0,"2016/06/19 17:30:05"
D,METER_DATA,GEN_DUID,1,"2016/06/19 17:35:00",RPCG,-0.20,"2016/06/19 17:30:05"
D,METER_DATA,GEN_DUID,1,"2016/06/19 17:35:00",RUBICON,0,"2016/06/19 17:30:05"
D,METER_DATA,GEN_DUID,1,"2016/06/19 17:35:00",STARHLWF,0.999708,"2016/06/19 17:30:05"
D,METER_DATA,GEN_DUID,1,"2016/06/19 17:35:00",WAUBRAWF,63.3820,"2016/06/19 17:30:05"
D,METER_DATA,GEN_DUID,1,"2016/06/19 17:35:00",WOOLNTH1,35.960014,"2016/06/19 17:30:05"
D,METER_DATA,GEN_DUID,1,"2016/06/19 17:35:00",WPWF,0,"2016/06/19 17:30:05"
D,METER_DATA,GEN_DUID,1,"2016/06/19 17:35:00",YAMBUKWF,4.70,"2016/06/19 17:30:05"
D,METER_DATA,GEN_DUID,1,"2016/06/19 17:40:00",BBDISEL1,0,"2016/06/19 17:35:04"
D,METER_DATA,GEN_DUID,1,"2016/06/19 17:40:00",BUTLERSG,7.799998,"2016/06/19 17:35:04"
D,METER_DATA,GEN_DUID,1,"2016/06/19 17:40:00",CALL_A_4,0,"2016/06/19 17:35:04"
D,METER_DATA,GEN_DUID,1,"2016/06/19 17:40:00",CAPTL_WF,135.792007,"2016/06/19 17:35:04"
D,METER_DATA,GEN_DUID,1,"2016/06/19 17:40:00",CATAGUN1,0,"2016/06/19 17:35:04"
D,METER_DATA,GEN_DUID,1,"2016/06/19 17:40:00",CATHROCK,6.59,"2016/06/19 17:35:04"
D,METER_DATA,GEN_DUID,1,"2016/06/19 17:40:00",CHALLHWF,8.799999,"2016/06/19 17:35:04"
D,METER_DATA,GEN_DUID,1,"2016/06/19 17:40:00",CLOVER,25.219999,"2016/06/19 17:35:04"
D,METER_DATA,GEN_DUID,1,"2016/06/19 17:40:00",CLUNY,15.218850,"2016/06/19 17:35:04"
D,METER_DATA,GEN_DUID,1,"2016/06/19 17:40:00",CNUNDAWF,3.604204,"2016/06/19 17:35:04"
D,METER_DATA,GEN_DUID,1,"2016/06/19 17:40:00",CULLRGWF,27.32,"2016/06/19 17:35:04"
D,METER_DATA,GEN_DUID,1,"2016/06/19 17:40:00",ERGT01,0,"2016/06/19 17:35:04"
D,METER_DATA,GEN_DUID,1,"2016/06/19 17:40:00",GB01,0.139385,"2016/06/19 17:35:04"
D,METER_DATA,GEN_DUID,1,"2016/06/19 17:40:00",GEORGTN1,0,"2016/06/19 17:35:04"
D,METER_DATA,GEN_DUID,1,"2016/06/19 17:40:00",GEORGTN2,0,"2016/06/19 17:35:04"
D,METER_DATA,GEN_DUID,1,"2016/06/19 17:40:00",GERMCRK,39.299999,"2016/06/19 17:35:04"
D,METER_DATA,GEN_DUID,1,"2016/06/19 17:40:00",INVICTA,37.975002,"2016/06/19 17:35:04"
D,METER_DATA,GEN_DUID,1,"2016/06/19 17:40:00",LKBONNY1,3.750993,"2016/06/19 17:35:04"
D,METER_DATA,GEN_DUID,1,"2016/06/19 17:40:00",MBAHNTH,59.493752,"2016/06/19 17:35:04"
D,METER_DATA,GEN_DUID,1,"2016/06/19 17:40:00",MEADOWB2,0,"2016/06/19 17:35:04"
D,METER_DATA,GEN_DUID,1,"2016/06/19 17:40:00",MLWF1,2.9850,"2016/06/19 17:35:04"
D,METER_DATA,GEN_DUID,1,"2016/06/19 17:40:00",MTMILLAR,0.788779,"2016/06/19 17:35:04"
D,METER_DATA,GEN_DUID,1,"2016/06/19 17:40:00",PALOONA,23.519999,"2016/06/19 17:35:04"
D,METER_DATA,GEN_DUID,1,"2016/06/19 17:40:00",PORTLAT1,0,"2016/06/19 17:35:04"
D,METER_DATA,GEN_DUID,1,"2016/06/19 17:40:00",PORTWF,25.299999,"2016/06/19 17:35:04"
D,METER_DATA,GEN_DUID,1,"2016/06/19 17:40:00",QUERIVE1,-0.12,"2016/06/19 17:35:04"
D,METER_DATA,GEN_DUID,1,"2016/06/19 17:40:00",REPULSE,27.343924,"2016/06/19 17:35:04"
D,METER_DATA,GEN_DUID,1,"2016/06/19 17:40:00",ROWALLAN,10.0252,"2016/06/19 17:35:04"
D,METER_DATA,GEN_DUID,1,"2016/06/19 17:40:00",ROYALLA1,0,"2016/06/19 17:35:04"
D,METER_DATA,GEN_DUID,1,"2016/06/19 17:40:00",RPCG,-0.20,"2016/06/19 17:35:04"
D,METER_DATA,GEN_DUID,1,"2016/06/19 17:40:00",RUBICON,0,"2016/06/19 17:35:04"
D,METER_DATA,GEN_DUID,1,"2016/06/19 17:40:00",STARHLWF,0.599825,"2016/06/19 17:35:04"
D,METER_DATA,GEN_DUID,1,"2016/06/19 17:40:00",WAUBRAWF,65.7360,"2016/06/19 17:35:04"
D,METER_DATA,GEN_DUID,1,"2016/06/19 17:40:00",WOOLNTH1,32.810013,"2016/06/19 17:35:04"
D,METER_DATA,GEN_DUID,1,"2016/06/19 17:40:00",WPWF,0,"2016/06/19 17:35:04"
D,METER_DATA,GEN_DUID,1,"2016/06/19 17:40:00",YAMBUKWF,4.30,"2016/06/19 17:35:04"
D,METER_DATA,GEN_DUID,1,"2016/06/19 17:45:00",BBDISEL1,0,"2016/06/19 17:40:04"
D,METER_DATA,GEN_DUID,1,"2016/06/19 17:45:00",BUTLERSG,7.799998,"2016/06/19 17:40:04"
D,METER_DATA,GEN_DUID,1,"2016/06/19 17:45:00",CALL_A_4,0,"2016/06/19 17:40:04"
D,METER_DATA,GEN_DUID,1,"2016/06/19 17:45:00",CAPTL_WF,136.712006,"2016/06/19 17:40:04"
D,METER_DATA,GEN_DUID,1,"2016/06/19 17:45:00",CATAGUN1,0,"2016/06/19 17:40:04"
D,METER_DATA,GEN_DUID,1,"2016/06/19 17:45:00",CATHROCK,6.09,"2016/06/19 17:40:04"
D,METER_DATA,GEN_DUID,1,"2016/06/19 17:45:00",CHALLHWF,7.80,"2016/06/19 17:40:04"
D,METER_DATA,GEN_DUID,1,"2016/06/19 17:45:00",CLOVER,25.209999,"2016/06/19 17:40:04"
D,METER_DATA,GEN_DUID,1,"2016/06/19 17:45:00",CLUNY,15.561810,"2016/06/19 17:40:04"
D,METER_DATA,GEN_DUID,1,"2016/06/19 17:45:00",CNUNDAWF,3.604204,"2016/06/19 17:40:04"
D,METER_DATA,GEN_DUID,1,"2016/06/19 17:45:00",CULLRGWF,27.440001,"2016/06/19 17:40:04"
D,METER_DATA,GEN_DUID,1,"2016/06/19 17:45:00",ERGT01,0,"2016/06/19 17:40:04"
D,METER_DATA,GEN_DUID,1,"2016/06/19 17:45:00",GB01,0.139385,"2016/06/19 17:40:04"
D,METER_DATA,GEN_DUID,1,"2016/06/19 17:45:00",GEORGTN1,0,"2016/06/19 17:40:04"
D,METER_DATA,GEN_DUID,1,"2016/06/19 17:45:00",GEORGTN2,0,"2016/06/19 17:40:04"
D,METER_DATA,GEN_DUID,1,"2016/06/19 17:45:00",GERMCRK,39,"2016/06/19 17:40:04"
D,METER_DATA,GEN_DUID,1,"2016/06/19 17:45:00",INVICTA,37.975002,"2016/06/19 17:40:04"
D,METER_DATA,GEN_DUID,1,"2016/06/19 17:45:00",LKBONNY1,3.929612,"2016/06/19 17:40:04"
D,METER_DATA,GEN_DUID,1,"2016/06/19 17:45:00",MBAHNTH,59.493752,"2016/06/19 17:40:04"
D,METER_DATA,GEN_DUID,1,"2016/06/19 17:45:00",MEADOWB2,0,"2016/06/19 17:40:04"
D,METER_DATA,GEN_DUID,1,"2016/06/19 17:45:00",MLWF1,2.25,"2016/06/19 17:40:04"
D,METER_DATA,GEN_DUID,1,"2016/06/19 17:45:00",MTMILLAR,1.131079,"2016/06/19 17:40:04"
D,METER_DATA,GEN_DUID,1,"2016/06/19 17:45:00",PALOONA,23.519999,"2016/06/19 17:40:04"
D,METER_DATA,GEN_DUID,1,"2016/06/19 17:45:00",PORTLAT1,0,"2016/06/19 17:40:04"
D,METER_DATA,GEN_DUID,1,"2016/06/19 17:45:00",PORTWF,20.40,"2016/06/19 17:40:04"
D,METER_DATA,GEN_DUID,1,"2016/06/19 17:45:00",QUERIVE1,-0.13,"2016/06/19 17:40:04"
D,METER_DATA,GEN_DUID,1,"2016/06/19 17:45:00",REPULSE,28.334784,"2016/06/19 17:40:04"
D,METER_DATA,GEN_DUID,1,"2016/06/19 17:45:00",ROWALLAN,10.1246,"2016/06/19 17:40:04"
D,METER_DATA,GEN_DUID,1,"2016/06/19 17:45:00",ROYALLA1,0,"2016/06/19 17:40:04"
D,METER_DATA,GEN_DUID,1,"2016/06/19 17:45:00",RPCG,-0.20,"2016/06/19 17:40:04"
D,METER_DATA,GEN_DUID,1,"2016/06/19 17:45:00",RUBICON,0,"2016/06/19 17:40:04"
D,METER_DATA,GEN_DUID,1,"2016/06/19 17:45:00",STARHLWF,0.599825,"2016/06/19 17:40:04"
D,METER_DATA,GEN_DUID,1,"2016/06/19 17:45:00",WAUBRAWF,65.9160,"2016/06/19 17:40:04"
D,METER_DATA,GEN_DUID,1,"2016/06/19 17:45:00",WOOLNTH1,30.770016,"2016/06/19 17:40:04"
D,METER_DATA,GEN_DUID,1,"2016/06/19 17:45:00",WPWF,0,"2016/06/19 17:40:04"
D,METER_DATA,GEN_DUID,1,"2016/06/19 17:45:00",YAMBUKWF,4.50,"2016/06/19 17:40:04"
D,METER_DATA,GEN_DUID,1,"2016/06/19 17:50:00",BBDISEL1,0,"2016/06/19 17:45:05"
D,METER_DATA,GEN_DUID,1,"2016/06/19 17:50:00",BUTLERSG,7.799998,"2016/06/19 17:45:05"
D,METER_DATA,GEN_DUID,1,"2016/06/19 17:50:00",CALL_A_4,0,"2016/06/19 17:45:05"
D,METER_DATA,GEN_DUID,1,"2016/06/19 17:50:00",CAPTL_WF,136.248001,"2016/06/19 17:45:05"
D,METER_DATA,GEN_DUID,1,"2016/06/19 17:50:00",CATAGUN1,0,"2016/06/19 17:45:05"
D,METER_DATA,GEN_DUID,1,"2016/06/19 17:50:00",CATHROCK,8.009999,"2016/06/19 17:45:05"
D,METER_DATA,GEN_DUID,1,"2016/06/19 17:50:00",CHALLHWF,7.40,"2016/06/19 17:45:05"
D,METER_DATA,GEN_DUID,1,"2016/06/19 17:50:00",CLOVER,25.299999,"2016/06/19 17:45:05"
D,METER_DATA,GEN_DUID,1,"2016/06/19 17:50:00",CLUNY,14.804440,"2016/06/19 17:45:05"
D,METER_DATA,GEN_DUID,1,"2016/06/19 17:50:00",CNUNDAWF,4.405139,"2016/06/19 17:45:05"
D,METER_DATA,GEN_DUID,1,"2016/06/19 17:50:00",CULLRGWF,27.469999,"2016/06/19 17:45:05"
D,METER_DATA,GEN_DUID,1,"2016/06/19 17:50:00",ERGT01,0,"2016/06/19 17:45:05"
D,METER_DATA,GEN_DUID,1,"2016/06/19 17:50:00",GB01,0.139385,"2016/06/19 17:45:05"
D,METER_DATA,GEN_DUID,1,"2016/06/19 17:50:00",GEORGTN1,0,"2016/06/19 17:45:05"
D,METER_DATA,GEN_DUID,1,"2016/06/19 17:50:00",GEORGTN2,0,"2016/06/19 17:45:05"
D,METER_DATA,GEN_DUID,1,"2016/06/19 17:50:00",GERMCRK,39.200001,"2016/06/19 17:45:05"
D,METER_DATA,GEN_DUID,1,"2016/06/19 17:50:00",INVICTA,37.975002,"2016/06/19 17:45:05"
D,METER_DATA,GEN_DUID,1,"2016/06/19 17:50:00",LKBONNY1,3.661684,"2016/06/19 17:45:05"
D,METER_DATA,GEN_DUID,1,"2016/06/19 17:50:00",MBAHNTH,59.493752,"2016/06/19 17:45:05"
D,METER_DATA,GEN_DUID,1,"2016/06/19 17:50:00",MEADOWB2,0,"2016/06/19 17:45:05"
D,METER_DATA,GEN_DUID,1,"2016/06/19 17:50:00",MLWF1,1.8450,"2016/06/19 17:45:05"
D,METER_DATA,GEN_DUID,1,"2016/06/19 17:50:00",MTMILLAR,1.369201,"2016/06/19 17:45:05"
D,METER_DATA,GEN_DUID,1,"2016/06/19 17:50:00",PALOONA,23.519999,"2016/06/19 17:45:05"
D,METER_DATA,GEN_DUID,1,"2016/06/19 17:50:00",PORTLAT1,0,"2016/06/19 17:45:05"
D,METER_DATA,GEN_DUID,1,"2016/06/19 17:50:00",PORTWF,22.299999,"2016/06/19 17:45:05"
D,METER_DATA,GEN_DUID,1,"2016/06/19 17:50:00",QUERIVE1,-0.12,"2016/06/19 17:45:05"
D,METER_DATA,GEN_DUID,1,"2016/06/19 17:50:00",REPULSE,27.591639,"2016/06/19 17:45:05"
D,METER_DATA,GEN_DUID,1,"2016/06/19 17:50:00",ROWALLAN,10.0749,"2016/06/19 17:45:05"
D,METER_DATA,GEN_DUID,1,"2016/06/19 17:50:00",ROYALLA1,0,"2016/06/19 17:45:05"
D,METER_DATA,GEN_DUID,1,"2016/06/19 17:50:00",RPCG,-0.20,"2016/06/19 17:45:05"
D,METER_DATA,GEN_DUID,1,"2016/06/19 17:50:00",RUBICON,0,"2016/06/19 17:45:05"
D,METER_DATA,GEN_DUID,1,"2016/06/19 17:50:00",STARHLWF,0.599825,"2016/06/19 17:45:05"
D,METER_DATA,GEN_DUID,1,"2016/06/19 17:50:00",WAUBRAWF,69.4590,"2016/06/19 17:45:05"
D,METER_DATA,GEN_DUID,1,"2016/06/19 17:50:00",WOOLNTH1,27.570015,"2016/06/19 17:45:05"
D,METER_DATA,GEN_DUID,1,"2016/06/19 17:50:00",WPWF,0,"2016/06/19 17:45:05"
D,METER_DATA,GEN_DUID,1,"2016/06/19 17:50:00",YAMBUKWF,3.70,"2016/06/19 17:45:05"
D,METER_DATA,GEN_DUID,1,"2016/06/19 17:55:00",BBDISEL1,0,"2016/06/19 17:50:05"
D,METER_DATA,GEN_DUID,1,"2016/06/19 17:55:00",BUTLERSG,7.799998,"2016/06/19 17:50:05"
D,METER_DATA,GEN_DUID,1,"2016/06/19 17:55:00",CALL_A_4,0,"2016/06/19 17:50:05"
D,METER_DATA,GEN_DUID,1,"2016/06/19 17:55:00",CAPTL_WF,136.440002,"2016/06/19 17:50:05"
D,METER_DATA,GEN_DUID,1,"2016/06/19 17:55:00",CATAGUN1,0,"2016/06/19 17:50:05"
D,METER_DATA,GEN_DUID,1,"2016/06/19 17:55:00",CATHROCK,7.51,"2016/06/19 17:50:05"
D,METER_DATA,GEN_DUID,1,"2016/06/19 17:55:00",CHALLHWF,7.50,"2016/06/19 17:50:05"
D,METER_DATA,GEN_DUID,1,"2016/06/19 17:55:00",CLOVER,25.34,"2016/06/19 17:50:05"
D,METER_DATA,GEN_DUID,1,"2016/06/19 17:55:00",CLUNY,15.1474,"2016/06/19 17:50:05"
D,METER_DATA,GEN_DUID,1,"2016/06/19 17:55:00",CNUNDAWF,4.405139,"2016/06/19 17:50:05"
D,METER_DATA,GEN_DUID,1,"2016/06/19 17:55:00",CULLRGWF,27.379999,"2016/06/19 17:50:05"
D,METER_DATA,GEN_DUID,1,"2016/06/19 17:55:00",ERGT01,0,"2016/06/19 17:50:05"
D,METER_DATA,GEN_DUID,1,"2016/06/19 17:55:00",GB01,0.139385,"2016/06/19 17:50:05"
D,METER_DATA,GEN_DUID,1,"2016/06/19 17:55:00",GEORGTN1,0,"2016/06/19 17:50:05"
D,METER_DATA,GEN_DUID,1,"2016/06/19 17:55:00",GEORGTN2,0,"2016/06/19 17:50:05"
D,METER_DATA,GEN_DUID,1,"2016/06/19 17:55:00",GERMCRK,38.900002,"2016/06/19 17:50:05"
D,METER_DATA,GEN_DUID,1,"2016/06/19 17:55:00",INVICTA,37.975002,"2016/06/19 17:50:05"
D,METER_DATA,GEN_DUID,1,"2016/06/19 17:55:00",LKBONNY1,4.018921,"2016/06/19 17:50:05"
D,METER_DATA,GEN_DUID,1,"2016/06/19 17:55:00",MBAHNTH,58.237503,"2016/06/19 17:50:05"
D,METER_DATA,GEN_DUID,1,"2016/06/19 17:55:00",MEADOWB2,0,"2016/06/19 17:50:05"
D,METER_DATA,GEN_DUID,1,"2016/06/19 17:55:00",MLWF1,1.5450,"2016/06/19 17:50:05"
D,METER_DATA,GEN_DUID,1,"2016/06/19 17:55:00",MTMILLAR,1.570117,"2016/06/19 17:50:05"
D,METER_DATA,GEN_DUID,1,"2016/06/19 17:55:00",PALOONA,23.519999,"2016/06/19 17:50:05"
D,METER_DATA,GEN_DUID,1,"2016/06/19 17:55:00",PORTLAT1,0,"2016/06/19 17:50:05"
D,METER_DATA,GEN_DUID,1,"2016/06/19 17:55:00",PORTWF,21.90,"2016/06/19 17:50:05"
D,METER_DATA,GEN_DUID,1,"2016/06/19 17:55:00",QUERIVE1,-0.13,"2016/06/19 17:50:05"
D,METER_DATA,GEN_DUID,1,"2016/06/19 17:55:00",REPULSE,27.934629,"2016/06/19 17:50:05"
D,METER_DATA,GEN_DUID,1,"2016/06/19 17:55:00",ROWALLAN,10.1814,"2016/06/19 17:50:05"
D,METER_DATA,GEN_DUID,1,"2016/06/19 17:55:00",ROYALLA1,0,"2016/06/19 17:50:05"
D,METER_DATA,GEN_DUID,1,"2016/06/19 17:55:00",RPCG,-0.20,"2016/06/19 17:50:05"
D,METER_DATA,GEN_DUID,1,"2016/06/19 17:55:00",RUBICON,0,"2016/06/19 17:50:05"
D,METER_DATA,GEN_DUID,1,"2016/06/19 17:55:00",STARHLWF,0.099971,"2016/06/19 17:50:05"
D,METER_DATA,GEN_DUID,1,"2016/06/19 17:55:00",WAUBRAWF,70.956001,"2016/06/19 17:50:05"
D,METER_DATA,GEN_DUID,1,"2016/06/19 17:55:00",WOOLNTH1,28.040016,"2016/06/19 17:50:05"
D,METER_DATA,GEN_DUID,1,"2016/06/19 17:55:00",WPWF,0,"2016/06/19 17:50:05"
D,METER_DATA,GEN_DUID,1,"2016/06/19 17:55:00",YAMBUKWF,3.20,"2016/06/19 17:50:05"
D,METER_DATA,GEN_DUID,1,"2016/06/19 18:00:00",BBDISEL1,0,"2016/06/19 17:55:04"
D,METER_DATA,GEN_DUID,1,"2016/06/19 18:00:00",BUTLERSG,7.799998,"2016/06/19 17:55:04"
D,METER_DATA,GEN_DUID,1,"2016/06/19 18:00:00",CALL_A_4,0,"2016/06/19 17:55:04"
D,METER_DATA,GEN_DUID,1,"2016/06/19 18:00:00",CAPTL_WF,136.248001,"2016/06/19 17:55:04"
D,METER_DATA,GEN_DUID,1,"2016/06/19 18:00:00",CATAGUN1,0,"2016/06/19 17:55:04"
D,METER_DATA,GEN_DUID,1,"2016/06/19 18:00:00",CATHROCK,7.73,"2016/06/19 17:55:04"
D,METER_DATA,GEN_DUID,1,"2016/06/19 18:00:00",CHALLHWF,8.700001,"2016/06/19 17:55:04"
D,METER_DATA,GEN_DUID,1,"2016/06/19 18:00:00",CLOVER,25.33,"2016/06/19 17:55:04"
D,METER_DATA,GEN_DUID,1,"2016/06/19 18:00:00",CLUNY,15.261721,"2016/06/19 17:55:04"
D,METER_DATA,GEN_DUID,1,"2016/06/19 18:00:00",CNUNDAWF,4.705489,"2016/06/19 17:55:04"
D,METER_DATA,GEN_DUID,1,"2016/06/19 18:00:00",CULLRGWF,27.32,"2016/06/19 17:55:04"
D,METER_DATA,GEN_DUID,1,"2016/06/19 18:00:00",ERGT01,0,"2016/06/19 17:55:04"
D,METER_DATA,GEN_DUID,1,"2016/06/19 18:00:00",GB01,0.139385,"2016/06/19 17:55:04"
D,METER_DATA,GEN_DUID,1,"2016/06/19 18:00:00",GEORGTN1,0,"2016/06/19 17:55:04"
D,METER_DATA,GEN_DUID,1,"2016/06/19 18:00:00",GEORGTN2,0,"2016/06/19 17:55:04"
D,METER_DATA,GEN_DUID,1,"2016/06/19 18:00:00",GERMCRK,39.599998,"2016/06/19 17:55:04"
D,METER_DATA,GEN_DUID,1,"2016/06/19 18:00:00",INVICTA,37.975002,"2016/06/19 17:55:04"
D,METER_DATA,GEN_DUID,1,"2016/06/19 18:00:00",LKBONNY1,4.286849,"2016/06/19 17:55:04"
D,METER_DATA,GEN_DUID,1,"2016/06/19 18:00:00",MBAHNTH,58.237503,"2016/06/19 17:55:04"
D,METER_DATA,GEN_DUID,1,"2016/06/19 18:00:00",MEADOWB2,0,"2016/06/19 17:55:04"
D,METER_DATA,GEN_DUID,1,"2016/06/19 18:00:00",MLWF1,1.44,"2016/06/19 17:55:04"
D,METER_DATA,GEN_DUID,1,"2016/06/19 18:00:00",MTMILLAR,1.875211,"2016/06/19 17:55:04"
D,METER_DATA,GEN_DUID,1,"2016/06/19 18:00:00",PALOONA,23.519999,"2016/06/19 17:55:04"
D,METER_DATA,GEN_DUID,1,"2016/06/19 18:00:00",PORTLAT1,0,"2016/06/19 17:55:04"
D,METER_DATA,GEN_DUID,1,"2016/06/19 18:00:00",PORTWF,19,"2016/06/19 17:55:04"
D,METER_DATA,GEN_DUID,1,"2016/06/19 18:00:00",QUERIVE1,-0.12,"2016/06/19 17:55:04"
D,METER_DATA,GEN_DUID,1,"2016/06/19 18:00:00",REPULSE,29.554304,"2016/06/19 17:55:04"
D,METER_DATA,GEN_DUID,1,"2016/06/19 18:00:00",ROWALLAN,10.2027,"2016/06/19 17:55:04"
D,METER_DATA,GEN_DUID,1,"2016/06/19 18:00:00",ROYALLA1,0,"2016/06/19 17:55:04"
D,METER_DATA,GEN_DUID,1,"2016/06/19 18:00:00",RPCG,-0.20,"2016/06/19 17:55:04"
D,METER_DATA,GEN_DUID,1,"2016/06/19 18:00:00",RUBICON,0,"2016/06/19 17:55:04"
D,METER_DATA,GEN_DUID,1,"2016/06/19 18:00:00",STARHLWF,0.199942,"2016/06/19 17:55:04"
D,METER_DATA,GEN_DUID,1,"2016/06/19 18:00:00",WAUBRAWF,71.745003,"2016/06/19 17:55:04"
D,METER_DATA,GEN_DUID,1,"2016/06/19 18:00:00",WOOLNTH1,27.890015,"2016/06/19 17:55:04"
D,METER_DATA,GEN_DUID,1,"2016/06/19 18:00:00",WPWF,0,"2016/06/19 17:55:04"
D,METER_DATA,GEN_DUID,1,"2016/06/19 18:00:00",YAMBUKWF,3.10,"2016/06/19 17:55:04"
D,METER_DATA,GEN_DUID,1,"2016/06/19 18:05:00",BBDISEL1,0,"2016/06/19 18:00:05"
D,METER_DATA,GEN_DUID,1,"2016/06/19 18:05:00",BUTLERSG,7.799998,"2016/06/19 18:00:05"
D,METER_DATA,GEN_DUID,1,"2016/06/19 18:05:00",CALL_A_4,0,"2016/06/19 18:00:05"
D,METER_DATA,GEN_DUID,1,"2016/06/19 18:05:00",CAPTL_WF,136.048004,"2016/06/19 18:00:05"
D,METER_DATA,GEN_DUID,1,"2016/06/19 18:05:00",CATAGUN1,0,"2016/06/19 18:00:05"
D,METER_DATA,GEN_DUID,1,"2016/06/19 18:05:00",CATHROCK,7.15,"2016/06/19 18:00:05"
D,METER_DATA,GEN_DUID,1,"2016/06/19 18:05:00",CHALLHWF,9.299999,"2016/06/19 18:00:05"
D,METER_DATA,GEN_DUID,1,"2016/06/19 18:05:00",CLOVER,25.369999,"2016/06/19 18:00:05"
D,METER_DATA,GEN_DUID,1,"2016/06/19 18:05:00",CLUNY,15.133110,"2016/06/19 18:00:05"
D,METER_DATA,GEN_DUID,1,"2016/06/19 18:05:00",CNUNDAWF,5.206073,"2016/06/19 18:00:05"
D,METER_DATA,GEN_DUID,1,"2016/06/19 18:05:00",CULLRGWF,27.32,"2016/06/19 18:00:05"
D,METER_DATA,GEN_DUID,1,"2016/06/19 18:05:00",ERGT01,0,"2016/06/19 18:00:05"
D,METER_DATA,GEN_DUID,1,"2016/06/19 18:05:00",GB01,0.139385,"2016/06/19 18:00:05"
D,METER_DATA,GEN_DUID,1,"2016/06/19 18:05:00",GEORGTN1,0,"2016/06/19 18:00:05"
D,METER_DATA,GEN_DUID,1,"2016/06/19 18:05:00",GEORGTN2,0,"2016/06/19 18:00:05"
D,METER_DATA,GEN_DUID,1,"2016/06/19 18:05:00",GERMCRK,39,"2016/06/19 18:00:05"
D,METER_DATA,GEN_DUID,1,"2016/06/19 18:05:00",INVICTA,37.975002,"2016/06/19 18:00:05"
D,METER_DATA,GEN_DUID,1,"2016/06/19 18:05:00",LKBONNY1,4.197540,"2016/06/19 18:00:05"
D,METER_DATA,GEN_DUID,1,"2016/06/19 18:05:00",MBAHNTH,58.237503,"2016/06/19 18:00:05"
D,METER_DATA,GEN_DUID,1,"2016/06/19 18:05:00",MEADOWB2,0,"2016/06/19 18:00:05"
D,METER_DATA,GEN_DUID,1,"2016/06/19 18:05:00",MLWF1,1.44,"2016/06/19 18:00:05"
D,METER_DATA,GEN_DUID,1,"2016/06/19 18:05:00",MTMILLAR,2.358896,"2016/06/19 18:00:05"
D,METER_DATA,GEN_DUID,1,"2016/06/19 18:05:00",PALOONA,23.519999,"2016/06/19 18:00:05"
D,METER_DATA,GEN_DUID,1,"2016/06/19 18:05:00",PORTLAT1,0,"2016/06/19 18:00:05"
D,METER_DATA,GEN_DUID,1,"2016/06/19 18:05:00",PORTWF,14.80,"2016/06/19 18:00:05"
D,METER_DATA,GEN_DUID,1,"2016/06/19 18:05:00",QUERIVE1,-0.13,"2016/06/19 18:00:05"
D,METER_DATA,GEN_DUID,1,"2016/06/19 18:05:00",REPULSE,27.477310,"2016/06/19 18:00:05"
D,METER_DATA,GEN_DUID,1,"2016/06/19 18:05:00",ROWALLAN,10.131701,"2016/06/19 18:00:05"
D,METER_DATA,GEN_DUID,1,"2016/06/19 18:05:00",ROYALLA1,0,"2016/06/19 18:00:05"
D,METER_DATA,GEN_DUID,1,"2016/06/19 18:05:00",RPCG,-0.20,"2016/06/19 18:00:05"
D,METER_DATA,GEN_DUID,1,"2016/06/19 18:05:00",RUBICON,0,"2016/06/19 18:00:05"
D,METER_DATA,GEN_DUID,1,"2016/06/19 18:05:00",STARHLWF,0.199942,"2016/06/19 18:00:05"
D,METER_DATA,GEN_DUID,1,"2016/06/19 18:05:00",WAUBRAWF,79.080002,"2016/06/19 18:00:05"
D,METER_DATA,GEN_DUID,1,"2016/06/19 18:05:00",WOOLNTH1,27.560017,"2016/06/19 18:00:05"
D,METER_DATA,GEN_DUID,1,"2016/06/19 18:05:00",WPWF,0,"2016/06/19 18:00:05"
D,METER_DATA,GEN_DUID,1,"2016/06/19 18:05:00",YAMBUKWF,2.90,"2016/06/19 18:00:05"
D,METER_DATA,GEN_DUID,1,"2016/06/19 18:10:00",BBDISEL1,0,"2016/06/19 18:05:05"
D,METER_DATA,GEN_DUID,1,"2016/06/19 18:10:00",BUTLERSG,7.799998,"2016/06/19 18:05:05"
D,METER_DATA,GEN_DUID,1,"2016/06/19 18:10:00",CALL_A_4,0,"2016/06/19 18:05:05"
D,METER_DATA,GEN_DUID,1,"2016/06/19 18:10:00",CAPTL_WF,134.872009,"2016/06/19 18:05:05"
D,METER_DATA,GEN_DUID,1,"2016/06/19 18:10:00",CATAGUN1,0,"2016/06/19 18:05:05"
D,METER_DATA,GEN_DUID,1,"2016/06/19 18:10:00",CATHROCK,5.84,"2016/06/19 18:05:05"
D,METER_DATA,GEN_DUID,1,"2016/06/19 18:10:00",CHALLHWF,7.70,"2016/06/19 18:05:05"
D,METER_DATA,GEN_DUID,1,"2016/06/19 18:10:00",CLOVER,25.450001,"2016/06/19 18:05:05"
D,METER_DATA,GEN_DUID,1,"2016/06/19 18:10:00",CLUNY,14.547220,"2016/06/19 18:05:05"
D,METER_DATA,GEN_DUID,1,"2016/06/19 18:10:00",CNUNDAWF,5.506423,"2016/06/19 18:05:05"
D,METER_DATA,GEN_DUID,1,"2016/06/19 18:10:00",CULLRGWF,27.24,"2016/06/19 18:05:05"
D,METER_DATA,GEN_DUID,1,"2016/06/19 18:10:00",ERGT01,0,"2016/06/19 18:05:05"
D,METER_DATA,GEN_DUID,1,"2016/06/19 18:10:00",GB01,0.138969,"2016/06/19 18:05:05"
D,METER_DATA,GEN_DUID,1,"2016/06/19 18:10:00",GEORGTN1,0,"2016/06/19 18:05:05"
D,METER_DATA,GEN_DUID,1,"2016/06/19 18:10:00",GEORGTN2,0,"2016/06/19 18:05:05"
D,METER_DATA,GEN_DUID,1,"2016/06/19 18:10:00",GERMCRK,39.200001,"2016/06/19 18:05:05"
D,METER_DATA,GEN_DUID,1,"2016/06/19 18:10:00",INVICTA,37.975002,"2016/06/19 18:05:05"
D,METER_DATA,GEN_DUID,1,"2016/06/19 18:10:00",LKBONNY1,3.572375,"2016/06/19 18:05:05"
D,METER_DATA,GEN_DUID,1,"2016/06/19 18:10:00",MBAHNTH,58.237503,"2016/06/19 18:05:05"
D,METER_DATA,GEN_DUID,1,"2016/06/19 18:10:00",MEADOWB2,0,"2016/06/19 18:05:05"
D,METER_DATA,GEN_DUID,1,"2016/06/19 18:10:00",MLWF1,1.5450,"2016/06/19 18:05:05"
D,METER_DATA,GEN_DUID,1,"2016/06/19 18:10:00",MTMILLAR,2.433309,"2016/06/19 18:05:05"
D,METER_DATA,GEN_DUID,1,"2016/06/19 18:10:00",PALOONA,23.519999,"2016/06/19 18:05:05"
D,METER_DATA,GEN_DUID,1,"2016/06/19 18:10:00",PORTLAT1,0,"2016/06/19 18:05:05"
D,METER_DATA,GEN_DUID,1,"2016/06/19 18:10:00",PORTWF,11.20,"2016/06/19 18:05:05"
D,METER_DATA,GEN_DUID,1,"2016/06/19 18:10:00",QUERIVE1,-0.13,"2016/06/19 18:05:05"
D,METER_DATA,GEN_DUID,1,"2016/06/19 18:10:00",REPULSE,27.801245,"2016/06/19 18:05:05"
D,METER_DATA,GEN_DUID,1,"2016/06/19 18:10:00",ROWALLAN,10.1388,"2016/06/19 18:05:05"
D,METER_DATA,GEN_DUID,1,"2016/06/19 18:10:00",ROYALLA1,0,"2016/06/19 18:05:05"
D,METER_DATA,GEN_DUID,1,"2016/06/19 18:10:00",RPCG,-0.20,"2016/06/19 18:05:05"
D,METER_DATA,GEN_DUID,1,"2016/06/19 18:10:00",RUBICON,0,"2016/06/19 18:05:05"
D,METER_DATA,GEN_DUID,1,"2016/06/19 18:10:00",STARHLWF,0.599825,"2016/06/19 18:05:05"
D,METER_DATA,GEN_DUID,1,"2016/06/19 18:10:00",WAUBRAWF,83.796997,"2016/06/19 18:05:05"
D,METER_DATA,GEN_DUID,1,"2016/06/19 18:10:00",WOOLNTH1,28.050014,"2016/06/19 18:05:05"
D,METER_DATA,GEN_DUID,1,"2016/06/19 18:10:00",WPWF,0,"2016/06/19 18:05:05"
D,METER_DATA,GEN_DUID,1,"2016/06/19 18:10:00",YAMBUKWF,4.30,"2016/06/19 18:05:05"
D,METER_DATA,GEN_DUID,1,"2016/06/19 18:15:00",BBDISEL1,0,"2016/06/19 18:10:05"
D,METER_DATA,GEN_DUID,1,"2016/06/19 18:15:00",BUTLERSG,7.799998,"2016/06/19 18:10:05"
D,METER_DATA,GEN_DUID,1,"2016/06/19 18:15:00",CALL_A_4,0,"2016/06/19 18:10:05"
D,METER_DATA,GEN_DUID,1,"2016/06/19 18:15:00",CAPTL_WF,135.787994,"2016/06/19 18:10:05"
D,METER_DATA,GEN_DUID,1,"2016/06/19 18:15:00",CATAGUN1,0,"2016/06/19 18:10:05"
D,METER_DATA,GEN_DUID,1,"2016/06/19 18:15:00",CATHROCK,6.17,"2016/06/19 18:10:05"
D,METER_DATA,GEN_DUID,1,"2016/06/19 18:15:00",CHALLHWF,7.20,"2016/06/19 18:10:05"
D,METER_DATA,GEN_DUID,1,"2016/06/19 18:15:00",CLOVER,25.369999,"2016/06/19 18:10:05"
D,METER_DATA,GEN_DUID,1,"2016/06/19 18:15:00",CLUNY,14.647250,"2016/06/19 18:10:05"
D,METER_DATA,GEN_DUID,1,"2016/06/19 18:15:00",CNUNDAWF,5.406306,"2016/06/19 18:10:05"
D,METER_DATA,GEN_DUID,1,"2016/06/19 18:15:00",CULLRGWF,27.290001,"2016/06/19 18:10:05"
D,METER_DATA,GEN_DUID,1,"2016/06/19 18:15:00",ERGT01,0,"2016/06/19 18:10:05"
D,METER_DATA,GEN_DUID,1,"2016/06/19 18:15:00",GB01,0.138969,"2016/06/19 18:10:05"
D,METER_DATA,GEN_DUID,1,"2016/06/19 18:15:00",GEORGTN1,0,"2016/06/19 18:10:05"
D,METER_DATA,GEN_DUID,1,"2016/06/19 18:15:00",GEORGTN2,0,"2016/06/19 18:10:05"
D,METER_DATA,GEN_DUID,1,"2016/06/19 18:15:00",GERMCRK,38.599998,"2016/06/19 18:10:05"
D,METER_DATA,GEN_DUID,1,"2016/06/19 18:15:00",INVICTA,36.975002,"2016/06/19 18:10:05"
D,METER_DATA,GEN_DUID,1,"2016/06/19 18:15:00",LKBONNY1,3.572375,"2016/06/19 18:10:05"
D,METER_DATA,GEN_DUID,1,"2016/06/19 18:15:00",MBAHNTH,58.237503,"2016/06/19 18:10:05"
D,METER_DATA,GEN_DUID,1,"2016/06/19 18:15:00",MEADOWB2,0,"2016/06/19 18:10:05"
D,METER_DATA,GEN_DUID,1,"2016/06/19 18:15:00",MLWF1,1.6650,"2016/06/19 18:10:05"
D,METER_DATA,GEN_DUID,1,"2016/06/19 18:15:00",MTMILLAR,2.396102,"2016/06/19 18:10:05"
D,METER_DATA,GEN_DUID,1,"2016/06/19 18:15:00",PALOONA,23.519999,"2016/06/19 18:10:05"
D,METER_DATA,GEN_DUID,1,"2016/06/19 18:15:00",PORTLAT1,0,"2016/06/19 18:10:05"
D,METER_DATA,GEN_DUID,1,"2016/06/19 18:15:00",PORTWF,11.50,"2016/06/19 18:10:05"
D,METER_DATA,GEN_DUID,1,"2016/06/19 18:15:00",QUERIVE1,-0.13,"2016/06/19 18:10:05"
D,METER_DATA,GEN_DUID,1,"2016/06/19 18:15:00",REPULSE,28.010849,"2016/06/19 18:10:05"
D,METER_DATA,GEN_DUID,1,"2016/06/19 18:15:00",ROWALLAN,10.1175,"2016/06/19 18:10:05"
D,METER_DATA,GEN_DUID,1,"2016/06/19 18:15:00",ROYALLA1,0,"2016/06/19 18:10:05"
D,METER_DATA,GEN_DUID,1,"2016/06/19 18:15:00",RPCG,-0.20,"2016/06/19 18:10:05"
D,METER_DATA,GEN_DUID,1,"2016/06/19 18:15:00",RUBICON,0,"2016/06/19 18:10:05"
D,METER_DATA,GEN_DUID,1,"2016/06/19 18:15:00",STARHLWF,0.999708,"2016/06/19 18:10:05"
D,METER_DATA,GEN_DUID,1,"2016/06/19 18:15:00",WAUBRAWF,84.047997,"2016/06/19 18:10:05"
D,METER_DATA,GEN_DUID,1,"2016/06/19 18:15:00",WOOLNTH1,28.040016,"2016/06/19 18:10:05"
D,METER_DATA,GEN_DUID,1,"2016/06/19 18:15:00",WPWF,0,"2016/06/19 18:10:05"
D,METER_DATA,GEN_DUID,1,"2016/06/19 18:15:00",YAMBUKWF,4.70,"2016/06/19 18:10:05"
D,METER_DATA,GEN_DUID,1,"2016/06/19 18:20:00",BBDISEL1,0,"2016/06/19 18:15:05"
D,METER_DATA,GEN_DUID,1,"2016/06/19 18:20:00",BUTLERSG,7.799998,"2016/06/19 18:15:05"
D,METER_DATA,GEN_DUID,1,"2016/06/19 18:20:00",CALL_A_4,0,"2016/06/19 18:15:05"
D,METER_DATA,GEN_DUID,1,"2016/06/19 18:20:00",CAPTL_WF,135.332001,"2016/06/19 18:15:05"
D,METER_DATA,GEN_DUID,1,"2016/06/19 18:20:00",CATAGUN1,0,"2016/06/19 18:15:05"
D,METER_DATA,GEN_DUID,1,"2016/06/19 18:20:00",CATHROCK,4.95,"2016/06/19 18:15:05"
D,METER_DATA,GEN_DUID,1,"2016/06/19 18:20:00",CHALLHWF,6.70,"2016/06/19 18:15:05"
D,METER_DATA,GEN_DUID,1,"2016/06/19 18:20:00",CLOVER,25.380001,"2016/06/19 18:15:05"
D,METER_DATA,GEN_DUID,1,"2016/06/19 18:20:00",CLUNY,15.333170,"2016/06/19 18:15:05"
D,METER_DATA,GEN_DUID,1,"2016/06/19 18:20:00",CNUNDAWF,5.406306,"2016/06/19 18:15:05"
D,METER_DATA,GEN_DUID,1,"2016/06/19 18:20:00",CULLRGWF,27.469999,"2016/06/19 18:15:05"
D,METER_DATA,GEN_DUID,1,"2016/06/19 18:20:00",ERGT01,0,"2016/06/19 18:15:05"
D,METER_DATA,GEN_DUID,1,"2016/06/19 18:20:00",GB01,0.138969,"2016/06/19 18:15:05"
D,METER_DATA,GEN_DUID,1,"2016/06/19 18:20:00",GEORGTN1,0,"2016/06/19 18:15:05"
D,METER_DATA,GEN_DUID,1,"2016/06/19 18:20:00",GEORGTN2,0,"2016/06/19 18:15:05"
D,METER_DATA,GEN_DUID,1,"2016/06/19 18:20:00",GERMCRK,39.099998,"2016/06/19 18:15:05"
D,METER_DATA,GEN_DUID,1,"2016/06/19 18:20:00",INVICTA,36.975002,"2016/06/19 18:15:05"
D,METER_DATA,GEN_DUID,1,"2016/06/19 18:20:00",LKBONNY1,3.483065,"2016/06/19 18:15:05"
D,METER_DATA,GEN_DUID,1,"2016/06/19 18:20:00",MBAHNTH,59.718754,"2016/06/19 18:15:05"
D,METER_DATA,GEN_DUID,1,"2016/06/19 18:20:00",MEADOWB2,0,"2016/06/19 18:15:05"
D,METER_DATA,GEN_DUID,1,"2016/06/19 18:20:00",MLWF1,2.07,"2016/06/19 18:15:05"
D,METER_DATA,GEN_DUID,1,"2016/06/19 18:20:00",MTMILLAR,2.656548,"2016/06/19 18:15:05"
D,METER_DATA,GEN_DUID,1,"2016/06/19 18:20:00",PALOONA,23.76,"2016/06/19 18:15:05"
D,METER_DATA,GEN_DUID,1,"2016/06/19 18:20:00",PORTLAT1,0,"2016/06/19 18:15:05"
D,METER_DATA,GEN_DUID,1,"2016/06/19 18:20:00",PORTWF,26.799999,"2016/06/19 18:15:05"
D,METER_DATA,GEN_DUID,1,"2016/06/19 18:20:00",QUERIVE1,-0.12,"2016/06/19 18:15:05"
D,METER_DATA,GEN_DUID,1,"2016/06/19 18:20:00",REPULSE,28.734940,"2016/06/19 18:15:05"
D,METER_DATA,GEN_DUID,1,"2016/06/19 18:20:00",ROWALLAN,9.9826,"2016/06/19 18:15:05"
D,METER_DATA,GEN_DUID,1,"2016/06/19 18:20:00",ROYALLA1,0,"2016/06/19 18:15:05"
D,METER_DATA,GEN_DUID,1,"2016/06/19 18:20:00",RPCG,-0.20,"2016/06/19 18:15:05"
D,METER_DATA,GEN_DUID,1,"2016/06/19 18:20:00",RUBICON,0,"2016/06/19 18:15:05"
D,METER_DATA,GEN_DUID,1,"2016/06/19 18:20:00",STARHLWF,1.699504,"2016/06/19 18:15:05"
D,METER_DATA,GEN_DUID,1,"2016/06/19 18:20:00",WAUBRAWF,83.580002,"2016/06/19 18:15:05"
D,METER_DATA,GEN_DUID,1,"2016/06/19 18:20:00",WOOLNTH1,29.220016,"2016/06/19 18:15:05"
D,METER_DATA,GEN_DUID,1,"2016/06/19 18:20:00",WPWF,0,"2016/06/19 18:15:05"
D,METER_DATA,GEN_DUID,1,"2016/06/19 18:20:00",YAMBUKWF,3.90,"2016/06/19 18:15:05"
D,METER_DATA,GEN_DUID,1,"2016/06/19 18:25:00",BBDISEL1,0,"2016/06/19 18:20:04"
D,METER_DATA,GEN_DUID,1,"2016/06/19 18:25:00",BUTLERSG,7.799998,"2016/06/19 18:20:04"
D,METER_DATA,GEN_DUID,1,"2016/06/19 18:25:00",CALL_A_4,0,"2016/06/19 18:20:04"
D,METER_DATA,GEN_DUID,1,"2016/06/19 18:25:00",CAPTL_WF,136.772003,"2016/06/19 18:20:04"
D,METER_DATA,GEN_DUID,1,"2016/06/19 18:25:00",CATAGUN1,0,"2016/06/19 18:20:04"
D,METER_DATA,GEN_DUID,1,"2016/06/19 18:25:00",CATHROCK,5.61,"2016/06/19 18:20:04"
D,METER_DATA,GEN_DUID,1,"2016/06/19 18:25:00",CHALLHWF,7.10,"2016/06/19 18:20:04"
D,METER_DATA,GEN_DUID,1,"2016/06/19 18:25:00",CLOVER,25.369999,"2016/06/19 18:20:04"
D,METER_DATA,GEN_DUID,1,"2016/06/19 18:25:00",CLUNY,15.090240,"2016/06/19 18:20:04"
D,METER_DATA,GEN_DUID,1,"2016/06/19 18:25:00",CNUNDAWF,5.806774,"2016/06/19 18:20:04"
D,METER_DATA,GEN_DUID,1,"2016/06/19 18:25:00",CULLRGWF,27.35,"2016/06/19 18:20:04"
D,METER_DATA,GEN_DUID,1,"2016/06/19 18:25:00",ERGT01,0,"2016/06/19 18:20:04"
D,METER_DATA,GEN_DUID,1,"2016/06/19 18:25:00",GB01,0.138969,"2016/06/19 18:20:04"
D,METER_DATA,GEN_DUID,1,"2016/06/19 18:25:00",GEORGTN1,0,"2016/06/19 18:20:04"
D,METER_DATA,GEN_DUID,1,"2016/06/19 18:25:00",GEORGTN2,0,"2016/06/19 18:20:04"
D,METER_DATA,GEN_DUID,1,"2016/06/19 18:25:00",GERMCRK,38.900002,"2016/06/19 18:20:04"
D,METER_DATA,GEN_DUID,1,"2016/06/19 18:25:00",INVICTA,38.225002,"2016/06/19 18:20:04"
D,METER_DATA,GEN_DUID,1,"2016/06/19 18:25:00",LKBONNY1,3.840303,"2016/06/19 18:20:04"
D,METER_DATA,GEN_DUID,1,"2016/06/19 18:25:00",MBAHNTH,59.718754,"2016/06/19 18:20:04"
D,METER_DATA,GEN_DUID,1,"2016/06/19 18:25:00",MEADOWB2,0,"2016/06/19 18:20:04"
D,METER_DATA,GEN_DUID,1,"2016/06/19 18:25:00",MLWF1,2.4750,"2016/06/19 18:20:04"
D,METER_DATA,GEN_DUID,1,"2016/06/19 18:25:00",MTMILLAR,2.678872,"2016/06/19 18:20:04"
D,METER_DATA,GEN_DUID,1,"2016/06/19 18:25:00",PALOONA,23.529999,"2016/06/19 18:20:04"
D,METER_DATA,GEN_DUID,1,"2016/06/19 18:25:00",PORTLAT1,0,"2016/06/19 18:20:04"
D,METER_DATA,GEN_DUID,1,"2016/06/19 18:25:00",PORTWF,34.799999,"2016/06/19 18:20:04"
D,METER_DATA,GEN_DUID,1,"2016/06/19 18:25:00",QUERIVE1,-0.13,"2016/06/19 18:20:04"
D,METER_DATA,GEN_DUID,1,"2016/06/19 18:25:00",REPULSE,28.068014,"2016/06/19 18:20:04"
D,METER_DATA,GEN_DUID,1,"2016/06/19 18:25:00",ROWALLAN,10.0607,"2016/06/19 18:20:04"
D,METER_DATA,GEN_DUID,1,"2016/06/19 18:25:00",ROYALLA1,0,"2016/06/19 18:20:04"
D,METER_DATA,GEN_DUID,1,"2016/06/19 18:25:00",RPCG,-0.20,"2016/06/19 18:20:04"
D,METER_DATA,GEN_DUID,1,"2016/06/19 18:25:00",RUBICON,0,"2016/06/19 18:20:04"
D,METER_DATA,GEN_DUID,1,"2016/06/19 18:25:00",STARHLWF,2.099388,"2016/06/19 18:20:04"
D,METER_DATA,GEN_DUID,1,"2016/06/19 18:25:00",WAUBRAWF,90.235001,"2016/06/19 18:20:04"
D,METER_DATA,GEN_DUID,1,"2016/06/19 18:25:00",WOOLNTH1,26.700016,"2016/06/19 18:20:04"
D,METER_DATA,GEN_DUID,1,"2016/06/19 18:25:00",WPWF,0,"2016/06/19 18:20:04"
D,METER_DATA,GEN_DUID,1,"2016/06/19 18:25:00",YAMBUKWF,3.90,"2016/06/19 18:20:04"
D,METER_DATA,GEN_DUID,1,"2016/06/19 18:30:00",BBDISEL1,0,"2016/06/19 18:25:04"
D,METER_DATA,GEN_DUID,1,"2016/06/19 18:30:00",BUTLERSG,7.799998,"2016/06/19 18:25:04"
D,METER_DATA,GEN_DUID,1,"2016/06/19 18:30:00",CALL_A_4,0,"2016/06/19 18:25:04"
D,METER_DATA,GEN_DUID,1,"2016/06/19 18:30:00",CAPTL_WF,134.287994,"2016/06/19 18:25:04"
D,METER_DATA,GEN_DUID,1,"2016/06/19 18:30:00",CATAGUN1,0,"2016/06/19 18:25:04"
D,METER_DATA,GEN_DUID,1,"2016/06/19 18:30:00",CATHROCK,5.09,"2016/06/19 18:25:04"
D,METER_DATA,GEN_DUID,1,"2016/06/19 18:30:00",CHALLHWF,6.90,"2016/06/19 18:25:04"
D,METER_DATA,GEN_DUID,1,"2016/06/19 18:30:00",CLOVER,25.35,"2016/06/19 18:25:04"
D,METER_DATA,GEN_DUID,1,"2016/06/19 18:30:00",CLUNY,14.961630,"2016/06/19 18:25:04"
D,METER_DATA,GEN_DUID,1,"2016/06/19 18:30:00",CNUNDAWF,5.806774,"2016/06/19 18:25:04"
D,METER_DATA,GEN_DUID,1,"2016/06/19 18:30:00",CULLRGWF,27.52,"2016/06/19 18:25:04"
D,METER_DATA,GEN_DUID,1,"2016/06/19 18:30:00",ERGT01,0,"2016/06/19 18:25:04"
D,METER_DATA,GEN_DUID,1,"2016/06/19 18:30:00",GB01,0.138969,"2016/06/19 18:25:04"
D,METER_DATA,GEN_DUID,1,"2016/06/19 18:30:00",GEORGTN1,0,"2016/06/19 18:25:04"
D,METER_DATA,GEN_DUID,1,"2016/06/19 18:30:00",GEORGTN2,0,"2016/06/19 18:25:04"
D,METER_DATA,GEN_DUID,1,"2016/06/19 18:30:00",GERMCRK,38.900002,"2016/06/19 18:25:04"
D,METER_DATA,GEN_DUID,1,"2016/06/19 18:30:00",INVICTA,38.225002,"2016/06/19 18:25:04"
D,METER_DATA,GEN_DUID,1,"2016/06/19 18:30:00",LKBONNY1,3.393756,"2016/06/19 18:25:04"
D,METER_DATA,GEN_DUID,1,"2016/06/19 18:30:00",MBAHNTH,58.331253,"2016/06/19 18:25:04"
D,METER_DATA,GEN_DUID,1,"2016/06/19 18:30:00",MEADOWB2,0,"2016/06/19 18:25:04"
D,METER_DATA,GEN_DUID,1,"2016/06/19 18:30:00",MLWF1,2.58,"2016/06/19 18:25:04"
D,METER_DATA,GEN_DUID,1,"2016/06/19 18:30:00",MTMILLAR,2.969083,"2016/06/19 18:25:04"
D,METER_DATA,GEN_DUID,1,"2016/06/19 18:30:00",PALOONA,23.529999,"2016/06/19 18:25:04"
D,METER_DATA,GEN_DUID,1,"2016/06/19 18:30:00",PORTLAT1,0,"2016/06/19 18:25:04"
D,METER_DATA,GEN_DUID,1,"2016/06/19 18:30:00",PORTWF,33.400002,"2016/06/19 18:25:04"
D,METER_DATA,GEN_DUID,1,"2016/06/19 18:30:00",QUERIVE1,-0.13,"2016/06/19 18:25:04"
D,METER_DATA,GEN_DUID,1,"2016/06/19 18:30:00",REPULSE,28.182344,"2016/06/19 18:25:04"
D,METER_DATA,GEN_DUID,1,"2016/06/19 18:30:00",ROWALLAN,10.3305,"2016/06/19 18:25:04"
D,METER_DATA,GEN_DUID,1,"2016/06/19 18:30:00",ROYALLA1,0,"2016/06/19 18:25:04"
D,METER_DATA,GEN_DUID,1,"2016/06/19 18:30:00",RPCG,-0.20,"2016/06/19 18:25:04"
D,METER_DATA,GEN_DUID,1,"2016/06/19 18:30:00",RUBICON,0,"2016/06/19 18:25:04"
D,METER_DATA,GEN_DUID,1,"2016/06/19 18:30:00",STARHLWF,2.099388,"2016/06/19 18:25:04"
D,METER_DATA,GEN_DUID,1,"2016/06/19 18:30:00",WAUBRAWF,92.828003,"2016/06/19 18:25:04"
D,METER_DATA,GEN_DUID,1,"2016/06/19 18:30:00",WOOLNTH1,28.240017,"2016/06/19 18:25:04"
D,METER_DATA,GEN_DUID,1,"2016/06/19 18:30:00",WPWF,0,"2016/06/19 18:25:04"
D,METER_DATA,GEN_DUID,1,"2016/06/19 18:30:00",YAMBUKWF,4,"2016/06/19 18:25:04"
D,METER_DATA,GEN_DUID,1,"2016/06/19 18:35:00",BBDISEL1,0,"2016/06/19 18:30:05"
D,METER_DATA,GEN_DUID,1,"2016/06/19 18:35:00",BUTLERSG,7.799998,"2016/06/19 18:30:05"
D,METER_DATA,GEN_DUID,1,"2016/06/19 18:35:00",CALL_A_4,0,"2016/06/19 18:30:05"
D,METER_DATA,GEN_DUID,1,"2016/06/19 18:35:00",CAPTL_WF,134.940002,"2016/06/19 18:30:05"
D,METER_DATA,GEN_DUID,1,"2016/06/19 18:35:00",CATAGUN1,0,"2016/06/19 18:30:05"
D,METER_DATA,GEN_DUID,1,"2016/06/19 18:35:00",CATHROCK,4.10,"2016/06/19 18:30:05"
D,METER_DATA,GEN_DUID,1,"2016/06/19 18:35:00",CHALLHWF,6.80,"2016/06/19 18:30:05"
D,METER_DATA,GEN_DUID,1,"2016/06/19 18:35:00",CLOVER,25.360001,"2016/06/19 18:30:05"
D,METER_DATA,GEN_DUID,1,"2016/06/19 18:35:00",CLUNY,15.1474,"2016/06/19 18:30:05"
D,METER_DATA,GEN_DUID,1,"2016/06/19 18:35:00",CNUNDAWF,6.107124,"2016/06/19 18:30:05"
D,METER_DATA,GEN_DUID,1,"2016/06/19 18:35:00",CULLRGWF,27.459999,"2016/06/19 18:30:05"
D,METER_DATA,GEN_DUID,1,"2016/06/19 18:35:00",ERGT01,0,"2016/06/19 18:30:05"
D,METER_DATA,GEN_DUID,1,"2016/06/19 18:35:00",GB01,0.138969,"2016/06/19 18:30:05"
D,METER_DATA,GEN_DUID,1,"2016/06/19 18:35:00",GEORGTN1,0,"2016/06/19 18:30:05"
D,METER_DATA,GEN_DUID,1,"2016/06/19 18:35:00",GEORGTN2,0,"2016/06/19 18:30:05"
D,METER_DATA,GEN_DUID,1,"2016/06/19 18:35:00",GERMCRK,39.099998,"2016/06/19 18:30:05"
D,METER_DATA,GEN_DUID,1,"2016/06/19 18:35:00",INVICTA,38.225002,"2016/06/19 18:30:05"
D,METER_DATA,GEN_DUID,1,"2016/06/19 18:35:00",LKBONNY1,3.661684,"2016/06/19 18:30:05"
D,METER_DATA,GEN_DUID,1,"2016/06/19 18:35:00",MBAHNTH,58.331253,"2016/06/19 18:30:05"
D,METER_DATA,GEN_DUID,1,"2016/06/19 18:35:00",MEADOWB2,0,"2016/06/19 18:30:05"
D,METER_DATA,GEN_DUID,1,"2016/06/19 18:35:00",MLWF1,2.3850,"2016/06/19 18:30:05"
D,METER_DATA,GEN_DUID,1,"2016/06/19 18:35:00",MTMILLAR,3.341149,"2016/06/19 18:30:05"
D,METER_DATA,GEN_DUID,1,"2016/06/19 18:35:00",PALOONA,23.529999,"2016/06/19 18:30:05"
D,METER_DATA,GEN_DUID,1,"2016/06/19 18:35:00",PORTLAT1,0,"2016/06/19 18:30:05"
D,METER_DATA,GEN_DUID,1,"2016/06/19 18:35:00",PORTWF,30.299999,"2016/06/19 18:30:05"
D,METER_DATA,GEN_DUID,1,"2016/06/19 18:35:00",QUERIVE1,-0.13,"2016/06/19 18:30:05"
D,METER_DATA,GEN_DUID,1,"2016/06/19 18:35:00",REPULSE,27.420145,"2016/06/19 18:30:05"
D,METER_DATA,GEN_DUID,1,"2016/06/19 18:35:00",ROWALLAN,10.2240,"2016/06/19 18:30:05"
D,METER_DATA,GEN_DUID,1,"2016/06/19 18:35:00",ROYALLA1,0,"2016/06/19 18:30:05"
D,METER_DATA,GEN_DUID,1,"2016/06/19 18:35:00",RPCG,-0.20,"2016/06/19 18:30:05"
D,METER_DATA,GEN_DUID,1,"2016/06/19 18:35:00",RUBICON,0,"2016/06/19 18:30:05"
D,METER_DATA,GEN_DUID,1,"2016/06/19 18:35:00",STARHLWF,2.099388,"2016/06/19 18:30:05"
D,METER_DATA,GEN_DUID,1,"2016/06/19 18:35:00",WAUBRAWF,92.911003,"2016/06/19 18:30:05"
D,METER_DATA,GEN_DUID,1,"2016/06/19 18:35:00",WOOLNTH1,28.110016,"2016/06/19 18:30:05"
D,METER_DATA,GEN_DUID,1,"2016/06/19 18:35:00",WPWF,0,"2016/06/19 18:30:05"
D,METER_DATA,GEN_DUID,1,"2016/06/19 18:35:00",YAMBUKWF,5.30,"2016/06/19 18:30:05"
D,METER_DATA,GEN_DUID,1,"2016/06/19 18:40:00",BBDISEL1,0,"2016/06/19 18:35:05"
D,METER_DATA,GEN_DUID,1,"2016/06/19 18:40:00",BUTLERSG,7.799998,"2016/06/19 18:35:05"
D,METER_DATA,GEN_DUID,1,"2016/06/19 18:40:00",CALL_A_4,0,"2016/06/19 18:35:05"
D,METER_DATA,GEN_DUID,1,"2016/06/19 18:40:00",CAPTL_WF,137.104004,"2016/06/19 18:35:05"
D,METER_DATA,GEN_DUID,1,"2016/06/19 18:40:00",CATAGUN1,0,"2016/06/19 18:35:05"
D,METER_DATA,GEN_DUID,1,"2016/06/19 18:40:00",CATHROCK,3.11,"2016/06/19 18:35:05"
D,METER_DATA,GEN_DUID,1,"2016/06/19 18:40:00",CHALLHWF,6.50,"2016/06/19 18:35:05"
D,METER_DATA,GEN_DUID,1,"2016/06/19 18:40:00",CLOVER,25.42,"2016/06/19 18:35:05"
D,METER_DATA,GEN_DUID,1,"2016/06/19 18:40:00",CLUNY,15.533231,"2016/06/19 18:35:05"
D,METER_DATA,GEN_DUID,1,"2016/06/19 18:40:00",CNUNDAWF,6.507591,"2016/06/19 18:35:05"
D,METER_DATA,GEN_DUID,1,"2016/06/19 18:40:00",CULLRGWF,27.440001,"2016/06/19 18:35:05"
D,METER_DATA,GEN_DUID,1,"2016/06/19 18:40:00",ERGT01,0,"2016/06/19 18:35:05"
D,METER_DATA,GEN_DUID,1,"2016/06/19 18:40:00",GB01,0.138969,"2016/06/19 18:35:05"
D,METER_DATA,GEN_DUID,1,"2016/06/19 18:40:00",GEORGTN1,0,"2016/06/19 18:35:05"
D,METER_DATA,GEN_DUID,1,"2016/06/19 18:40:00",GEORGTN2,0,"2016/06/19 18:35:05"
D,METER_DATA,GEN_DUID,1,"2016/06/19 18:40:00",GERMCRK,38.599998,"2016/06/19 18:35:05"
D,METER_DATA,GEN_DUID,1,"2016/06/19 18:40:00",INVICTA,38.225002,"2016/06/19 18:35:05"
D,METER_DATA,GEN_DUID,1,"2016/06/19 18:40:00",LKBONNY1,3.929612,"2016/06/19 18:35:05"
D,METER_DATA,GEN_DUID,1,"2016/06/19 18:40:00",MBAHNTH,58.331253,"2016/06/19 18:35:05"
D,METER_DATA,GEN_DUID,1,"2016/06/19 18:40:00",MEADOWB2,0,"2016/06/19 18:35:05"
D,METER_DATA,GEN_DUID,1,"2016/06/19 18:40:00",MLWF1,2.70,"2016/06/19 18:35:05"
D,METER_DATA,GEN_DUID,1,"2016/06/19 18:40:00",MTMILLAR,3.147675,"2016/06/19 18:35:05"
D,METER_DATA,GEN_DUID,1,"2016/06/19 18:40:00",PALOONA,23.529999,"2016/06/19 18:35:05"
D,METER_DATA,GEN_DUID,1,"2016/06/19 18:40:00",PORTLAT1,0,"2016/06/19 18:35:05"
D,METER_DATA,GEN_DUID,1,"2016/06/19 18:40:00",PORTWF,30.299999,"2016/06/19 18:35:05"
D,METER_DATA,GEN_DUID,1,"2016/06/19 18:40:00",QUERIVE1,-0.11,"2016/06/19 18:35:05"
D,METER_DATA,GEN_DUID,1,"2016/06/19 18:40:00",REPULSE,28.544390,"2016/06/19 18:35:05"
D,METER_DATA,GEN_DUID,1,"2016/06/19 18:40:00",ROWALLAN,10.3518,"2016/06/19 18:35:05"
D,METER_DATA,GEN_DUID,1,"2016/06/19 18:40:00",ROYALLA1,0,"2016/06/19 18:35:05"
D,METER_DATA,GEN_DUID,1,"2016/06/19 18:40:00",RPCG,-0.20,"2016/06/19 18:35:05"
D,METER_DATA,GEN_DUID,1,"2016/06/19 18:40:00",RUBICON,0,"2016/06/19 18:35:05"
D,METER_DATA,GEN_DUID,1,"2016/06/19 18:40:00",STARHLWF,2.499271,"2016/06/19 18:35:05"
D,METER_DATA,GEN_DUID,1,"2016/06/19 18:40:00",WAUBRAWF,94.735001,"2016/06/19 18:35:05"
D,METER_DATA,GEN_DUID,1,"2016/06/19 18:40:00",WOOLNTH1,28.980017,"2016/06/19 18:35:05"
D,METER_DATA,GEN_DUID,1,"2016/06/19 18:40:00",WPWF,1,"2016/06/19 18:35:05"
D,METER_DATA,GEN_DUID,1,"2016/06/19 18:40:00",YAMBUKWF,4.20,"2016/06/19 18:35:05"
D,METER_DATA,GEN_DUID,1,"2016/06/19 18:45:00",BBDISEL1,0,"2016/06/19 18:40:04"
D,METER_DATA,GEN_DUID,1,"2016/06/19 18:45:00",BUTLERSG,7.799998,"2016/06/19 18:40:04"
D,METER_DATA,GEN_DUID,1,"2016/06/19 18:45:00",CALL_A_4,0,"2016/06/19 18:40:04"
D,METER_DATA,GEN_DUID,1,"2016/06/19 18:45:00",CAPTL_WF,137.0280,"2016/06/19 18:40:04"
D,METER_DATA,GEN_DUID,1,"2016/06/19 18:45:00",CATAGUN1,0,"2016/06/19 18:40:04"
D,METER_DATA,GEN_DUID,1,"2016/06/19 18:45:00",CATHROCK,3.03,"2016/06/19 18:40:04"
D,METER_DATA,GEN_DUID,1,"2016/06/19 18:45:00",CHALLHWF,6.70,"2016/06/19 18:40:04"
D,METER_DATA,GEN_DUID,1,"2016/06/19 18:45:00",CLOVER,25.450001,"2016/06/19 18:40:04"
D,METER_DATA,GEN_DUID,1,"2016/06/19 18:45:00",CLUNY,14.29,"2016/06/19 18:40:04"
D,METER_DATA,GEN_DUID,1,"2016/06/19 18:45:00",CNUNDAWF,6.507591,"2016/06/19 18:40:04"
D,METER_DATA,GEN_DUID,1,"2016/06/19 18:45:00",CULLRGWF,27.370001,"2016/06/19 18:40:04"
D,METER_DATA,GEN_DUID,1,"2016/06/19 18:45:00",ERGT01,0,"2016/06/19 18:40:04"
D,METER_DATA,GEN_DUID,1,"2016/06/19 18:45:00",GB01,0.138969,"2016/06/19 18:40:04"
D,METER_DATA,GEN_DUID,1,"2016/06/19 18:45:00",GEORGTN1,0,"2016/06/19 18:40:04"
D,METER_DATA,GEN_DUID,1,"2016/06/19 18:45:00",GEORGTN2,0,"2016/06/19 18:40:04"
D,METER_DATA,GEN_DUID,1,"2016/06/19 18:45:00",GERMCRK,39.099998,"2016/06/19 18:40:04"
D,METER_DATA,GEN_DUID,1,"2016/06/19 18:45:00",INVICTA,38.225002,"2016/06/19 18:40:04"
D,METER_DATA,GEN_DUID,1,"2016/06/19 18:45:00",LKBONNY1,4.644087,"2016/06/19 18:40:04"
D,METER_DATA,GEN_DUID,1,"2016/06/19 18:45:00",MBAHNTH,58.331253,"2016/06/19 18:40:04"
D,METER_DATA,GEN_DUID,1,"2016/06/19 18:45:00",MEADOWB2,0,"2016/06/19 18:40:04"
D,METER_DATA,GEN_DUID,1,"2016/06/19 18:45:00",MLWF1,2.91,"2016/06/19 18:40:04"
D,METER_DATA,GEN_DUID,1,"2016/06/19 18:45:00",MTMILLAR,3.021173,"2016/06/19 18:40:04"
D,METER_DATA,GEN_DUID,1,"2016/06/19 18:45:00",PALOONA,23.529999,"2016/06/19 18:40:04"
D,METER_DATA,GEN_DUID,1,"2016/06/19 18:45:00",PORTLAT1,0,"2016/06/19 18:40:04"
D,METER_DATA,GEN_DUID,1,"2016/06/19 18:45:00",PORTWF,32.599998,"2016/06/19 18:40:04"
D,METER_DATA,GEN_DUID,1,"2016/06/19 18:45:00",QUERIVE1,-0.11,"2016/06/19 18:40:04"
D,METER_DATA,GEN_DUID,1,"2016/06/19 18:45:00",REPULSE,27.000935,"2016/06/19 18:40:04"
D,METER_DATA,GEN_DUID,1,"2016/06/19 18:45:00",ROWALLAN,10.3234,"2016/06/19 18:40:04"
D,METER_DATA,GEN_DUID,1,"2016/06/19 18:45:00",ROYALLA1,0,"2016/06/19 18:40:04"
D,METER_DATA,GEN_DUID,1,"2016/06/19 18:45:00",RPCG,-0.20,"2016/06/19 18:40:04"
D,METER_DATA,GEN_DUID,1,"2016/06/19 18:45:00",RUBICON,0,"2016/06/19 18:40:04"
D,METER_DATA,GEN_DUID,1,"2016/06/19 18:45:00",STARHLWF,2.299330,"2016/06/19 18:40:04"
D,METER_DATA,GEN_DUID,1,"2016/06/19 18:45:00",WAUBRAWF,93.269997,"2016/06/19 18:40:04"
D,METER_DATA,GEN_DUID,1,"2016/06/19 18:45:00",WOOLNTH1,30.820015,"2016/06/19 18:40:04"
D,METER_DATA,GEN_DUID,1,"2016/06/19 18:45:00",WPWF,1,"2016/06/19 18:40:04"
D,METER_DATA,GEN_DUID,1,"2016/06/19 18:45:00",YAMBUKWF,4.10,"2016/06/19 18:40:04"
D,METER_DATA,GEN_DUID,1,"2016/06/19 18:50:00",BBDISEL1,0,"2016/06/19 18:45:05"
D,METER_DATA,GEN_DUID,1,"2016/06/19 18:50:00",BUTLERSG,7.799998,"2016/06/19 18:45:05"
D,METER_DATA,GEN_DUID,1,"2016/06/19 18:50:00",CALL_A_4,0,"2016/06/19 18:45:05"
D,METER_DATA,GEN_DUID,1,"2016/06/19 18:50:00",CAPTL_WF,136.712006,"2016/06/19 18:45:05"
D,METER_DATA,GEN_DUID,1,"2016/06/19 18:50:00",CATAGUN1,0,"2016/06/19 18:45:05"
D,METER_DATA,GEN_DUID,1,"2016/06/19 18:50:00",CATHROCK,3.12,"2016/06/19 18:45:05"
D,METER_DATA,GEN_DUID,1,"2016/06/19 18:50:00",CHALLHWF,5.80,"2016/06/19 18:45:05"
D,METER_DATA,GEN_DUID,1,"2016/06/19 18:50:00",CLOVER,25.389999,"2016/06/19 18:45:05"
D,METER_DATA,GEN_DUID,1,"2016/06/19 18:50:00",CLUNY,14.947340,"2016/06/19 18:45:05"
D,METER_DATA,GEN_DUID,1,"2016/06/19 18:50:00",CNUNDAWF,6.007008,"2016/06/19 18:45:05"
D,METER_DATA,GEN_DUID,1,"2016/06/19 18:50:00",CULLRGWF,27.42,"2016/06/19 18:45:05"
D,METER_DATA,GEN_DUID,1,"2016/06/19 18:50:00",ERGT01,0,"2016/06/19 18:45:05"
D,METER_DATA,GEN_DUID,1,"2016/06/19 18:50:00",GB01,0.138969,"2016/06/19 18:45:05"
D,METER_DATA,GEN_DUID,1,"2016/06/19 18:50:00",GEORGTN1,0,"2016/06/19 18:45:05"
D,METER_DATA,GEN_DUID,1,"2016/06/19 18:50:00",GEORGTN2,0,"2016/06/19 18:45:05"
D,METER_DATA,GEN_DUID,1,"2016/06/19 18:50:00",GERMCRK,39.299999,"2016/06/19 18:45:05"
D,METER_DATA,GEN_DUID,1,"2016/06/19 18:50:00",INVICTA,38.225002,"2016/06/19 18:45:05"
D,METER_DATA,GEN_DUID,1,"2016/06/19 18:50:00",LKBONNY1,5.090634,"2016/06/19 18:45:05"
D,METER_DATA,GEN_DUID,1,"2016/06/19 18:50:00",MBAHNTH,58.331253,"2016/06/19 18:45:05"
D,METER_DATA,GEN_DUID,1,"2016/06/19 18:50:00",MEADOWB2,0,"2016/06/19 18:45:05"
D,METER_DATA,GEN_DUID,1,"2016/06/19 18:50:00",MLWF1,2.5050,"2016/06/19 18:45:05"
D,METER_DATA,GEN_DUID,1,"2016/06/19 18:50:00",MTMILLAR,3.385797,"2016/06/19 18:45:05"
D,METER_DATA,GEN_DUID,1,"2016/06/19 18:50:00",PALOONA,23.529999,"2016/06/19 18:45:05"
D,METER_DATA,GEN_DUID,1,"2016/06/19 18:50:00",PORTLAT1,0,"2016/06/19 18:45:05"
D,METER_DATA,GEN_DUID,1,"2016/06/19 18:50:00",PORTWF,35.50,"2016/06/19 18:45:05"
D,METER_DATA,GEN_DUID,1,"2016/06/19 18:50:00",QUERIVE1,-0.12,"2016/06/19 18:45:05"
D,METER_DATA,GEN_DUID,1,"2016/06/19 18:50:00",REPULSE,27.953684,"2016/06/19 18:45:05"
D,METER_DATA,GEN_DUID,1,"2016/06/19 18:50:00",ROWALLAN,10.0607,"2016/06/19 18:45:05"
D,METER_DATA,GEN_DUID,1,"2016/06/19 18:50:00",ROYALLA1,0,"2016/06/19 18:45:05"
D,METER_DATA,GEN_DUID,1,"2016/06/19 18:50:00",RPCG,-0.20,"2016/06/19 18:45:05"
D,METER_DATA,GEN_DUID,1,"2016/06/19 18:50:00",RUBICON,0,"2016/06/19 18:45:05"
D,METER_DATA,GEN_DUID,1,"2016/06/19 18:50:00",STARHLWF,2.299330,"2016/06/19 18:45:05"
D,METER_DATA,GEN_DUID,1,"2016/06/19 18:50:00",WAUBRAWF,96.456001,"2016/06/19 18:45:05"
D,METER_DATA,GEN_DUID,1,"2016/06/19 18:50:00",WOOLNTH1,32.290016,"2016/06/19 18:45:05"
D,METER_DATA,GEN_DUID,1,"2016/06/19 18:50:00",WPWF,1,"2016/06/19 18:45:05"
D,METER_DATA,GEN_DUID,1,"2016/06/19 18:50:00",YAMBUKWF,4.50,"2016/06/19 18:45:05"
D,METER_DATA,GEN_DUID,1,"2016/06/19 18:55:00",BBDISEL1,0,"2016/06/19 18:50:05"
D,METER_DATA,GEN_DUID,1,"2016/06/19 18:55:00",BUTLERSG,7.799998,"2016/06/19 18:50:05"
D,METER_DATA,GEN_DUID,1,"2016/06/19 18:55:00",CALL_A_4,0,"2016/06/19 18:50:05"
D,METER_DATA,GEN_DUID,1,"2016/06/19 18:55:00",CAPTL_WF,136.380005,"2016/06/19 18:50:05"
D,METER_DATA,GEN_DUID,1,"2016/06/19 18:55:00",CATAGUN1,0,"2016/06/19 18:50:05"
D,METER_DATA,GEN_DUID,1,"2016/06/19 18:55:00",CATHROCK,4,"2016/06/19 18:50:05"
D,METER_DATA,GEN_DUID,1,"2016/06/19 18:55:00",CHALLHWF,6.40,"2016/06/19 18:50:05"
D,METER_DATA,GEN_DUID,1,"2016/06/19 18:55:00",CLOVER,25.43,"2016/06/19 18:50:05"
D,METER_DATA,GEN_DUID,1,"2016/06/19 18:55:00",CLUNY,14.8616,"2016/06/19 18:50:05"
D,METER_DATA,GEN_DUID,1,"2016/06/19 18:55:00",CNUNDAWF,6.607708,"2016/06/19 18:50:05"
D,METER_DATA,GEN_DUID,1,"2016/06/19 18:55:00",CULLRGWF,27.360001,"2016/06/19 18:50:05"
D,METER_DATA,GEN_DUID,1,"2016/06/19 18:55:00",ERGT01,0,"2016/06/19 18:50:05"
D,METER_DATA,GEN_DUID,1,"2016/06/19 18:55:00",GB01,0.141178,"2016/06/19 18:50:05"
D,METER_DATA,GEN_DUID,1,"2016/06/19 18:55:00",GEORGTN1,0,"2016/06/19 18:50:05"
D,METER_DATA,GEN_DUID,1,"2016/06/19 18:55:00",GEORGTN2,0,"2016/06/19 18:50:05"
D,METER_DATA,GEN_DUID,1,"2016/06/19 18:55:00",GERMCRK,39.099998,"2016/06/19 18:50:05"
D,METER_DATA,GEN_DUID,1,"2016/06/19 18:55:00",INVICTA,35.799999,"2016/06/19 18:50:05"
D,METER_DATA,GEN_DUID,1,"2016/06/19 18:55:00",LKBONNY1,5.090634,"2016/06/19 18:50:05"
D,METER_DATA,GEN_DUID,1,"2016/06/19 18:55:00",MBAHNTH,58.331253,"2016/06/19 18:50:05"
D,METER_DATA,GEN_DUID,1,"2016/06/19 18:55:00",MEADOWB2,0,"2016/06/19 18:50:05"
D,METER_DATA,GEN_DUID,1,"2016/06/19 18:55:00",MLWF1,3.1350,"2016/06/19 18:50:05"
D,METER_DATA,GEN_DUID,1,"2016/06/19 18:55:00",MTMILLAR,3.616477,"2016/06/19 18:50:05"
D,METER_DATA,GEN_DUID,1,"2016/06/19 18:55:00",PALOONA,23.529999,"2016/06/19 18:50:05"
D,METER_DATA,GEN_DUID,1,"2016/06/19 18:55:00",PORTLAT1,0,"2016/06/19 18:50:05"
D,METER_DATA,GEN_DUID,1,"2016/06/19 18:55:00",PORTWF,30.50,"2016/06/19 18:50:05"
D,METER_DATA,GEN_DUID,1,"2016/06/19 18:55:00",QUERIVE1,-0.11,"2016/06/19 18:50:05"
D,METER_DATA,GEN_DUID,1,"2016/06/19 18:55:00",REPULSE,26.753220,"2016/06/19 18:50:05"
D,METER_DATA,GEN_DUID,1,"2016/06/19 18:55:00",ROWALLAN,10.3234,"2016/06/19 18:50:05"
D,METER_DATA,GEN_DUID,1,"2016/06/19 18:55:00",ROYALLA1,0,"2016/06/19 18:50:05"
D,METER_DATA,GEN_DUID,1,"2016/06/19 18:55:00",RPCG,-0.20,"2016/06/19 18:50:05"
D,METER_DATA,GEN_DUID,1,"2016/06/19 18:55:00",RUBICON,0,"2016/06/19 18:50:05"
D,METER_DATA,GEN_DUID,1,"2016/06/19 18:55:00",STARHLWF,2.699213,"2016/06/19 18:50:05"
D,METER_DATA,GEN_DUID,1,"2016/06/19 18:55:00",WAUBRAWF,102.151001,"2016/06/19 18:50:05"
D,METER_DATA,GEN_DUID,1,"2016/06/19 18:55:00",WOOLNTH1,31.820015,"2016/06/19 18:50:05"
D,METER_DATA,GEN_DUID,1,"2016/06/19 18:55:00",WPWF,2,"2016/06/19 18:50:05"
D,METER_DATA,GEN_DUID,1,"2016/06/19 18:55:00",YAMBUKWF,4.70,"2016/06/19 18:50:05"
D,METER_DATA,GEN_DUID,1,"2016/06/19 19:00:00",BBDISEL1,0,"2016/06/19 18:55:04"
D,METER_DATA,GEN_DUID,1,"2016/06/19 19:00:00",BUTLERSG,7.799998,"2016/06/19 18:55:04"
D,METER_DATA,GEN_DUID,1,"2016/06/19 19:00:00",CALL_A_4,0,"2016/06/19 18:55:04"
D,METER_DATA,GEN_DUID,1,"2016/06/19 19:00:00",CAPTL_WF,136.828003,"2016/06/19 18:55:04"
D,METER_DATA,GEN_DUID,1,"2016/06/19 19:00:00",CATAGUN1,0,"2016/06/19 18:55:04"
D,METER_DATA,GEN_DUID,1,"2016/06/19 19:00:00",CATHROCK,3.24,"2016/06/19 18:55:04"
D,METER_DATA,GEN_DUID,1,"2016/06/19 19:00:00",CHALLHWF,6.80,"2016/06/19 18:55:04"
D,METER_DATA,GEN_DUID,1,"2016/06/19 19:00:00",CLOVER,25.389999,"2016/06/19 18:55:04"
D,METER_DATA,GEN_DUID,1,"2016/06/19 19:00:00",CLUNY,15.061661,"2016/06/19 18:55:04"
D,METER_DATA,GEN_DUID,1,"2016/06/19 19:00:00",CNUNDAWF,6.007008,"2016/06/19 18:55:04"
D,METER_DATA,GEN_DUID,1,"2016/06/19 19:00:00",CULLRGWF,27.51,"2016/06/19 18:55:04"
D,METER_DATA,GEN_DUID,1,"2016/06/19 19:00:00",ERGT01,0,"2016/06/19 18:55:04"
D,METER_DATA,GEN_DUID,1,"2016/06/19 19:00:00",GB01,0.141178,"2016/06/19 18:55:04"
D,METER_DATA,GEN_DUID,1,"2016/06/19 19:00:00",GEORGTN1,0,"2016/06/19 18:55:04"
D,METER_DATA,GEN_DUID,1,"2016/06/19 19:00:00",GEORGTN2,0,"2016/06/19 18:55:04"
D,METER_DATA,GEN_DUID,1,"2016/06/19 19:00:00",GERMCRK,39,"2016/06/19 18:55:04"
D,METER_DATA,GEN_DUID,1,"2016/06/19 19:00:00",INVICTA,35.799999,"2016/06/19 18:55:04"
D,METER_DATA,GEN_DUID,1,"2016/06/19 19:00:00",LKBONNY1,5.179943,"2016/06/19 18:55:04"
D,METER_DATA,GEN_DUID,1,"2016/06/19 19:00:00",MBAHNTH,58.331253,"2016/06/19 18:55:04"
D,METER_DATA,GEN_DUID,1,"2016/06/19 19:00:00",MEADOWB2,0,"2016/06/19 18:55:04"
D,METER_DATA,GEN_DUID,1,"2016/06/19 19:00:00",MLWF1,3.8550,"2016/06/19 18:55:04"
D,METER_DATA,GEN_DUID,1,"2016/06/19 19:00:00",MTMILLAR,3.661125,"2016/06/19 18:55:04"
D,METER_DATA,GEN_DUID,1,"2016/06/19 19:00:00",PALOONA,23.529999,"2016/06/19 18:55:04"
D,METER_DATA,GEN_DUID,1,"2016/06/19 19:00:00",PORTLAT1,0,"2016/06/19 18:55:04"
D,METER_DATA,GEN_DUID,1,"2016/06/19 19:00:00",PORTWF,34,"2016/06/19 18:55:04"
D,METER_DATA,GEN_DUID,1,"2016/06/19 19:00:00",QUERIVE1,-0.12,"2016/06/19 18:55:04"
D,METER_DATA,GEN_DUID,1,"2016/06/19 19:00:00",REPULSE,27.343924,"2016/06/19 18:55:04"
D,METER_DATA,GEN_DUID,1,"2016/06/19 19:00:00",ROWALLAN,9.9755,"2016/06/19 18:55:04"
D,METER_DATA,GEN_DUID,1,"2016/06/19 19:00:00",ROYALLA1,0,"2016/06/19 18:55:04"
D,METER_DATA,GEN_DUID,1,"2016/06/19 19:00:00",RPCG,-0.20,"2016/06/19 18:55:04"
D,METER_DATA,GEN_DUID,1,"2016/06/19 19:00:00",RUBICON,0,"2016/06/19 18:55:04"
D,METER_DATA,GEN_DUID,1,"2016/06/19 19:00:00",STARHLWF,3.099096,"2016/06/19 18:55:04"
D,METER_DATA,GEN_DUID,1,"2016/06/19 19:00:00",WAUBRAWF,103.366997,"2016/06/19 18:55:04"
D,METER_DATA,GEN_DUID,1,"2016/06/19 19:00:00",WOOLNTH1,30.790016,"2016/06/19 18:55:04"
D,METER_DATA,GEN_DUID,1,"2016/06/19 19:00:00",WPWF,2,"2016/06/19 18:55:04"
D,METER_DATA,GEN_DUID,1,"2016/06/19 19:00:00",YAMBUKWF,3.70,"2016/06/19 18:55:04"
D,METER_DATA,GEN_DUID,1,"2016/06/19 19:05:00",BBDISEL1,0,"2016/06/19 19:00:04"
D,METER_DATA,GEN_DUID,1,"2016/06/19 19:05:00",BUTLERSG,7.799998,"2016/06/19 19:00:04"
D,METER_DATA,GEN_DUID,1,"2016/06/19 19:05:00",CALL_A_4,0,"2016/06/19 19:00:04"
D,METER_DATA,GEN_DUID,1,"2016/06/19 19:05:00",CAPTL_WF,136.176010,"2016/06/19 19:00:04"
D,METER_DATA,GEN_DUID,1,"2016/06/19 19:05:00",CATAGUN1,0,"2016/06/19 19:00:04"
D,METER_DATA,GEN_DUID,1,"2016/06/19 19:05:00",CATHROCK,4.22,"2016/06/19 19:00:04"
D,METER_DATA,GEN_DUID,1,"2016/06/19 19:05:00",CHALLHWF,8.10,"2016/06/19 19:00:04"
D,METER_DATA,GEN_DUID,1,"2016/06/19 19:05:00",CLOVER,25.41,"2016/06/19 19:00:04"
D,METER_DATA,GEN_DUID,1,"2016/06/19 19:05:00",CLUNY,15.390330,"2016/06/19 19:00:04"
D,METER_DATA,GEN_DUID,1,"2016/06/19 19:05:00",CNUNDAWF,6.107124,"2016/06/19 19:00:04"
D,METER_DATA,GEN_DUID,1,"2016/06/19 19:05:00",CULLRGWF,27.360001,"2016/06/19 19:00:04"
D,METER_DATA,GEN_DUID,1,"2016/06/19 19:05:00",ERGT01,0,"2016/06/19 19:00:04"
D,METER_DATA,GEN_DUID,1,"2016/06/19 19:05:00",GB01,0.141178,"2016/06/19 19:00:04"
D,METER_DATA,GEN_DUID,1,"2016/06/19 19:05:00",GEORGTN1,0,"2016/06/19 19:00:04"
D,METER_DATA,GEN_DUID,1,"2016/06/19 19:05:00",GEORGTN2,0,"2016/06/19 19:00:04"
D,METER_DATA,GEN_DUID,1,"2016/06/19 19:05:00",GERMCRK,39.099998,"2016/06/19 19:00:04"
D,METER_DATA,GEN_DUID,1,"2016/06/19 19:05:00",INVICTA,36.950001,"2016/06/19 19:00:04"
D,METER_DATA,GEN_DUID,1,"2016/06/19 19:05:00",LKBONNY1,5.001324,"2016/06/19 19:00:04"
D,METER_DATA,GEN_DUID,1,"2016/06/19 19:05:00",MBAHNTH,58.331253,"2016/06/19 19:00:04"
D,METER_DATA,GEN_DUID,1,"2016/06/19 19:05:00",MEADOWB2,0,"2016/06/19 19:00:04"
D,METER_DATA,GEN_DUID,1,"2016/06/19 19:05:00",MLWF1,3.8550,"2016/06/19 19:00:04"
D,METER_DATA,GEN_DUID,1,"2016/06/19 19:05:00",MTMILLAR,3.616477,"2016/06/19 19:00:04"
D,METER_DATA,GEN_DUID,1,"2016/06/19 19:05:00",PALOONA,23.529999,"2016/06/19 19:00:04"
D,METER_DATA,GEN_DUID,1,"2016/06/19 19:05:00",PORTLAT1,0,"2016/06/19 19:00:04"
D,METER_DATA,GEN_DUID,1,"2016/06/19 19:05:00",PORTWF,38.700001,"2016/06/19 19:00:04"
D,METER_DATA,GEN_DUID,1,"2016/06/19 19:05:00",QUERIVE1,-0.12,"2016/06/19 19:00:04"
D,METER_DATA,GEN_DUID,1,"2016/06/19 19:05:00",REPULSE,28.601555,"2016/06/19 19:00:04"
D,METER_DATA,GEN_DUID,1,"2016/06/19 19:05:00",ROWALLAN,10.3944,"2016/06/19 19:00:04"
D,METER_DATA,GEN_DUID,1,"2016/06/19 19:05:00",ROYALLA1,0,"2016/06/19 19:00:04"
D,METER_DATA,GEN_DUID,1,"2016/06/19 19:05:00",RPCG,-0.20,"2016/06/19 19:00:04"
D,METER_DATA,GEN_DUID,1,"2016/06/19 19:05:00",RUBICON,0,"2016/06/19 19:00:04"
D,METER_DATA,GEN_DUID,1,"2016/06/19 19:05:00",STARHLWF,2.699213,"2016/06/19 19:00:04"
D,METER_DATA,GEN_DUID,1,"2016/06/19 19:05:00",WAUBRAWF,100.108002,"2016/06/19 19:00:04"
D,METER_DATA,GEN_DUID,1,"2016/06/19 19:05:00",WOOLNTH1,31.440016,"2016/06/19 19:00:04"
D,METER_DATA,GEN_DUID,1,"2016/06/19 19:05:00",WPWF,2,"2016/06/19 19:00:04"
D,METER_DATA,GEN_DUID,1,"2016/06/19 19:05:00",YAMBUKWF,2.80,"2016/06/19 19:00:04"
D,METER_DATA,GEN_DUID,1,"2016/06/19 19:10:00",BBDISEL1,0,"2016/06/19 19:05:05"
D,METER_DATA,GEN_DUID,1,"2016/06/19 19:10:00",BUTLERSG,7.799998,"2016/06/19 19:05:05"
D,METER_DATA,GEN_DUID,1,"2016/06/19 19:10:00",CALL_A_4,0,"2016/06/19 19:05:05"
D,METER_DATA,GEN_DUID,1,"2016/06/19 19:10:00",CAPTL_WF,136.324005,"2016/06/19 19:05:05"
D,METER_DATA,GEN_DUID,1,"2016/06/19 19:10:00",CATAGUN1,0,"2016/06/19 19:05:05"
D,METER_DATA,GEN_DUID,1,"2016/06/19 19:10:00",CATHROCK,4.31,"2016/06/19 19:05:05"
D,METER_DATA,GEN_DUID,1,"2016/06/19 19:10:00",CHALLHWF,8.700001,"2016/06/19 19:05:05"
D,METER_DATA,GEN_DUID,1,"2016/06/19 19:10:00",CLOVER,25.450001,"2016/06/19 19:05:05"
D,METER_DATA,GEN_DUID,1,"2016/06/19 19:10:00",CLUNY,14.890181,"2016/06/19 19:05:05"
D,METER_DATA,GEN_DUID,1,"2016/06/19 19:10:00",CNUNDAWF,5.706657,"2016/06/19 19:05:05"
D,METER_DATA,GEN_DUID,1,"2016/06/19 19:10:00",CULLRGWF,27.42,"2016/06/19 19:05:05"
D,METER_DATA,GEN_DUID,1,"2016/06/19 19:10:00",ERGT01,0,"2016/06/19 19:05:05"
D,METER_DATA,GEN_DUID,1,"2016/06/19 19:10:00",GB01,0.141178,"2016/06/19 19:05:05"
D,METER_DATA,GEN_DUID,1,"2016/06/19 19:10:00",GEORGTN1,0,"2016/06/19 19:05:05"
D,METER_DATA,GEN_DUID,1,"2016/06/19 19:10:00",GEORGTN2,0,"2016/06/19 19:05:05"
D,METER_DATA,GEN_DUID,1,"2016/06/19 19:10:00",GERMCRK,39.099998,"2016/06/19 19:05:05"
D,METER_DATA,GEN_DUID,1,"2016/06/19 19:10:00",INVICTA,36.950001,"2016/06/19 19:05:05"
D,METER_DATA,GEN_DUID,1,"2016/06/19 19:10:00",LKBONNY1,5.001324,"2016/06/19 19:05:05"
D,METER_DATA,GEN_DUID,1,"2016/06/19 19:10:00",MBAHNTH,59.437504,"2016/06/19 19:05:05"
D,METER_DATA,GEN_DUID,1,"2016/06/19 19:10:00",MEADOWB2,0,"2016/06/19 19:05:05"
D,METER_DATA,GEN_DUID,1,"2016/06/19 19:10:00",MLWF1,3.96,"2016/06/19 19:05:05"
D,METER_DATA,GEN_DUID,1,"2016/06/19 19:10:00",MTMILLAR,3.742980,"2016/06/19 19:05:05"
D,METER_DATA,GEN_DUID,1,"2016/06/19 19:10:00",PALOONA,23.529999,"2016/06/19 19:05:05"
D,METER_DATA,GEN_DUID,1,"2016/06/19 19:10:00",PORTLAT1,0,"2016/06/19 19:05:05"
D,METER_DATA,GEN_DUID,1,"2016/06/19 19:10:00",PORTWF,36.099998,"2016/06/19 19:05:05"
D,METER_DATA,GEN_DUID,1,"2016/06/19 19:10:00",QUERIVE1,-0.11,"2016/06/19 19:05:05"
D,METER_DATA,GEN_DUID,1,"2016/06/19 19:10:00",REPULSE,28.582499,"2016/06/19 19:05:05"
D,METER_DATA,GEN_DUID,1,"2016/06/19 19:10:00",ROWALLAN,10.0962,"2016/06/19 19:05:05"
D,METER_DATA,GEN_DUID,1,"2016/06/19 19:10:00",ROYALLA1,0,"2016/06/19 19:05:05"
D,METER_DATA,GEN_DUID,1,"2016/06/19 19:10:00",RPCG,-0.20,"2016/06/19 19:05:05"
D,METER_DATA,GEN_DUID,1,"2016/06/19 19:10:00",RUBICON,0,"2016/06/19 19:05:05"
D,METER_DATA,GEN_DUID,1,"2016/06/19 19:10:00",STARHLWF,2.699213,"2016/06/19 19:05:05"
D,METER_DATA,GEN_DUID,1,"2016/06/19 19:10:00",WAUBRAWF,97.2090,"2016/06/19 19:05:05"
D,METER_DATA,GEN_DUID,1,"2016/06/19 19:10:00",WOOLNTH1,30.800014,"2016/06/19 19:05:05"
D,METER_DATA,GEN_DUID,1,"2016/06/19 19:10:00",WPWF,2,"2016/06/19 19:05:05"
D,METER_DATA,GEN_DUID,1,"2016/06/19 19:10:00",YAMBUKWF,1.20,"2016/06/19 19:05:05"
D,METER_DATA,GEN_DUID,1,"2016/06/19 19:15:00",BBDISEL1,0,"2016/06/19 19:10:05"
D,METER_DATA,GEN_DUID,1,"2016/06/19 19:15:00",BUTLERSG,7.799998,"2016/06/19 19:10:05"
D,METER_DATA,GEN_DUID,1,"2016/06/19 19:15:00",CALL_A_4,0,"2016/06/19 19:10:05"
D,METER_DATA,GEN_DUID,1,"2016/06/19 19:15:00",CAPTL_WF,136.188004,"2016/06/19 19:10:05"
D,METER_DATA,GEN_DUID,1,"2016/06/19 19:15:00",CATAGUN1,0,"2016/06/19 19:10:05"
D,METER_DATA,GEN_DUID,1,"2016/06/19 19:15:00",CATHROCK,4.91,"2016/06/19 19:10:05"
D,METER_DATA,GEN_DUID,1,"2016/06/19 19:15:00",CHALLHWF,8.80,"2016/06/19 19:10:05"
D,METER_DATA,GEN_DUID,1,"2016/06/19 19:15:00",CLOVER,24.690001,"2016/06/19 19:10:05"
D,METER_DATA,GEN_DUID,1,"2016/06/19 19:15:00",CLUNY,14.804440,"2016/06/19 19:10:05"
D,METER_DATA,GEN_DUID,1,"2016/06/19 19:15:00",CNUNDAWF,6.207241,"2016/06/19 19:10:05"
D,METER_DATA,GEN_DUID,1,"2016/06/19 19:15:00",CULLRGWF,27.360001,"2016/06/19 19:10:05"
D,METER_DATA,GEN_DUID,1,"2016/06/19 19:15:00",ERGT01,0,"2016/06/19 19:10:05"
D,METER_DATA,GEN_DUID,1,"2016/06/19 19:15:00",GB01,0.141178,"2016/06/19 19:10:05"
D,METER_DATA,GEN_DUID,1,"2016/06/19 19:15:00",GEORGTN1,0,"2016/06/19 19:10:05"
D,METER_DATA,GEN_DUID,1,"2016/06/19 19:15:00",GEORGTN2,0,"2016/06/19 19:10:05"
D,METER_DATA,GEN_DUID,1,"2016/06/19 19:15:00",GERMCRK,38.50,"2016/06/19 19:10:05"
D,METER_DATA,GEN_DUID,1,"2016/06/19 19:15:00",INVICTA,36.950001,"2016/06/19 19:10:05"
D,METER_DATA,GEN_DUID,1,"2016/06/19 19:15:00",LKBONNY1,5.179943,"2016/06/19 19:10:05"
D,METER_DATA,GEN_DUID,1,"2016/06/19 19:15:00",MBAHNTH,59.437504,"2016/06/19 19:10:05"
D,METER_DATA,GEN_DUID,1,"2016/06/19 19:15:00",MEADOWB2,0,"2016/06/19 19:10:05"
D,METER_DATA,GEN_DUID,1,"2016/06/19 19:15:00",MLWF1,4.0650,"2016/06/19 19:10:05"
D,METER_DATA,GEN_DUID,1,"2016/06/19 19:15:00",MTMILLAR,4.174576,"2016/06/19 19:10:05"
D,METER_DATA,GEN_DUID,1,"2016/06/19 19:15:00",PALOONA,23.529999,"2016/06/19 19:10:05"
D,METER_DATA,GEN_DUID,1,"2016/06/19 19:15:00",PORTLAT1,0,"2016/06/19 19:10:05"
D,METER_DATA,GEN_DUID,1,"2016/06/19 19:15:00",PORTWF,34.099998,"2016/06/19 19:10:05"
D,METER_DATA,GEN_DUID,1,"2016/06/19 19:15:00",QUERIVE1,-0.11,"2016/06/19 19:10:05"
D,METER_DATA,GEN_DUID,1,"2016/06/19 19:15:00",REPULSE,28.144234,"2016/06/19 19:10:05"
D,METER_DATA,GEN_DUID,1,"2016/06/19 19:15:00",ROWALLAN,10.2382,"2016/06/19 19:10:05"
D,METER_DATA,GEN_DUID,1,"2016/06/19 19:15:00",ROYALLA1,0,"2016/06/19 19:10:05"
D,METER_DATA,GEN_DUID,1,"2016/06/19 19:15:00",RPCG,-0.20,"2016/06/19 19:10:05"
D,METER_DATA,GEN_DUID,1,"2016/06/19 19:15:00",RUBICON,0,"2016/06/19 19:10:05"
D,METER_DATA,GEN_DUID,1,"2016/06/19 19:15:00",STARHLWF,2.599242,"2016/06/19 19:10:05"
D,METER_DATA,GEN_DUID,1,"2016/06/19 19:15:00",WAUBRAWF,91.953003,"2016/06/19 19:10:05"
D,METER_DATA,GEN_DUID,1,"2016/06/19 19:15:00",WOOLNTH1,29.770016,"2016/06/19 19:10:05"
D,METER_DATA,GEN_DUID,1,"2016/06/19 19:15:00",WPWF,1,"2016/06/19 19:10:05"
D,METER_DATA,GEN_DUID,1,"2016/06/19 19:15:00",YAMBUKWF,1.30,"2016/06/19 19:10:05"
D,METER_DATA,GEN_DUID,1,"2016/06/19 19:20:00",BBDISEL1,0,"2016/06/19 19:15:05"
D,METER_DATA,GEN_DUID,1,"2016/06/19 19:20:00",BUTLERSG,7.799998,"2016/06/19 19:15:05"
D,METER_DATA,GEN_DUID,1,"2016/06/19 19:20:00",CALL_A_4,0,"2016/06/19 19:15:05"
D,METER_DATA,GEN_DUID,1,"2016/06/19 19:20:00",CAPTL_WF,136.447998,"2016/06/19 19:15:05"
D,METER_DATA,GEN_DUID,1,"2016/06/19 19:20:00",CATAGUN1,0,"2016/06/19 19:15:05"
D,METER_DATA,GEN_DUID,1,"2016/06/19 19:20:00",CATHROCK,1.81,"2016/06/19 19:15:05"
D,METER_DATA,GEN_DUID,1,"2016/06/19 19:20:00",CHALLHWF,8.200001,"2016/06/19 19:15:05"
D,METER_DATA,GEN_DUID,1,"2016/06/19 19:20:00",CLOVER,24.209999,"2016/06/19 19:15:05"
D,METER_DATA,GEN_DUID,1,"2016/06/19 19:20:00",CLUNY,14.918760,"2016/06/19 19:15:05"
D,METER_DATA,GEN_DUID,1,"2016/06/19 19:20:00",CNUNDAWF,6.607708,"2016/06/19 19:15:05"
D,METER_DATA,GEN_DUID,1,"2016/06/19 19:20:00",CULLRGWF,27.379999,"2016/06/19 19:15:05"
D,METER_DATA,GEN_DUID,1,"2016/06/19 19:20:00",ERGT01,0,"2016/06/19 19:15:05"
D,METER_DATA,GEN_DUID,1,"2016/06/19 19:20:00",GB01,0.141178,"2016/06/19 19:15:05"
D,METER_DATA,GEN_DUID,1,"2016/06/19 19:20:00",GEORGTN1,0,"2016/06/19 19:15:05"
D,METER_DATA,GEN_DUID,1,"2016/06/19 19:20:00",GEORGTN2,0,"2016/06/19 19:15:05"
D,METER_DATA,GEN_DUID,1,"2016/06/19 19:20:00",GERMCRK,39.299999,"2016/06/19 19:15:05"
D,METER_DATA,GEN_DUID,1,"2016/06/19 19:20:00",INVICTA,36.950001,"2016/06/19 19:15:05"
D,METER_DATA,GEN_DUID,1,"2016/06/19 19:20:00",LKBONNY1,4.108231,"2016/06/19 19:15:05"
D,METER_DATA,GEN_DUID,1,"2016/06/19 19:20:00",MBAHNTH,59.437504,"2016/06/19 19:15:05"
D,METER_DATA,GEN_DUID,1,"2016/06/19 19:20:00",MEADOWB2,0,"2016/06/19 19:15:05"
D,METER_DATA,GEN_DUID,1,"2016/06/19 19:20:00",MLWF1,4.5750,"2016/06/19 19:15:05"
D,METER_DATA,GEN_DUID,1,"2016/06/19 19:20:00",MTMILLAR,3.735538,"2016/06/19 19:15:05"
D,METER_DATA,GEN_DUID,1,"2016/06/19 19:20:00",PALOONA,23.529999,"2016/06/19 19:15:05"
D,METER_DATA,GEN_DUID,1,"2016/06/19 19:20:00",PORTLAT1,0,"2016/06/19 19:15:05"
D,METER_DATA,GEN_DUID,1,"2016/06/19 19:20:00",PORTWF,34.700001,"2016/06/19 19:15:05"
D,METER_DATA,GEN_DUID,1,"2016/06/19 19:20:00",QUERIVE1,-0.11,"2016/06/19 19:15:05"
D,METER_DATA,GEN_DUID,1,"2016/06/19 19:20:00",REPULSE,28.163290,"2016/06/19 19:15:05"
D,METER_DATA,GEN_DUID,1,"2016/06/19 19:20:00",ROWALLAN,10.1601,"2016/06/19 19:15:05"
D,METER_DATA,GEN_DUID,1,"2016/06/19 19:20:00",ROYALLA1,0,"2016/06/19 19:15:05"
D,METER_DATA,GEN_DUID,1,"2016/06/19 19:20:00",RPCG,-0.20,"2016/06/19 19:15:05"
D,METER_DATA,GEN_DUID,1,"2016/06/19 19:20:00",RUBICON,0,"2016/06/19 19:15:05"
D,METER_DATA,GEN_DUID,1,"2016/06/19 19:20:00",STARHLWF,2.999125,"2016/06/19 19:15:05"
D,METER_DATA,GEN_DUID,1,"2016/06/19 19:20:00",WAUBRAWF,96.331001,"2016/06/19 19:15:05"
D,METER_DATA,GEN_DUID,1,"2016/06/19 19:20:00",WOOLNTH1,28.240017,"2016/06/19 19:15:05"
D,METER_DATA,GEN_DUID,1,"2016/06/19 19:20:00",WPWF,1,"2016/06/19 19:15:05"
D,METER_DATA,GEN_DUID,1,"2016/06/19 19:20:00",YAMBUKWF,1.30,"2016/06/19 19:15:05"
D,METER_DATA,GEN_DUID,1,"2016/06/19 19:25:00",BBDISEL1,0,"2016/06/19 19:20:05"
D,METER_DATA,GEN_DUID,1,"2016/06/19 19:25:00",BUTLERSG,7.799998,"2016/06/19 19:20:05"
D,METER_DATA,GEN_DUID,1,"2016/06/19 19:25:00",CALL_A_4,0,"2016/06/19 19:20:05"
D,METER_DATA,GEN_DUID,1,"2016/06/19 19:25:00",CAPTL_WF,135.399994,"2016/06/19 19:20:05"
D,METER_DATA,GEN_DUID,1,"2016/06/19 19:25:00",CATAGUN1,0,"2016/06/19 19:20:05"
D,METER_DATA,GEN_DUID,1,"2016/06/19 19:25:00",CATHROCK,0,"2016/06/19 19:20:05"
D,METER_DATA,GEN_DUID,1,"2016/06/19 19:25:00",CHALLHWF,7.50,"2016/06/19 19:20:05"
D,METER_DATA,GEN_DUID,1,"2016/06/19 19:25:00",CLOVER,24.689999,"2016/06/19 19:20:05"
D,METER_DATA,GEN_DUID,1,"2016/06/19 19:25:00",CLUNY,15.047370,"2016/06/19 19:20:05"
D,METER_DATA,GEN_DUID,1,"2016/06/19 19:25:00",CNUNDAWF,7.108293,"2016/06/19 19:20:05"
D,METER_DATA,GEN_DUID,1,"2016/06/19 19:25:00",CULLRGWF,27.309999,"2016/06/19 19:20:05"
D,METER_DATA,GEN_DUID,1,"2016/06/19 19:25:00",ERGT01,0,"2016/06/19 19:20:05"
D,METER_DATA,GEN_DUID,1,"2016/06/19 19:25:00",GB01,0.141178,"2016/06/19 19:20:05"
D,METER_DATA,GEN_DUID,1,"2016/06/19 19:25:00",GEORGTN1,0,"2016/06/19 19:20:05"
D,METER_DATA,GEN_DUID,1,"2016/06/19 19:25:00",GEORGTN2,0,"2016/06/19 19:20:05"
D,METER_DATA,GEN_DUID,1,"2016/06/19 19:25:00",GERMCRK,38.599998,"2016/06/19 19:20:05"
D,METER_DATA,GEN_DUID,1,"2016/06/19 19:25:00",INVICTA,36.950001,"2016/06/19 19:20:05"
D,METER_DATA,GEN_DUID,1,"2016/06/19 19:25:00",LKBONNY1,4.018921,"2016/06/19 19:20:05"
D,METER_DATA,GEN_DUID,1,"2016/06/19 19:25:00",MBAHNTH,58.406254,"2016/06/19 19:20:05"
D,METER_DATA,GEN_DUID,1,"2016/06/19 19:25:00",MEADOWB2,0,"2016/06/19 19:20:05"
D,METER_DATA,GEN_DUID,1,"2016/06/19 19:25:00",MLWF1,4.14,"2016/06/19 19:20:05"
D,METER_DATA,GEN_DUID,1,"2016/06/19 19:25:00",MTMILLAR,3.534623,"2016/06/19 19:20:05"
D,METER_DATA,GEN_DUID,1,"2016/06/19 19:25:00",PALOONA,23.529999,"2016/06/19 19:20:05"
D,METER_DATA,GEN_DUID,1,"2016/06/19 19:25:00",PORTLAT1,0,"2016/06/19 19:20:05"
D,METER_DATA,GEN_DUID,1,"2016/06/19 19:25:00",PORTWF,32.400002,"2016/06/19 19:20:05"
D,METER_DATA,GEN_DUID,1,"2016/06/19 19:25:00",QUERIVE1,-0.11,"2016/06/19 19:20:05"
D,METER_DATA,GEN_DUID,1,"2016/06/19 19:25:00",REPULSE,26.772274,"2016/06/19 19:20:05"
D,METER_DATA,GEN_DUID,1,"2016/06/19 19:25:00",ROWALLAN,10.0891,"2016/06/19 19:20:05"
D,METER_DATA,GEN_DUID,1,"2016/06/19 19:25:00",ROYALLA1,0,"2016/06/19 19:20:05"
D,METER_DATA,GEN_DUID,1,"2016/06/19 19:25:00",RPCG,-0.20,"2016/06/19 19:20:05"
D,METER_DATA,GEN_DUID,1,"2016/06/19 19:25:00",RUBICON,0,"2016/06/19 19:20:05"
D,METER_DATA,GEN_DUID,1,"2016/06/19 19:25:00",STARHLWF,3.498980,"2016/06/19 19:20:05"
D,METER_DATA,GEN_DUID,1,"2016/06/19 19:25:00",WAUBRAWF,98.441002,"2016/06/19 19:20:05"
D,METER_DATA,GEN_DUID,1,"2016/06/19 19:25:00",WOOLNTH1,29.740015,"2016/06/19 19:20:05"
D,METER_DATA,GEN_DUID,1,"2016/06/19 19:25:00",WPWF,1,"2016/06/19 19:20:05"
D,METER_DATA,GEN_DUID,1,"2016/06/19 19:25:00",YAMBUKWF,1.30,"2016/06/19 19:20:05"
D,METER_DATA,GEN_DUID,1,"2016/06/19 19:30:00",BBDISEL1,0,"2016/06/19 19:25:04"
D,METER_DATA,GEN_DUID,1,"2016/06/19 19:30:00",BUTLERSG,7.799998,"2016/06/19 19:25:04"
D,METER_DATA,GEN_DUID,1,"2016/06/19 19:30:00",CALL_A_4,0,"2016/06/19 19:25:04"
D,METER_DATA,GEN_DUID,1,"2016/06/19 19:30:00",CAPTL_WF,134.675995,"2016/06/19 19:25:04"
D,METER_DATA,GEN_DUID,1,"2016/06/19 19:30:00",CATAGUN1,0,"2016/06/19 19:25:04"
D,METER_DATA,GEN_DUID,1,"2016/06/19 19:30:00",CATHROCK,0,"2016/06/19 19:25:04"
D,METER_DATA,GEN_DUID,1,"2016/06/19 19:30:00",CHALLHWF,6.90,"2016/06/19 19:25:04"
D,METER_DATA,GEN_DUID,1,"2016/06/19 19:30:00",CLOVER,25.01,"2016/06/19 19:25:04"
D,METER_DATA,GEN_DUID,1,"2016/06/19 19:30:00",CLUNY,15.590390,"2016/06/19 19:25:04"
D,METER_DATA,GEN_DUID,1,"2016/06/19 19:30:00",CNUNDAWF,7.108293,"2016/06/19 19:25:04"
D,METER_DATA,GEN_DUID,1,"2016/06/19 19:30:00",CULLRGWF,27.040001,"2016/06/19 19:25:04"
D,METER_DATA,GEN_DUID,1,"2016/06/19 19:30:00",ERGT01,0,"2016/06/19 19:25:04"
D,METER_DATA,GEN_DUID,1,"2016/06/19 19:30:00",GB01,0.141178,"2016/06/19 19:25:04"
D,METER_DATA,GEN_DUID,1,"2016/06/19 19:30:00",GEORGTN1,0,"2016/06/19 19:25:04"
D,METER_DATA,GEN_DUID,1,"2016/06/19 19:30:00",GEORGTN2,0,"2016/06/19 19:25:04"
D,METER_DATA,GEN_DUID,1,"2016/06/19 19:30:00",GERMCRK,39.099998,"2016/06/19 19:25:04"
D,METER_DATA,GEN_DUID,1,"2016/06/19 19:30:00",INVICTA,37.975002,"2016/06/19 19:25:04"
D,METER_DATA,GEN_DUID,1,"2016/06/19 19:30:00",LKBONNY1,3.929612,"2016/06/19 19:25:04"
D,METER_DATA,GEN_DUID,1,"2016/06/19 19:30:00",MBAHNTH,58.406254,"2016/06/19 19:25:04"
D,METER_DATA,GEN_DUID,1,"2016/06/19 19:30:00",MEADOWB2,0,"2016/06/19 19:25:04"
D,METER_DATA,GEN_DUID,1,"2016/06/19 19:30:00",MLWF1,3.42,"2016/06/19 19:25:04"
D,METER_DATA,GEN_DUID,1,"2016/06/19 19:30:00",MTMILLAR,3.050938,"2016/06/19 19:25:04"
D,METER_DATA,GEN_DUID,1,"2016/06/19 19:30:00",PALOONA,23.529999,"2016/06/19 19:25:04"
D,METER_DATA,GEN_DUID,1,"2016/06/19 19:30:00",PORTLAT1,0,"2016/06/19 19:25:04"
D,METER_DATA,GEN_DUID,1,"2016/06/19 19:30:00",PORTWF,34.599998,"2016/06/19 19:25:04"
D,METER_DATA,GEN_DUID,1,"2016/06/19 19:30:00",QUERIVE1,-0.11,"2016/06/19 19:25:04"
D,METER_DATA,GEN_DUID,1,"2016/06/19 19:30:00",REPULSE,28.811159,"2016/06/19 19:25:04"
D,METER_DATA,GEN_DUID,1,"2016/06/19 19:30:00",ROWALLAN,10.2311,"2016/06/19 19:25:04"
D,METER_DATA,GEN_DUID,1,"2016/06/19 19:30:00",ROYALLA1,0,"2016/06/19 19:25:04"
D,METER_DATA,GEN_DUID,1,"2016/06/19 19:30:00",RPCG,-0.20,"2016/06/19 19:25:04"
D,METER_DATA,GEN_DUID,1,"2016/06/19 19:30:00",RUBICON,0,"2016/06/19 19:25:04"
D,METER_DATA,GEN_DUID,1,"2016/06/19 19:30:00",STARHLWF,3.099096,"2016/06/19 19:25:04"
D,METER_DATA,GEN_DUID,1,"2016/06/19 19:30:00",WAUBRAWF,97.530998,"2016/06/19 19:25:04"
D,METER_DATA,GEN_DUID,1,"2016/06/19 19:30:00",WOOLNTH1,30.400015,"2016/06/19 19:25:04"
D,METER_DATA,GEN_DUID,1,"2016/06/19 19:30:00",WPWF,0,"2016/06/19 19:25:04"
D,METER_DATA,GEN_DUID,1,"2016/06/19 19:30:00",YAMBUKWF,1.60,"2016/06/19 19:25:04"
D,METER_DATA,GEN_DUID,1,"2016/06/19 19:35:00",BBDISEL1,0,"2016/06/19 19:30:05"
D,METER_DATA,GEN_DUID,1,"2016/06/19 19:35:00",BUTLERSG,7.799998,"2016/06/19 19:30:05"
D,METER_DATA,GEN_DUID,1,"2016/06/19 19:35:00",CALL_A_4,0,"2016/06/19 19:30:05"
D,METER_DATA,GEN_DUID,1,"2016/06/19 19:35:00",CAPTL_WF,136.312012,"2016/06/19 19:30:05"
D,METER_DATA,GEN_DUID,1,"2016/06/19 19:35:00",CATAGUN1,0,"2016/06/19 19:30:05"
D,METER_DATA,GEN_DUID,1,"2016/06/19 19:35:00",CATHROCK,0,"2016/06/19 19:30:05"
D,METER_DATA,GEN_DUID,1,"2016/06/19 19:35:00",CHALLHWF,7.10,"2016/06/19 19:30:05"
D,METER_DATA,GEN_DUID,1,"2016/06/19 19:35:00",CLOVER,24.469999,"2016/06/19 19:30:05"
D,METER_DATA,GEN_DUID,1,"2016/06/19 19:35:00",CLUNY,13.789850,"2016/06/19 19:30:05"
D,METER_DATA,GEN_DUID,1,"2016/06/19 19:35:00",CNUNDAWF,5.506423,"2016/06/19 19:30:05"
D,METER_DATA,GEN_DUID,1,"2016/06/19 19:35:00",CULLRGWF,27.40,"2016/06/19 19:30:05"
D,METER_DATA,GEN_DUID,1,"2016/06/19 19:35:00",ERGT01,0,"2016/06/19 19:30:05"
D,METER_DATA,GEN_DUID,1,"2016/06/19 19:35:00",GB01,0.141178,"2016/06/19 19:30:05"
D,METER_DATA,GEN_DUID,1,"2016/06/19 19:35:00",GEORGTN1,0,"2016/06/19 19:30:05"
D,METER_DATA,GEN_DUID,1,"2016/06/19 19:35:00",GEORGTN2,0,"2016/06/19 19:30:05"
D,METER_DATA,GEN_DUID,1,"2016/06/19 19:35:00",GERMCRK,39.200001,"2016/06/19 19:30:05"
D,METER_DATA,GEN_DUID,1,"2016/06/19 19:35:00",INVICTA,37.975002,"2016/06/19 19:30:05"
D,METER_DATA,GEN_DUID,1,"2016/06/19 19:35:00",LKBONNY1,3.304446,"2016/06/19 19:30:05"
D,METER_DATA,GEN_DUID,1,"2016/06/19 19:35:00",MBAHNTH,58.406254,"2016/06/19 19:30:05"
D,METER_DATA,GEN_DUID,1,"2016/06/19 19:35:00",MEADOWB2,0,"2016/06/19 19:30:05"
D,METER_DATA,GEN_DUID,1,"2016/06/19 19:35:00",MLWF1,3,"2016/06/19 19:30:05"
D,METER_DATA,GEN_DUID,1,"2016/06/19 19:35:00",MTMILLAR,2.604459,"2016/06/19 19:30:05"
D,METER_DATA,GEN_DUID,1,"2016/06/19 19:35:00",PALOONA,23.529999,"2016/06/19 19:30:05"
D,METER_DATA,GEN_DUID,1,"2016/06/19 19:35:00",PORTLAT1,0,"2016/06/19 19:30:05"
D,METER_DATA,GEN_DUID,1,"2016/06/19 19:35:00",PORTWF,35.099998,"2016/06/19 19:30:05"
D,METER_DATA,GEN_DUID,1,"2016/06/19 19:35:00",QUERIVE1,-0.12,"2016/06/19 19:30:05"
D,METER_DATA,GEN_DUID,1,"2016/06/19 19:35:00",REPULSE,27.362980,"2016/06/19 19:30:05"
D,METER_DATA,GEN_DUID,1,"2016/06/19 19:35:00",ROWALLAN,10.1814,"2016/06/19 19:30:05"
D,METER_DATA,GEN_DUID,1,"2016/06/19 19:35:00",ROYALLA1,0,"2016/06/19 19:30:05"
D,METER_DATA,GEN_DUID,1,"2016/06/19 19:35:00",RPCG,-0.20,"2016/06/19 19:30:05"
D,METER_DATA,GEN_DUID,1,"2016/06/19 19:35:00",RUBICON,0,"2016/06/19 19:30:05"
D,METER_DATA,GEN_DUID,1,"2016/06/19 19:35:00",STARHLWF,2.699213,"2016/06/19 19:30:05"
D,METER_DATA,GEN_DUID,1,"2016/06/19 19:35:00",WAUBRAWF,99.032997,"2016/06/19 19:30:05"
D,METER_DATA,GEN_DUID,1,"2016/06/19 19:35:00",WOOLNTH1,31.660015,"2016/06/19 19:30:05"
D,METER_DATA,GEN_DUID,1,"2016/06/19 19:35:00",WPWF,0,"2016/06/19 19:30:05"
D,METER_DATA,GEN_DUID,1,"2016/06/19 19:35:00",YAMBUKWF,1.60,"2016/06/19 19:30:05"
D,METER_DATA,GEN_DUID,1,"2016/06/19 19:40:00",BBDISEL1,0,"2016/06/19 19:35:05"
D,METER_DATA,GEN_DUID,1,"2016/06/19 19:40:00",BUTLERSG,7.799998,"2016/06/19 19:35:05"
D,METER_DATA,GEN_DUID,1,"2016/06/19 19:40:00",CALL_A_4,0,"2016/06/19 19:35:05"
D,METER_DATA,GEN_DUID,1,"2016/06/19 19:40:00",CAPTL_WF,136.511993,"2016/06/19 19:35:05"
D,METER_DATA,GEN_DUID,1,"2016/06/19 19:40:00",CATAGUN1,0,"2016/06/19 19:35:05"
D,METER_DATA,GEN_DUID,1,"2016/06/19 19:40:00",CATHROCK,1.83,"2016/06/19 19:35:05"
D,METER_DATA,GEN_DUID,1,"2016/06/19 19:40:00",CHALLHWF,5.80,"2016/06/19 19:35:05"
D,METER_DATA,GEN_DUID,1,"2016/06/19 19:40:00",CLOVER,25.110001,"2016/06/19 19:35:05"
D,METER_DATA,GEN_DUID,1,"2016/06/19 19:40:00",CLUNY,14.933050,"2016/06/19 19:35:05"
D,METER_DATA,GEN_DUID,1,"2016/06/19 19:40:00",CNUNDAWF,5.105956,"2016/06/19 19:35:05"
D,METER_DATA,GEN_DUID,1,"2016/06/19 19:40:00",CULLRGWF,27.23,"2016/06/19 19:35:05"
D,METER_DATA,GEN_DUID,1,"2016/06/19 19:40:00",ERGT01,0,"2016/06/19 19:35:05"
D,METER_DATA,GEN_DUID,1,"2016/06/19 19:40:00",GB01,0.141964,"2016/06/19 19:35:05"
D,METER_DATA,GEN_DUID,1,"2016/06/19 19:40:00",GEORGTN1,0,"2016/06/19 19:35:05"
D,METER_DATA,GEN_DUID,1,"2016/06/19 19:40:00",GEORGTN2,0,"2016/06/19 19:35:05"
D,METER_DATA,GEN_DUID,1,"2016/06/19 19:40:00",GERMCRK,39,"2016/06/19 19:35:05"
D,METER_DATA,GEN_DUID,1,"2016/06/19 19:40:00",INVICTA,37.975002,"2016/06/19 19:35:05"
D,METER_DATA,GEN_DUID,1,"2016/06/19 19:40:00",LKBONNY1,2.054115,"2016/06/19 19:35:05"
D,METER_DATA,GEN_DUID,1,"2016/06/19 19:40:00",MBAHNTH,58.406254,"2016/06/19 19:35:05"
D,METER_DATA,GEN_DUID,1,"2016/06/19 19:40:00",MEADOWB2,0,"2016/06/19 19:35:05"
D,METER_DATA,GEN_DUID,1,"2016/06/19 19:40:00",MLWF1,2.58,"2016/06/19 19:35:05"
D,METER_DATA,GEN_DUID,1,"2016/06/19 19:40:00",MTMILLAR,2.768168,"2016/06/19 19:35:05"
D,METER_DATA,GEN_DUID,1,"2016/06/19 19:40:00",PALOONA,23.41,"2016/06/19 19:35:05"
D,METER_DATA,GEN_DUID,1,"2016/06/19 19:40:00",PORTLAT1,0,"2016/06/19 19:35:05"
D,METER_DATA,GEN_DUID,1,"2016/06/19 19:40:00",PORTWF,35.599998,"2016/06/19 19:35:05"
D,METER_DATA,GEN_DUID,1,"2016/06/19 19:40:00",QUERIVE1,-0.12,"2016/06/19 19:35:05"
D,METER_DATA,GEN_DUID,1,"2016/06/19 19:40:00",REPULSE,28.582499,"2016/06/19 19:35:05"
D,METER_DATA,GEN_DUID,1,"2016/06/19 19:40:00",ROWALLAN,10.3305,"2016/06/19 19:35:05"
D,METER_DATA,GEN_DUID,1,"2016/06/19 19:40:00",ROYALLA1,0,"2016/06/19 19:35:05"
D,METER_DATA,GEN_DUID,1,"2016/06/19 19:40:00",RPCG,-0.20,"2016/06/19 19:35:05"
D,METER_DATA,GEN_DUID,1,"2016/06/19 19:40:00",RUBICON,0,"2016/06/19 19:35:05"
D,METER_DATA,GEN_DUID,1,"2016/06/19 19:40:00",STARHLWF,2.799184,"2016/06/19 19:35:05"
D,METER_DATA,GEN_DUID,1,"2016/06/19 19:40:00",WAUBRAWF,105.391998,"2016/06/19 19:35:05"
D,METER_DATA,GEN_DUID,1,"2016/06/19 19:40:00",WOOLNTH1,30.880016,"2016/06/19 19:35:05"
D,METER_DATA,GEN_DUID,1,"2016/06/19 19:40:00",WPWF,0,"2016/06/19 19:35:05"
D,METER_DATA,GEN_DUID,1,"2016/06/19 19:40:00",YAMBUKWF,2.10,"2016/06/19 19:35:05"
D,METER_DATA,GEN_DUID,1,"2016/06/19 19:45:00",BBDISEL1,0,"2016/06/19 19:40:05"
D,METER_DATA,GEN_DUID,1,"2016/06/19 19:45:00",BUTLERSG,7.799998,"2016/06/19 19:40:05"
D,METER_DATA,GEN_DUID,1,"2016/06/19 19:45:00",CALL_A_4,0,"2016/06/19 19:40:05"
D,METER_DATA,GEN_DUID,1,"2016/06/19 19:45:00",CAPTL_WF,133.559998,"2016/06/19 19:40:05"
D,METER_DATA,GEN_DUID,1,"2016/06/19 19:45:00",CATAGUN1,0,"2016/06/19 19:40:05"
D,METER_DATA,GEN_DUID,1,"2016/06/19 19:45:00",CATHROCK,0,"2016/06/19 19:40:05"
D,METER_DATA,GEN_DUID,1,"2016/06/19 19:45:00",CHALLHWF,6.60,"2016/06/19 19:40:05"
D,METER_DATA,GEN_DUID,1,"2016/06/19 19:45:00",CLOVER,25.049999,"2016/06/19 19:40:05"
D,METER_DATA,GEN_DUID,1,"2016/06/19 19:45:00",CLUNY,15.333170,"2016/06/19 19:40:05"
D,METER_DATA,GEN_DUID,1,"2016/06/19 19:45:00",CNUNDAWF,4.705489,"2016/06/19 19:40:05"
D,METER_DATA,GEN_DUID,1,"2016/06/19 19:45:00",CULLRGWF,27.360001,"2016/06/19 19:40:05"
D,METER_DATA,GEN_DUID,1,"2016/06/19 19:45:00",ERGT01,0,"2016/06/19 19:40:05"
D,METER_DATA,GEN_DUID,1,"2016/06/19 19:45:00",GB01,0.141964,"2016/06/19 19:40:05"
D,METER_DATA,GEN_DUID,1,"2016/06/19 19:45:00",GEORGTN1,0,"2016/06/19 19:40:05"
D,METER_DATA,GEN_DUID,1,"2016/06/19 19:45:00",GEORGTN2,0,"2016/06/19 19:40:05"
D,METER_DATA,GEN_DUID,1,"2016/06/19 19:45:00",GERMCRK,38.900002,"2016/06/19 19:40:05"
D,METER_DATA,GEN_DUID,1,"2016/06/19 19:45:00",INVICTA,36.924999,"2016/06/19 19:40:05"
D,METER_DATA,GEN_DUID,1,"2016/06/19 19:45:00",LKBONNY1,3.125828,"2016/06/19 19:40:05"
D,METER_DATA,GEN_DUID,1,"2016/06/19 19:45:00",MBAHNTH,59.756252,"2016/06/19 19:40:05"
D,METER_DATA,GEN_DUID,1,"2016/06/19 19:45:00",MEADOWB2,0,"2016/06/19 19:40:05"
D,METER_DATA,GEN_DUID,1,"2016/06/19 19:45:00",MLWF1,3.1950,"2016/06/19 19:40:05"
D,METER_DATA,GEN_DUID,1,"2016/06/19 19:45:00",MTMILLAR,3.103027,"2016/06/19 19:40:05"
D,METER_DATA,GEN_DUID,1,"2016/06/19 19:45:00",PALOONA,23.449999,"2016/06/19 19:40:05"
D,METER_DATA,GEN_DUID,1,"2016/06/19 19:45:00",PORTLAT1,0,"2016/06/19 19:40:05"
D,METER_DATA,GEN_DUID,1,"2016/06/19 19:45:00",PORTWF,33.200001,"2016/06/19 19:40:05"
D,METER_DATA,GEN_DUID,1,"2016/06/19 19:45:00",QUERIVE1,-0.12,"2016/06/19 19:40:05"
D,METER_DATA,GEN_DUID,1,"2016/06/19 19:45:00",REPULSE,28.506279,"2016/06/19 19:40:05"
D,METER_DATA,GEN_DUID,1,"2016/06/19 19:45:00",ROWALLAN,10.3021,"2016/06/19 19:40:05"
D,METER_DATA,GEN_DUID,1,"2016/06/19 19:45:00",ROYALLA1,0,"2016/06/19 19:40:05"
D,METER_DATA,GEN_DUID,1,"2016/06/19 19:45:00",RPCG,-0.20,"2016/06/19 19:40:05"
D,METER_DATA,GEN_DUID,1,"2016/06/19 19:45:00",RUBICON,0,"2016/06/19 19:40:05"
D,METER_DATA,GEN_DUID,1,"2016/06/19 19:45:00",STARHLWF,2.3993,"2016/06/19 19:40:05"
D,METER_DATA,GEN_DUID,1,"2016/06/19 19:45:00",WAUBRAWF,102.966003,"2016/06/19 19:40:05"
D,METER_DATA,GEN_DUID,1,"2016/06/19 19:45:00",WOOLNTH1,31.860016,"2016/06/19 19:40:05"
D,METER_DATA,GEN_DUID,1,"2016/06/19 19:45:00",WPWF,0,"2016/06/19 19:40:05"
D,METER_DATA,GEN_DUID,1,"2016/06/19 19:45:00",YAMBUKWF,2.10,"2016/06/19 19:40:05"
D,METER_DATA,GEN_DUID,1,"2016/06/19 19:50:00",BBDISEL1,0,"2016/06/19 19:45:05"
D,METER_DATA,GEN_DUID,1,"2016/06/19 19:50:00",BUTLERSG,7.799998,"2016/06/19 19:45:05"
D,METER_DATA,GEN_DUID,1,"2016/06/19 19:50:00",CALL_A_4,0,"2016/06/19 19:45:05"
D,METER_DATA,GEN_DUID,1,"2016/06/19 19:50:00",CAPTL_WF,131.600006,"2016/06/19 19:45:05"
D,METER_DATA,GEN_DUID,1,"2016/06/19 19:50:00",CATAGUN1,0,"2016/06/19 19:45:05"
D,METER_DATA,GEN_DUID,1,"2016/06/19 19:50:00",CATHROCK,0,"2016/06/19 19:45:05"
D,METER_DATA,GEN_DUID,1,"2016/06/19 19:50:00",CHALLHWF,6.30,"2016/06/19 19:45:05"
D,METER_DATA,GEN_DUID,1,"2016/06/19 19:50:00",CLOVER,24.139999,"2016/06/19 19:45:05"
D,METER_DATA,GEN_DUID,1,"2016/06/19 19:50:00",CLUNY,14.418611,"2016/06/19 19:45:05"
D,METER_DATA,GEN_DUID,1,"2016/06/19 19:50:00",CNUNDAWF,4.805606,"2016/06/19 19:45:05"
D,METER_DATA,GEN_DUID,1,"2016/06/19 19:50:00",CULLRGWF,27.219999,"2016/06/19 19:45:05"
D,METER_DATA,GEN_DUID,1,"2016/06/19 19:50:00",ERGT01,0,"2016/06/19 19:45:05"
D,METER_DATA,GEN_DUID,1,"2016/06/19 19:50:00",GB01,0.141964,"2016/06/19 19:45:05"
D,METER_DATA,GEN_DUID,1,"2016/06/19 19:50:00",GEORGTN1,0,"2016/06/19 19:45:05"
D,METER_DATA,GEN_DUID,1,"2016/06/19 19:50:00",GEORGTN2,0,"2016/06/19 19:45:05"
D,METER_DATA,GEN_DUID,1,"2016/06/19 19:50:00",GERMCRK,38.799999,"2016/06/19 19:45:05"
D,METER_DATA,GEN_DUID,1,"2016/06/19 19:50:00",INVICTA,36.924999,"2016/06/19 19:45:05"
D,METER_DATA,GEN_DUID,1,"2016/06/19 19:50:00",LKBONNY1,2.589972,"2016/06/19 19:45:05"
D,METER_DATA,GEN_DUID,1,"2016/06/19 19:50:00",MBAHNTH,59.756252,"2016/06/19 19:45:05"
D,METER_DATA,GEN_DUID,1,"2016/06/19 19:50:00",MEADOWB2,0,"2016/06/19 19:45:05"
D,METER_DATA,GEN_DUID,1,"2016/06/19 19:50:00",MLWF1,2.9550,"2016/06/19 19:45:05"
D,METER_DATA,GEN_DUID,1,"2016/06/19 19:50:00",MTMILLAR,3.653684,"2016/06/19 19:45:05"
D,METER_DATA,GEN_DUID,1,"2016/06/19 19:50:00",PALOONA,23.559999,"2016/06/19 19:45:05"
D,METER_DATA,GEN_DUID,1,"2016/06/19 19:50:00",PORTLAT1,0,"2016/06/19 19:45:05"
D,METER_DATA,GEN_DUID,1,"2016/06/19 19:50:00",PORTWF,30.90,"2016/06/19 19:45:05"
D,METER_DATA,GEN_DUID,1,"2016/06/19 19:50:00",QUERIVE1,-0.11,"2016/06/19 19:45:05"
D,METER_DATA,GEN_DUID,1,"2016/06/19 19:50:00",REPULSE,28.106125,"2016/06/19 19:45:05"
D,METER_DATA,GEN_DUID,1,"2016/06/19 19:50:00",ROWALLAN,10.0110,"2016/06/19 19:45:05"
D,METER_DATA,GEN_DUID,1,"2016/06/19 19:50:00",ROYALLA1,0,"2016/06/19 19:45:05"
D,METER_DATA,GEN_DUID,1,"2016/06/19 19:50:00",RPCG,-0.20,"2016/06/19 19:45:05"
D,METER_DATA,GEN_DUID,1,"2016/06/19 19:50:00",RUBICON,0,"2016/06/19 19:45:05"
D,METER_DATA,GEN_DUID,1,"2016/06/19 19:50:00",STARHLWF,2.099388,"2016/06/19 19:45:05"
D,METER_DATA,GEN_DUID,1,"2016/06/19 19:50:00",WAUBRAWF,99.570999,"2016/06/19 19:45:05"
D,METER_DATA,GEN_DUID,1,"2016/06/19 19:50:00",WOOLNTH1,32.730015,"2016/06/19 19:45:05"
D,METER_DATA,GEN_DUID,1,"2016/06/19 19:50:00",WPWF,0,"2016/06/19 19:45:05"
D,METER_DATA,GEN_DUID,1,"2016/06/19 19:50:00",YAMBUKWF,2.50,"2016/06/19 19:45:05"
D,METER_DATA,GEN_DUID,1,"2016/06/19 19:55:00",BBDISEL1,0,"2016/06/19 19:50:04"
D,METER_DATA,GEN_DUID,1,"2016/06/19 19:55:00",BUTLERSG,7.799998,"2016/06/19 19:50:04"
D,METER_DATA,GEN_DUID,1,"2016/06/19 19:55:00",CALL_A_4,0,"2016/06/19 19:50:04"
D,METER_DATA,GEN_DUID,1,"2016/06/19 19:55:00",CAPTL_WF,131.067993,"2016/06/19 19:50:04"
D,METER_DATA,GEN_DUID,1,"2016/06/19 19:55:00",CATAGUN1,0,"2016/06/19 19:50:04"
D,METER_DATA,GEN_DUID,1,"2016/06/19 19:55:00",CATHROCK,0,"2016/06/19 19:50:04"
D,METER_DATA,GEN_DUID,1,"2016/06/19 19:55:00",CHALLHWF,6.20,"2016/06/19 19:50:04"
D,METER_DATA,GEN_DUID,1,"2016/06/19 19:55:00",CLOVER,20.630001,"2016/06/19 19:50:04"
D,METER_DATA,GEN_DUID,1,"2016/06/19 19:55:00",CLUNY,14.618670,"2016/06/19 19:50:04"
D,METER_DATA,GEN_DUID,1,"2016/06/19 19:55:00",CNUNDAWF,5.506423,"2016/06/19 19:50:04"
D,METER_DATA,GEN_DUID,1,"2016/06/19 19:55:00",CULLRGWF,27.33,"2016/06/19 19:50:04"
D,METER_DATA,GEN_DUID,1,"2016/06/19 19:55:00",ERGT01,0,"2016/06/19 19:50:04"
D,METER_DATA,GEN_DUID,1,"2016/06/19 19:55:00",GB01,0.141964,"2016/06/19 19:50:04"
D,METER_DATA,GEN_DUID,1,"2016/06/19 19:55:00",GEORGTN1,0,"2016/06/19 19:50:04"
D,METER_DATA,GEN_DUID,1,"2016/06/19 19:55:00",GEORGTN2,0,"2016/06/19 19:50:04"
D,METER_DATA,GEN_DUID,1,"2016/06/19 19:55:00",GERMCRK,39.200001,"2016/06/19 19:50:04"
D,METER_DATA,GEN_DUID,1,"2016/06/19 19:55:00",INVICTA,36.924999,"2016/06/19 19:50:04"
D,METER_DATA,GEN_DUID,1,"2016/06/19 19:55:00",LKBONNY1,2.143425,"2016/06/19 19:50:04"
D,METER_DATA,GEN_DUID,1,"2016/06/19 19:55:00",MBAHNTH,59.756252,"2016/06/19 19:50:04"
D,METER_DATA,GEN_DUID,1,"2016/06/19 19:55:00",MEADOWB2,0,"2016/06/19 19:50:04"
D,METER_DATA,GEN_DUID,1,"2016/06/19 19:55:00",MLWF1,2.7750,"2016/06/19 19:50:04"
D,METER_DATA,GEN_DUID,1,"2016/06/19 19:55:00",MTMILLAR,2.961642,"2016/06/19 19:50:04"
D,METER_DATA,GEN_DUID,1,"2016/06/19 19:55:00",PALOONA,23.559999,"2016/06/19 19:50:04"
D,METER_DATA,GEN_DUID,1,"2016/06/19 19:55:00",PORTLAT1,0,"2016/06/19 19:50:04"
D,METER_DATA,GEN_DUID,1,"2016/06/19 19:55:00",PORTWF,28.60,"2016/06/19 19:50:04"
D,METER_DATA,GEN_DUID,1,"2016/06/19 19:55:00",QUERIVE1,-0.12,"2016/06/19 19:50:04"
D,METER_DATA,GEN_DUID,1,"2016/06/19 19:55:00",REPULSE,26.848494,"2016/06/19 19:50:04"
D,METER_DATA,GEN_DUID,1,"2016/06/19 19:55:00",ROWALLAN,10.2808,"2016/06/19 19:50:04"
D,METER_DATA,GEN_DUID,1,"2016/06/19 19:55:00",ROYALLA1,0,"2016/06/19 19:50:04"
D,METER_DATA,GEN_DUID,1,"2016/06/19 19:55:00",RPCG,-0.20,"2016/06/19 19:50:04"
D,METER_DATA,GEN_DUID,1,"2016/06/19 19:55:00",RUBICON,0,"2016/06/19 19:50:04"
D,METER_DATA,GEN_DUID,1,"2016/06/19 19:55:00",STARHLWF,2.099388,"2016/06/19 19:50:04"
D,METER_DATA,GEN_DUID,1,"2016/06/19 19:55:00",WAUBRAWF,105.889999,"2016/06/19 19:50:04"
D,METER_DATA,GEN_DUID,1,"2016/06/19 19:55:00",WOOLNTH1,33.550018,"2016/06/19 19:50:04"
D,METER_DATA,GEN_DUID,1,"2016/06/19 19:55:00",WPWF,0,"2016/06/19 19:50:04"
D,METER_DATA,GEN_DUID,1,"2016/06/19 19:55:00",YAMBUKWF,3.10,"2016/06/19 19:50:04"
D,METER_DATA,GEN_DUID,1,"2016/06/19 20:00:00",BBDISEL1,0,"2016/06/19 19:55:04"
D,METER_DATA,GEN_DUID,1,"2016/06/19 20:00:00",BUTLERSG,7.799998,"2016/06/19 19:55:04"
D,METER_DATA,GEN_DUID,1,"2016/06/19 20:00:00",CALL_A_4,0,"2016/06/19 19:55:04"
D,METER_DATA,GEN_DUID,1,"2016/06/19 20:00:00",CAPTL_WF,133.100006,"2016/06/19 19:55:04"
D,METER_DATA,GEN_DUID,1,"2016/06/19 20:00:00",CATAGUN1,0,"2016/06/19 19:55:04"
D,METER_DATA,GEN_DUID,1,"2016/06/19 20:00:00",CATHROCK,0,"2016/06/19 19:55:04"
D,METER_DATA,GEN_DUID,1,"2016/06/19 20:00:00",CHALLHWF,6.40,"2016/06/19 19:55:04"
D,METER_DATA,GEN_DUID,1,"2016/06/19 20:00:00",CLOVER,20.720001,"2016/06/19 19:55:04"
D,METER_DATA,GEN_DUID,1,"2016/06/19 20:00:00",CLUNY,14.590091,"2016/06/19 19:55:04"
D,METER_DATA,GEN_DUID,1,"2016/06/19 20:00:00",CNUNDAWF,5.906891,"2016/06/19 19:55:04"
D,METER_DATA,GEN_DUID,1,"2016/06/19 20:00:00",CULLRGWF,27.360001,"2016/06/19 19:55:04"
D,METER_DATA,GEN_DUID,1,"2016/06/19 20:00:00",ERGT01,0,"2016/06/19 19:55:04"
D,METER_DATA,GEN_DUID,1,"2016/06/19 20:00:00",GB01,0.141964,"2016/06/19 19:55:04"
D,METER_DATA,GEN_DUID,1,"2016/06/19 20:00:00",GEORGTN1,0,"2016/06/19 19:55:04"
D,METER_DATA,GEN_DUID,1,"2016/06/19 20:00:00",GEORGTN2,0,"2016/06/19 19:55:04"
D,METER_DATA,GEN_DUID,1,"2016/06/19 20:00:00",GERMCRK,38.599998,"2016/06/19 19:55:04"
D,METER_DATA,GEN_DUID,1,"2016/06/19 20:00:00",INVICTA,36.924999,"2016/06/19 19:55:04"
D,METER_DATA,GEN_DUID,1,"2016/06/19 20:00:00",LKBONNY1,2.322043,"2016/06/19 19:55:04"
D,METER_DATA,GEN_DUID,1,"2016/06/19 20:00:00",MBAHNTH,59.756252,"2016/06/19 19:55:04"
D,METER_DATA,GEN_DUID,1,"2016/06/19 20:00:00",MEADOWB2,0,"2016/06/19 19:55:04"
D,METER_DATA,GEN_DUID,1,"2016/06/19 20:00:00",MLWF1,2.3550,"2016/06/19 19:55:04"
D,METER_DATA,GEN_DUID,1,"2016/06/19 20:00:00",MTMILLAR,4.100163,"2016/06/19 19:55:04"
D,METER_DATA,GEN_DUID,1,"2016/06/19 20:00:00",PALOONA,23.559999,"2016/06/19 19:55:04"
D,METER_DATA,GEN_DUID,1,"2016/06/19 20:00:00",PORTLAT1,0,"2016/06/19 19:55:04"
D,METER_DATA,GEN_DUID,1,"2016/06/19 20:00:00",PORTWF,32.900002,"2016/06/19 19:55:04"
D,METER_DATA,GEN_DUID,1,"2016/06/19 20:00:00",QUERIVE1,-0.11,"2016/06/19 19:55:04"
D,METER_DATA,GEN_DUID,1,"2016/06/19 20:00:00",REPULSE,26.715109,"2016/06/19 19:55:04"
D,METER_DATA,GEN_DUID,1,"2016/06/19 20:00:00",ROWALLAN,10.0820,"2016/06/19 19:55:04"
D,METER_DATA,GEN_DUID,1,"2016/06/19 20:00:00",ROYALLA1,0,"2016/06/19 19:55:04"
D,METER_DATA,GEN_DUID,1,"2016/06/19 20:00:00",RPCG,-0.20,"2016/06/19 19:55:04"
D,METER_DATA,GEN_DUID,1,"2016/06/19 20:00:00",RUBICON,0,"2016/06/19 19:55:04"
D,METER_DATA,GEN_DUID,1,"2016/06/19 20:00:00",STARHLWF,2.499271,"2016/06/19 19:55:04"
D,METER_DATA,GEN_DUID,1,"2016/06/19 20:00:00",WAUBRAWF,105.218002,"2016/06/19 19:55:04"
D,METER_DATA,GEN_DUID,1,"2016/06/19 20:00:00",WOOLNTH1,35.070015,"2016/06/19 19:55:04"
D,METER_DATA,GEN_DUID,1,"2016/06/19 20:00:00",WPWF,0,"2016/06/19 19:55:04"
D,METER_DATA,GEN_DUID,1,"2016/06/19 20:00:00",YAMBUKWF,2.80,"2016/06/19 19:55:04"
D,METER_DATA,GEN_DUID,1,"2016/06/19 20:05:00",BBDISEL1,0,"2016/06/19 20:00:05"
D,METER_DATA,GEN_DUID,1,"2016/06/19 20:05:00",BUTLERSG,7.799998,"2016/06/19 20:00:05"
D,METER_DATA,GEN_DUID,1,"2016/06/19 20:05:00",CALL_A_4,0,"2016/06/19 20:00:05"
D,METER_DATA,GEN_DUID,1,"2016/06/19 20:05:00",CAPTL_WF,130.739990,"2016/06/19 20:00:05"
D,METER_DATA,GEN_DUID,1,"2016/06/19 20:05:00",CATAGUN1,0,"2016/06/19 20:00:05"
D,METER_DATA,GEN_DUID,1,"2016/06/19 20:05:00",CATHROCK,0,"2016/06/19 20:00:05"
D,METER_DATA,GEN_DUID,1,"2016/06/19 20:05:00",CHALLHWF,6.30,"2016/06/19 20:00:05"
D,METER_DATA,GEN_DUID,1,"2016/06/19 20:05:00",CLOVER,22.08,"2016/06/19 20:00:05"
D,METER_DATA,GEN_DUID,1,"2016/06/19 20:05:00",CLUNY,15.8619,"2016/06/19 20:00:05"
D,METER_DATA,GEN_DUID,1,"2016/06/19 20:05:00",CNUNDAWF,5.606540,"2016/06/19 20:00:05"
D,METER_DATA,GEN_DUID,1,"2016/06/19 20:05:00",CULLRGWF,27.309999,"2016/06/19 20:00:05"
D,METER_DATA,GEN_DUID,1,"2016/06/19 20:05:00",ERGT01,0,"2016/06/19 20:00:05"
D,METER_DATA,GEN_DUID,1,"2016/06/19 20:05:00",GB01,0.141964,"2016/06/19 20:00:05"
D,METER_DATA,GEN_DUID,1,"2016/06/19 20:05:00",GEORGTN1,0,"2016/06/19 20:00:05"
D,METER_DATA,GEN_DUID,1,"2016/06/19 20:05:00",GEORGTN2,0,"2016/06/19 20:00:05"
D,METER_DATA,GEN_DUID,1,"2016/06/19 20:05:00",GERMCRK,38.900002,"2016/06/19 20:00:05"
D,METER_DATA,GEN_DUID,1,"2016/06/19 20:05:00",INVICTA,38.1250,"2016/06/19 20:00:05"
D,METER_DATA,GEN_DUID,1,"2016/06/19 20:05:00",LKBONNY1,2.322043,"2016/06/19 20:00:05"
D,METER_DATA,GEN_DUID,1,"2016/06/19 20:05:00",MBAHNTH,59.756252,"2016/06/19 20:00:05"
D,METER_DATA,GEN_DUID,1,"2016/06/19 20:05:00",MEADOWB2,0,"2016/06/19 20:00:05"
D,METER_DATA,GEN_DUID,1,"2016/06/19 20:05:00",MLWF1,2.4750,"2016/06/19 20:00:05"
D,METER_DATA,GEN_DUID,1,"2016/06/19 20:05:00",MTMILLAR,4.122487,"2016/06/19 20:00:05"
D,METER_DATA,GEN_DUID,1,"2016/06/19 20:05:00",PALOONA,23.559999,"2016/06/19 20:00:05"
D,METER_DATA,GEN_DUID,1,"2016/06/19 20:05:00",PORTLAT1,0,"2016/06/19 20:00:05"
D,METER_DATA,GEN_DUID,1,"2016/06/19 20:05:00",PORTWF,36.50,"2016/06/19 20:00:05"
D,METER_DATA,GEN_DUID,1,"2016/06/19 20:05:00",QUERIVE1,-0.11,"2016/06/19 20:00:05"
D,METER_DATA,GEN_DUID,1,"2016/06/19 20:05:00",REPULSE,29.001709,"2016/06/19 20:00:05"
D,METER_DATA,GEN_DUID,1,"2016/06/19 20:05:00",ROWALLAN,10.2382,"2016/06/19 20:00:05"
D,METER_DATA,GEN_DUID,1,"2016/06/19 20:05:00",ROYALLA1,0,"2016/06/19 20:00:05"
D,METER_DATA,GEN_DUID,1,"2016/06/19 20:05:00",RPCG,-0.20,"2016/06/19 20:00:05"
D,METER_DATA,GEN_DUID,1,"2016/06/19 20:05:00",RUBICON,0,"2016/06/19 20:00:05"
D,METER_DATA,GEN_DUID,1,"2016/06/19 20:05:00",STARHLWF,2.599242,"2016/06/19 20:00:05"
D,METER_DATA,GEN_DUID,1,"2016/06/19 20:05:00",WAUBRAWF,107.693001,"2016/06/19 20:00:05"
D,METER_DATA,GEN_DUID,1,"2016/06/19 20:05:00",WOOLNTH1,34.400017,"2016/06/19 20:00:05"
D,METER_DATA,GEN_DUID,1,"2016/06/19 20:05:00",WPWF,2,"2016/06/19 20:00:05"
D,METER_DATA,GEN_DUID,1,"2016/06/19 20:05:00",YAMBUKWF,1.80,"2016/06/19 20:00:05"
D,METER_DATA,GEN_DUID,1,"2016/06/19 20:10:00",BBDISEL1,0,"2016/06/19 20:05:04"
D,METER_DATA,GEN_DUID,1,"2016/06/19 20:10:00",BUTLERSG,7.799998,"2016/06/19 20:05:04"
D,METER_DATA,GEN_DUID,1,"2016/06/19 20:10:00",CALL_A_4,0,"2016/06/19 20:05:04"
D,METER_DATA,GEN_DUID,1,"2016/06/19 20:10:00",CAPTL_WF,133.032013,"2016/06/19 20:05:04"
D,METER_DATA,GEN_DUID,1,"2016/06/19 20:10:00",CATAGUN1,0,"2016/06/19 20:05:04"
D,METER_DATA,GEN_DUID,1,"2016/06/19 20:10:00",CATHROCK,0,"2016/06/19 20:05:04"
D,METER_DATA,GEN_DUID,1,"2016/06/19 20:10:00",CHALLHWF,7.10,"2016/06/19 20:05:04"
D,METER_DATA,GEN_DUID,1,"2016/06/19 20:10:00",CLOVER,20.15,"2016/06/19 20:05:04"
D,METER_DATA,GEN_DUID,1,"2016/06/19 20:10:00",CLUNY,14.847310,"2016/06/19 20:05:04"
D,METER_DATA,GEN_DUID,1,"2016/06/19 20:10:00",CNUNDAWF,5.506423,"2016/06/19 20:05:04"
D,METER_DATA,GEN_DUID,1,"2016/06/19 20:10:00",CULLRGWF,27.200001,"2016/06/19 20:05:04"
D,METER_DATA,GEN_DUID,1,"2016/06/19 20:10:00",ERGT01,0,"2016/06/19 20:05:04"
D,METER_DATA,GEN_DUID,1,"2016/06/19 20:10:00",GB01,0.141964,"2016/06/19 20:05:04"
D,METER_DATA,GEN_DUID,1,"2016/06/19 20:10:00",GEORGTN1,0,"2016/06/19 20:05:04"
D,METER_DATA,GEN_DUID,1,"2016/06/19 20:10:00",GEORGTN2,0,"2016/06/19 20:05:04"
D,METER_DATA,GEN_DUID,1,"2016/06/19 20:10:00",GERMCRK,38.900002,"2016/06/19 20:05:04"
D,METER_DATA,GEN_DUID,1,"2016/06/19 20:10:00",INVICTA,38.1250,"2016/06/19 20:05:04"
D,METER_DATA,GEN_DUID,1,"2016/06/19 20:10:00",LKBONNY1,3.215137,"2016/06/19 20:05:04"
D,METER_DATA,GEN_DUID,1,"2016/06/19 20:10:00",MBAHNTH,59.756252,"2016/06/19 20:05:04"
D,METER_DATA,GEN_DUID,1,"2016/06/19 20:10:00",MEADOWB2,0,"2016/06/19 20:05:04"
D,METER_DATA,GEN_DUID,1,"2016/06/19 20:10:00",MLWF1,2.46,"2016/06/19 20:05:04"
D,METER_DATA,GEN_DUID,1,"2016/06/19 20:10:00",MTMILLAR,4.501994,"2016/06/19 20:05:04"
D,METER_DATA,GEN_DUID,1,"2016/06/19 20:10:00",PALOONA,23.43,"2016/06/19 20:05:04"
D,METER_DATA,GEN_DUID,1,"2016/06/19 20:10:00",PORTLAT1,0,"2016/06/19 20:05:04"
D,METER_DATA,GEN_DUID,1,"2016/06/19 20:10:00",PORTWF,34.299999,"2016/06/19 20:05:04"
D,METER_DATA,GEN_DUID,1,"2016/06/19 20:10:00",QUERIVE1,-0.12,"2016/06/19 20:05:04"
D,METER_DATA,GEN_DUID,1,"2016/06/19 20:10:00",REPULSE,27.172430,"2016/06/19 20:05:04"
D,METER_DATA,GEN_DUID,1,"2016/06/19 20:10:00",ROWALLAN,10.2666,"2016/06/19 20:05:04"
D,METER_DATA,GEN_DUID,1,"2016/06/19 20:10:00",ROYALLA1,0,"2016/06/19 20:05:04"
D,METER_DATA,GEN_DUID,1,"2016/06/19 20:10:00",RPCG,-0.20,"2016/06/19 20:05:04"
D,METER_DATA,GEN_DUID,1,"2016/06/19 20:10:00",RUBICON,0,"2016/06/19 20:05:04"
D,METER_DATA,GEN_DUID,1,"2016/06/19 20:10:00",STARHLWF,2.199359,"2016/06/19 20:05:04"
D,METER_DATA,GEN_DUID,1,"2016/06/19 20:10:00",WAUBRAWF,114.898003,"2016/06/19 20:05:04"
D,METER_DATA,GEN_DUID,1,"2016/06/19 20:10:00",WOOLNTH1,34.210014,"2016/06/19 20:05:04"
D,METER_DATA,GEN_DUID,1,"2016/06/19 20:10:00",WPWF,3,"2016/06/19 20:05:04"
D,METER_DATA,GEN_DUID,1,"2016/06/19 20:10:00",YAMBUKWF,1.80,"2016/06/19 20:05:04"
D,METER_DATA,GEN_DUID,1,"2016/06/19 20:15:00",BBDISEL1,0,"2016/06/19 20:10:04"
D,METER_DATA,GEN_DUID,1,"2016/06/19 20:15:00",BUTLERSG,7.799998,"2016/06/19 20:10:04"
D,METER_DATA,GEN_DUID,1,"2016/06/19 20:15:00",CALL_A_4,0,"2016/06/19 20:10:04"
D,METER_DATA,GEN_DUID,1,"2016/06/19 20:15:00",CAPTL_WF,134.220001,"2016/06/19 20:10:04"
D,METER_DATA,GEN_DUID,1,"2016/06/19 20:15:00",CATAGUN1,0,"2016/06/19 20:10:04"
D,METER_DATA,GEN_DUID,1,"2016/06/19 20:15:00",CATHROCK,0,"2016/06/19 20:10:04"
D,METER_DATA,GEN_DUID,1,"2016/06/19 20:15:00",CHALLHWF,6.60,"2016/06/19 20:10:04"
D,METER_DATA,GEN_DUID,1,"2016/06/19 20:15:00",CLOVER,20.209999,"2016/06/19 20:10:04"
D,METER_DATA,GEN_DUID,1,"2016/06/19 20:15:00",CLUNY,14.875891,"2016/06/19 20:10:04"
D,METER_DATA,GEN_DUID,1,"2016/06/19 20:15:00",CNUNDAWF,4.204905,"2016/06/19 20:10:04"
D,METER_DATA,GEN_DUID,1,"2016/06/19 20:15:00",CULLRGWF,27.370001,"2016/06/19 20:10:04"
D,METER_DATA,GEN_DUID,1,"2016/06/19 20:15:00",ERGT01,0,"2016/06/19 20:10:04"
D,METER_DATA,GEN_DUID,1,"2016/06/19 20:15:00",GB01,0.141964,"2016/06/19 20:10:04"
D,METER_DATA,GEN_DUID,1,"2016/06/19 20:15:00",GEORGTN1,0,"2016/06/19 20:10:04"
D,METER_DATA,GEN_DUID,1,"2016/06/19 20:15:00",GEORGTN2,0,"2016/06/19 20:10:04"
D,METER_DATA,GEN_DUID,1,"2016/06/19 20:15:00",GERMCRK,38.700001,"2016/06/19 20:10:04"
D,METER_DATA,GEN_DUID,1,"2016/06/19 20:15:00",INVICTA,38.1250,"2016/06/19 20:10:04"
D,METER_DATA,GEN_DUID,1,"2016/06/19 20:15:00",LKBONNY1,3.572375,"2016/06/19 20:10:04"
D,METER_DATA,GEN_DUID,1,"2016/06/19 20:15:00",MBAHNTH,59.756252,"2016/06/19 20:10:04"
D,METER_DATA,GEN_DUID,1,"2016/06/19 20:15:00",MEADOWB2,0,"2016/06/19 20:10:04"
D,METER_DATA,GEN_DUID,1,"2016/06/19 20:15:00",MLWF1,2.70,"2016/06/19 20:10:04"
D,METER_DATA,GEN_DUID,1,"2016/06/19 20:15:00",MTMILLAR,4.360609,"2016/06/19 20:10:04"
D,METER_DATA,GEN_DUID,1,"2016/06/19 20:15:00",PALOONA,23.359999,"2016/06/19 20:10:04"
D,METER_DATA,GEN_DUID,1,"2016/06/19 20:15:00",PORTLAT1,0,"2016/06/19 20:10:04"
D,METER_DATA,GEN_DUID,1,"2016/06/19 20:15:00",PORTWF,33.099998,"2016/06/19 20:10:04"
D,METER_DATA,GEN_DUID,1,"2016/06/19 20:15:00",QUERIVE1,-0.11,"2016/06/19 20:10:04"
D,METER_DATA,GEN_DUID,1,"2016/06/19 20:15:00",REPULSE,27.877464,"2016/06/19 20:10:04"
D,METER_DATA,GEN_DUID,1,"2016/06/19 20:15:00",ROWALLAN,9.9684,"2016/06/19 20:10:04"
D,METER_DATA,GEN_DUID,1,"2016/06/19 20:15:00",ROYALLA1,0,"2016/06/19 20:10:04"
D,METER_DATA,GEN_DUID,1,"2016/06/19 20:15:00",RPCG,-0.20,"2016/06/19 20:10:04"
D,METER_DATA,GEN_DUID,1,"2016/06/19 20:15:00",RUBICON,0,"2016/06/19 20:10:04"
D,METER_DATA,GEN_DUID,1,"2016/06/19 20:15:00",STARHLWF,1.799475,"2016/06/19 20:10:04"
D,METER_DATA,GEN_DUID,1,"2016/06/19 20:15:00",WAUBRAWF,118.624001,"2016/06/19 20:10:04"
D,METER_DATA,GEN_DUID,1,"2016/06/19 20:15:00",WOOLNTH1,34.700016,"2016/06/19 20:10:04"
D,METER_DATA,GEN_DUID,1,"2016/06/19 20:15:00",WPWF,4,"2016/06/19 20:10:04"
D,METER_DATA,GEN_DUID,1,"2016/06/19 20:15:00",YAMBUKWF,2.50,"2016/06/19 20:10:04"
D,METER_DATA,GEN_DUID,1,"2016/06/19 20:20:00",BBDISEL1,0,"2016/06/19 20:15:04"
D,METER_DATA,GEN_DUID,1,"2016/06/19 20:20:00",BUTLERSG,7.799998,"2016/06/19 20:15:04"
D,METER_DATA,GEN_DUID,1,"2016/06/19 20:20:00",CALL_A_4,0,"2016/06/19 20:15:04"
D,METER_DATA,GEN_DUID,1,"2016/06/19 20:20:00",CAPTL_WF,131.727997,"2016/06/19 20:15:04"
D,METER_DATA,GEN_DUID,1,"2016/06/19 20:20:00",CATAGUN1,0,"2016/06/19 20:15:04"
D,METER_DATA,GEN_DUID,1,"2016/06/19 20:20:00",CATHROCK,0,"2016/06/19 20:15:04"
D,METER_DATA,GEN_DUID,1,"2016/06/19 20:20:00",CHALLHWF,6.70,"2016/06/19 20:15:04"
D,METER_DATA,GEN_DUID,1,"2016/06/19 20:20:00",CLOVER,20.76,"2016/06/19 20:15:04"
D,METER_DATA,GEN_DUID,1,"2016/06/19 20:20:00",CLUNY,15.361751,"2016/06/19 20:15:04"
D,METER_DATA,GEN_DUID,1,"2016/06/19 20:20:00",CNUNDAWF,4.004672,"2016/06/19 20:15:04"
D,METER_DATA,GEN_DUID,1,"2016/06/19 20:20:00",CULLRGWF,27.450001,"2016/06/19 20:15:04"
D,METER_DATA,GEN_DUID,1,"2016/06/19 20:20:00",ERGT01,0,"2016/06/19 20:15:04"
D,METER_DATA,GEN_DUID,1,"2016/06/19 20:20:00",GB01,0.141964,"2016/06/19 20:15:04"
D,METER_DATA,GEN_DUID,1,"2016/06/19 20:20:00",GEORGTN1,0,"2016/06/19 20:15:04"
D,METER_DATA,GEN_DUID,1,"2016/06/19 20:20:00",GEORGTN2,0,"2016/06/19 20:15:04"
D,METER_DATA,GEN_DUID,1,"2016/06/19 20:20:00",GERMCRK,39.200001,"2016/06/19 20:15:04"
D,METER_DATA,GEN_DUID,1,"2016/06/19 20:20:00",INVICTA,38.1250,"2016/06/19 20:15:04"
D,METER_DATA,GEN_DUID,1,"2016/06/19 20:20:00",LKBONNY1,3.929612,"2016/06/19 20:15:04"
D,METER_DATA,GEN_DUID,1,"2016/06/19 20:20:00",MBAHNTH,59.756252,"2016/06/19 20:15:04"
D,METER_DATA,GEN_DUID,1,"2016/06/19 20:20:00",MEADOWB2,0,"2016/06/19 20:15:04"
D,METER_DATA,GEN_DUID,1,"2016/06/19 20:20:00",MLWF1,2.79,"2016/06/19 20:15:04"
D,METER_DATA,GEN_DUID,1,"2016/06/19 20:20:00",MTMILLAR,4.040632,"2016/06/19 20:15:04"
D,METER_DATA,GEN_DUID,1,"2016/06/19 20:20:00",PALOONA,23.369999,"2016/06/19 20:15:04"
D,METER_DATA,GEN_DUID,1,"2016/06/19 20:20:00",PORTLAT1,0,"2016/06/19 20:15:04"
D,METER_DATA,GEN_DUID,1,"2016/06/19 20:20:00",PORTWF,30.90,"2016/06/19 20:15:04"
D,METER_DATA,GEN_DUID,1,"2016/06/19 20:20:00",QUERIVE1,-0.12,"2016/06/19 20:15:04"
D,METER_DATA,GEN_DUID,1,"2016/06/19 20:20:00",REPULSE,27.686914,"2016/06/19 20:15:04"
D,METER_DATA,GEN_DUID,1,"2016/06/19 20:20:00",ROWALLAN,9.9542,"2016/06/19 20:15:04"
D,METER_DATA,GEN_DUID,1,"2016/06/19 20:20:00",ROYALLA1,0,"2016/06/19 20:15:04"
D,METER_DATA,GEN_DUID,1,"2016/06/19 20:20:00",RPCG,-0.20,"2016/06/19 20:15:04"
D,METER_DATA,GEN_DUID,1,"2016/06/19 20:20:00",RUBICON,0,"2016/06/19 20:15:04"
D,METER_DATA,GEN_DUID,1,"2016/06/19 20:20:00",STARHLWF,2.299330,"2016/06/19 20:15:04"
D,METER_DATA,GEN_DUID,1,"2016/06/19 20:20:00",WAUBRAWF,121.394997,"2016/06/19 20:15:04"
D,METER_DATA,GEN_DUID,1,"2016/06/19 20:20:00",WOOLNTH1,35.140015,"2016/06/19 20:15:04"
D,METER_DATA,GEN_DUID,1,"2016/06/19 20:20:00",WPWF,5,"2016/06/19 20:15:04"
D,METER_DATA,GEN_DUID,1,"2016/06/19 20:20:00",YAMBUKWF,3,"2016/06/19 20:15:04"
D,METER_DATA,GEN_DUID,1,"2016/06/19 20:25:00",BBDISEL1,0,"2016/06/19 20:20:05"
D,METER_DATA,GEN_DUID,1,"2016/06/19 20:25:00",BUTLERSG,7.799998,"2016/06/19 20:20:05"
D,METER_DATA,GEN_DUID,1,"2016/06/19 20:25:00",CALL_A_4,0,"2016/06/19 20:20:05"
D,METER_DATA,GEN_DUID,1,"2016/06/19 20:25:00",CAPTL_WF,130.807999,"2016/06/19 20:20:05"
D,METER_DATA,GEN_DUID,1,"2016/06/19 20:25:00",CATAGUN1,0,"2016/06/19 20:20:05"
D,METER_DATA,GEN_DUID,1,"2016/06/19 20:25:00",CATHROCK,0,"2016/06/19 20:20:05"
D,METER_DATA,GEN_DUID,1,"2016/06/19 20:25:00",CHALLHWF,7.90,"2016/06/19 20:20:05"
D,METER_DATA,GEN_DUID,1,"2016/06/19 20:25:00",CLOVER,20.689999,"2016/06/19 20:20:05"
D,METER_DATA,GEN_DUID,1,"2016/06/19 20:25:00",CLUNY,15.490360,"2016/06/19 20:20:05"
D,METER_DATA,GEN_DUID,1,"2016/06/19 20:25:00",CNUNDAWF,4.004672,"2016/06/19 20:20:05"
D,METER_DATA,GEN_DUID,1,"2016/06/19 20:25:00",CULLRGWF,27.50,"2016/06/19 20:20:05"
D,METER_DATA,GEN_DUID,1,"2016/06/19 20:25:00",ERGT01,0,"2016/06/19 20:20:05"
D,METER_DATA,GEN_DUID,1,"2016/06/19 20:25:00",GB01,0.140236,"2016/06/19 20:20:05"
D,METER_DATA,GEN_DUID,1,"2016/06/19 20:25:00",GEORGTN1,0,"2016/06/19 20:20:05"
D,METER_DATA,GEN_DUID,1,"2016/06/19 20:25:00",GEORGTN2,0,"2016/06/19 20:20:05"
D,METER_DATA,GEN_DUID,1,"2016/06/19 20:25:00",GERMCRK,38.900002,"2016/06/19 20:20:05"
D,METER_DATA,GEN_DUID,1,"2016/06/19 20:25:00",INVICTA,38.1250,"2016/06/19 20:20:05"
D,METER_DATA,GEN_DUID,1,"2016/06/19 20:25:00",LKBONNY1,3.572375,"2016/06/19 20:20:05"
D,METER_DATA,GEN_DUID,1,"2016/06/19 20:25:00",MBAHNTH,59.756252,"2016/06/19 20:20:05"
D,METER_DATA,GEN_DUID,1,"2016/06/19 20:25:00",MEADOWB2,0,"2016/06/19 20:20:05"
D,METER_DATA,GEN_DUID,1,"2016/06/19 20:25:00",MLWF1,2.79,"2016/06/19 20:20:05"
D,METER_DATA,GEN_DUID,1,"2016/06/19 20:25:00",MTMILLAR,4.003426,"2016/06/19 20:20:05"
D,METER_DATA,GEN_DUID,1,"2016/06/19 20:25:00",PALOONA,23.609999,"2016/06/19 20:20:05"
D,METER_DATA,GEN_DUID,1,"2016/06/19 20:25:00",PORTLAT1,0,"2016/06/19 20:20:05"
D,METER_DATA,GEN_DUID,1,"2016/06/19 20:25:00",PORTWF,28.200001,"2016/06/19 20:20:05"
D,METER_DATA,GEN_DUID,1,"2016/06/19 20:25:00",QUERIVE1,-0.12,"2016/06/19 20:20:05"
D,METER_DATA,GEN_DUID,1,"2016/06/19 20:25:00",REPULSE,29.363754,"2016/06/19 20:20:05"
D,METER_DATA,GEN_DUID,1,"2016/06/19 20:25:00",ROWALLAN,10.1814,"2016/06/19 20:20:05"
D,METER_DATA,GEN_DUID,1,"2016/06/19 20:25:00",ROYALLA1,0,"2016/06/19 20:20:05"
D,METER_DATA,GEN_DUID,1,"2016/06/19 20:25:00",RPCG,-0.20,"2016/06/19 20:20:05"
D,METER_DATA,GEN_DUID,1,"2016/06/19 20:25:00",RUBICON,0,"2016/06/19 20:20:05"
D,METER_DATA,GEN_DUID,1,"2016/06/19 20:25:00",STARHLWF,2.299330,"2016/06/19 20:20:05"
D,METER_DATA,GEN_DUID,1,"2016/06/19 20:25:00",WAUBRAWF,107.953003,"2016/06/19 20:20:05"
D,METER_DATA,GEN_DUID,1,"2016/06/19 20:25:00",WOOLNTH1,36.830017,"2016/06/19 20:20:05"
D,METER_DATA,GEN_DUID,1,"2016/06/19 20:25:00",WPWF,5,"2016/06/19 20:20:05"
D,METER_DATA,GEN_DUID,1,"2016/06/19 20:25:00",YAMBUKWF,3.40,"2016/06/19 20:20:05"
D,METER_DATA,GEN_DUID,1,"2016/06/19 20:30:00",BBDISEL1,0,"2016/06/19 20:25:04"
D,METER_DATA,GEN_DUID,1,"2016/06/19 20:30:00",BUTLERSG,7.799998,"2016/06/19 20:25:04"
D,METER_DATA,GEN_DUID,1,"2016/06/19 20:30:00",CALL_A_4,0,"2016/06/19 20:25:04"
D,METER_DATA,GEN_DUID,1,"2016/06/19 20:30:00",CAPTL_WF,116.059998,"2016/06/19 20:25:04"
D,METER_DATA,GEN_DUID,1,"2016/06/19 20:30:00",CATAGUN1,0,"2016/06/19 20:25:04"
D,METER_DATA,GEN_DUID,1,"2016/06/19 20:30:00",CATHROCK,0,"2016/06/19 20:25:04"
D,METER_DATA,GEN_DUID,1,"2016/06/19 20:30:00",CHALLHWF,7.80,"2016/06/19 20:25:04"
D,METER_DATA,GEN_DUID,1,"2016/06/19 20:30:00",CLOVER,20.58,"2016/06/19 20:25:04"
D,METER_DATA,GEN_DUID,1,"2016/06/19 20:30:00",CLUNY,14.447190,"2016/06/19 20:25:04"
D,METER_DATA,GEN_DUID,1,"2016/06/19 20:30:00",CNUNDAWF,4.004672,"2016/06/19 20:25:04"
D,METER_DATA,GEN_DUID,1,"2016/06/19 20:30:00",CULLRGWF,26.27,"2016/06/19 20:25:04"
D,METER_DATA,GEN_DUID,1,"2016/06/19 20:30:00",ERGT01,0,"2016/06/19 20:25:04"
D,METER_DATA,GEN_DUID,1,"2016/06/19 20:30:00",GB01,0.140236,"2016/06/19 20:25:04"
D,METER_DATA,GEN_DUID,1,"2016/06/19 20:30:00",GEORGTN1,0,"2016/06/19 20:25:04"
D,METER_DATA,GEN_DUID,1,"2016/06/19 20:30:00",GEORGTN2,0,"2016/06/19 20:25:04"
D,METER_DATA,GEN_DUID,1,"2016/06/19 20:30:00",GERMCRK,38.599998,"2016/06/19 20:25:04"
D,METER_DATA,GEN_DUID,1,"2016/06/19 20:30:00",INVICTA,38.1250,"2016/06/19 20:25:04"
D,METER_DATA,GEN_DUID,1,"2016/06/19 20:30:00",LKBONNY1,3.661684,"2016/06/19 20:25:04"
D,METER_DATA,GEN_DUID,1,"2016/06/19 20:30:00",MBAHNTH,59.756252,"2016/06/19 20:25:04"
D,METER_DATA,GEN_DUID,1,"2016/06/19 20:30:00",MEADOWB2,0,"2016/06/19 20:25:04"
D,METER_DATA,GEN_DUID,1,"2016/06/19 20:30:00",MLWF1,2.6850,"2016/06/19 20:25:04"
D,METER_DATA,GEN_DUID,1,"2016/06/19 20:30:00",MTMILLAR,4.204341,"2016/06/19 20:25:04"
D,METER_DATA,GEN_DUID,1,"2016/06/19 20:30:00",PALOONA,23.459999,"2016/06/19 20:25:04"
D,METER_DATA,GEN_DUID,1,"2016/06/19 20:30:00",PORTLAT1,0,"2016/06/19 20:25:04"
D,METER_DATA,GEN_DUID,1,"2016/06/19 20:30:00",PORTWF,27.10,"2016/06/19 20:25:04"
D,METER_DATA,GEN_DUID,1,"2016/06/19 20:30:00",QUERIVE1,-0.12,"2016/06/19 20:25:04"
D,METER_DATA,GEN_DUID,1,"2016/06/19 20:30:00",REPULSE,27.953684,"2016/06/19 20:25:04"
D,METER_DATA,GEN_DUID,1,"2016/06/19 20:30:00",ROWALLAN,10.2524,"2016/06/19 20:25:04"
D,METER_DATA,GEN_DUID,1,"2016/06/19 20:30:00",ROYALLA1,0,"2016/06/19 20:25:04"
D,METER_DATA,GEN_DUID,1,"2016/06/19 20:30:00",RPCG,-0.20,"2016/06/19 20:25:04"
D,METER_DATA,GEN_DUID,1,"2016/06/19 20:30:00",RUBICON,0,"2016/06/19 20:25:04"
D,METER_DATA,GEN_DUID,1,"2016/06/19 20:30:00",STARHLWF,2.199359,"2016/06/19 20:25:04"
D,METER_DATA,GEN_DUID,1,"2016/06/19 20:30:00",WAUBRAWF,104.740997,"2016/06/19 20:25:04"
D,METER_DATA,GEN_DUID,1,"2016/06/19 20:30:00",WOOLNTH1,35.730019,"2016/06/19 20:25:04"
D,METER_DATA,GEN_DUID,1,"2016/06/19 20:30:00",WPWF,4,"2016/06/19 20:25:04"
D,METER_DATA,GEN_DUID,1,"2016/06/19 20:30:00",YAMBUKWF,3.70,"2016/06/19 20:25:04"
D,METER_DATA,GEN_DUID,1,"2016/06/19 20:35:00",BBDISEL1,0,"2016/06/19 20:30:04"
D,METER_DATA,GEN_DUID,1,"2016/06/19 20:35:00",BUTLERSG,7.799998,"2016/06/19 20:30:04"
D,METER_DATA,GEN_DUID,1,"2016/06/19 20:35:00",CALL_A_4,0,"2016/06/19 20:30:04"
D,METER_DATA,GEN_DUID,1,"2016/06/19 20:35:00",CAPTL_WF,116.524002,"2016/06/19 20:30:04"
D,METER_DATA,GEN_DUID,1,"2016/06/19 20:35:00",CATAGUN1,0,"2016/06/19 20:30:04"
D,METER_DATA,GEN_DUID,1,"2016/06/19 20:35:00",CATHROCK,0,"2016/06/19 20:30:04"
D,METER_DATA,GEN_DUID,1,"2016/06/19 20:35:00",CHALLHWF,7.50,"2016/06/19 20:30:04"
D,METER_DATA,GEN_DUID,1,"2016/06/19 20:35:00",CLOVER,20.709999,"2016/06/19 20:30:04"
D,METER_DATA,GEN_DUID,1,"2016/06/19 20:35:00",CLUNY,15.261721,"2016/06/19 20:30:04"
D,METER_DATA,GEN_DUID,1,"2016/06/19 20:35:00",CNUNDAWF,5.005839,"2016/06/19 20:30:04"
D,METER_DATA,GEN_DUID,1,"2016/06/19 20:35:00",CULLRGWF,25.799999,"2016/06/19 20:30:04"
D,METER_DATA,GEN_DUID,1,"2016/06/19 20:35:00",ERGT01,0,"2016/06/19 20:30:04"
D,METER_DATA,GEN_DUID,1,"2016/06/19 20:35:00",GB01,0.140236,"2016/06/19 20:30:04"
D,METER_DATA,GEN_DUID,1,"2016/06/19 20:35:00",GEORGTN1,0,"2016/06/19 20:30:04"
D,METER_DATA,GEN_DUID,1,"2016/06/19 20:35:00",GEORGTN2,0,"2016/06/19 20:30:04"
D,METER_DATA,GEN_DUID,1,"2016/06/19 20:35:00",GERMCRK,39.099998,"2016/06/19 20:30:04"
D,METER_DATA,GEN_DUID,1,"2016/06/19 20:35:00",INVICTA,38.1250,"2016/06/19 20:30:04"
D,METER_DATA,GEN_DUID,1,"2016/06/19 20:35:00",LKBONNY1,2.8579,"2016/06/19 20:30:04"
D,METER_DATA,GEN_DUID,1,"2016/06/19 20:35:00",MBAHNTH,59.756252,"2016/06/19 20:30:04"
D,METER_DATA,GEN_DUID,1,"2016/06/19 20:35:00",MEADOWB2,0,"2016/06/19 20:30:04"
D,METER_DATA,GEN_DUID,1,"2016/06/19 20:35:00",MLWF1,2.88,"2016/06/19 20:30:04"
D,METER_DATA,GEN_DUID,1,"2016/06/19 20:35:00",MTMILLAR,3.839717,"2016/06/19 20:30:04"
D,METER_DATA,GEN_DUID,1,"2016/06/19 20:35:00",PALOONA,23.60,"2016/06/19 20:30:04"
D,METER_DATA,GEN_DUID,1,"2016/06/19 20:35:00",PORTLAT1,0,"2016/06/19 20:30:04"
D,METER_DATA,GEN_DUID,1,"2016/06/19 20:35:00",PORTWF,25.799999,"2016/06/19 20:30:04"
D,METER_DATA,GEN_DUID,1,"2016/06/19 20:35:00",QUERIVE1,-0.12,"2016/06/19 20:30:04"
D,METER_DATA,GEN_DUID,1,"2016/06/19 20:35:00",REPULSE,28.334784,"2016/06/19 20:30:04"
D,METER_DATA,GEN_DUID,1,"2016/06/19 20:35:00",ROWALLAN,10.131701,"2016/06/19 20:30:04"
D,METER_DATA,GEN_DUID,1,"2016/06/19 20:35:00",ROYALLA1,0,"2016/06/19 20:30:04"
D,METER_DATA,GEN_DUID,1,"2016/06/19 20:35:00",RPCG,-0.20,"2016/06/19 20:30:04"
D,METER_DATA,GEN_DUID,1,"2016/06/19 20:35:00",RUBICON,0,"2016/06/19 20:30:04"
D,METER_DATA,GEN_DUID,1,"2016/06/19 20:35:00",STARHLWF,2.199359,"2016/06/19 20:30:04"
D,METER_DATA,GEN_DUID,1,"2016/06/19 20:35:00",WAUBRAWF,87.266998,"2016/06/19 20:30:04"
D,METER_DATA,GEN_DUID,1,"2016/06/19 20:35:00",WOOLNTH1,31.260015,"2016/06/19 20:30:04"
D,METER_DATA,GEN_DUID,1,"2016/06/19 20:35:00",WPWF,5,"2016/06/19 20:30:04"
D,METER_DATA,GEN_DUID,1,"2016/06/19 20:35:00",YAMBUKWF,3.60,"2016/06/19 20:30:04"
D,METER_DATA,GEN_DUID,1,"2016/06/19 20:40:00",BBDISEL1,0,"2016/06/19 20:35:04"
D,METER_DATA,GEN_DUID,1,"2016/06/19 20:40:00",BUTLERSG,7.799998,"2016/06/19 20:35:04"
D,METER_DATA,GEN_DUID,1,"2016/06/19 20:40:00",CALL_A_4,0,"2016/06/19 20:35:04"
D,METER_DATA,GEN_DUID,1,"2016/06/19 20:40:00",CAPTL_WF,111.484001,"2016/06/19 20:35:04"
D,METER_DATA,GEN_DUID,1,"2016/06/19 20:40:00",CATAGUN1,0,"2016/06/19 20:35:04"
D,METER_DATA,GEN_DUID,1,"2016/06/19 20:40:00",CATHROCK,0,"2016/06/19 20:35:04"
D,METER_DATA,GEN_DUID,1,"2016/06/19 20:40:00",CHALLHWF,7.60,"2016/06/19 20:35:04"
D,METER_DATA,GEN_DUID,1,"2016/06/19 20:40:00",CLOVER,21.110001,"2016/06/19 20:35:04"
D,METER_DATA,GEN_DUID,1,"2016/06/19 20:40:00",CLUNY,15.804740,"2016/06/19 20:35:04"
D,METER_DATA,GEN_DUID,1,"2016/06/19 20:40:00",CNUNDAWF,5.005839,"2016/06/19 20:35:04"
D,METER_DATA,GEN_DUID,1,"2016/06/19 20:40:00",CULLRGWF,26.51,"2016/06/19 20:35:04"
D,METER_DATA,GEN_DUID,1,"2016/06/19 20:40:00",ERGT01,0,"2016/06/19 20:35:04"
D,METER_DATA,GEN_DUID,1,"2016/06/19 20:40:00",GB01,0.140236,"2016/06/19 20:35:04"
D,METER_DATA,GEN_DUID,1,"2016/06/19 20:40:00",GEORGTN1,0,"2016/06/19 20:35:04"
D,METER_DATA,GEN_DUID,1,"2016/06/19 20:40:00",GEORGTN2,0,"2016/06/19 20:35:04"
D,METER_DATA,GEN_DUID,1,"2016/06/19 20:40:00",GERMCRK,37.50,"2016/06/19 20:35:04"
D,METER_DATA,GEN_DUID,1,"2016/06/19 20:40:00",INVICTA,38.1250,"2016/06/19 20:35:04"
D,METER_DATA,GEN_DUID,1,"2016/06/19 20:40:00",LKBONNY1,3.036518,"2016/06/19 20:35:04"
D,METER_DATA,GEN_DUID,1,"2016/06/19 20:40:00",MBAHNTH,59.756252,"2016/06/19 20:35:04"
D,METER_DATA,GEN_DUID,1,"2016/06/19 20:40:00",MEADOWB2,0,"2016/06/19 20:35:04"
D,METER_DATA,GEN_DUID,1,"2016/06/19 20:40:00",MLWF1,3.18,"2016/06/19 20:35:04"
D,METER_DATA,GEN_DUID,1,"2016/06/19 20:40:00",MTMILLAR,3.862041,"2016/06/19 20:35:04"
D,METER_DATA,GEN_DUID,1,"2016/06/19 20:40:00",PALOONA,23.60,"2016/06/19 20:35:04"
D,METER_DATA,GEN_DUID,1,"2016/06/19 20:40:00",PORTLAT1,0,"2016/06/19 20:35:04"
D,METER_DATA,GEN_DUID,1,"2016/06/19 20:40:00",PORTWF,25.40,"2016/06/19 20:35:04"
D,METER_DATA,GEN_DUID,1,"2016/06/19 20:40:00",QUERIVE1,-0.12,"2016/06/19 20:35:04"
D,METER_DATA,GEN_DUID,1,"2016/06/19 20:40:00",REPULSE,29.058874,"2016/06/19 20:35:04"
D,METER_DATA,GEN_DUID,1,"2016/06/19 20:40:00",ROWALLAN,10.1246,"2016/06/19 20:35:04"
D,METER_DATA,GEN_DUID,1,"2016/06/19 20:40:00",ROYALLA1,0,"2016/06/19 20:35:04"
D,METER_DATA,GEN_DUID,1,"2016/06/19 20:40:00",RPCG,-0.20,"2016/06/19 20:35:04"
D,METER_DATA,GEN_DUID,1,"2016/06/19 20:40:00",RUBICON,0,"2016/06/19 20:35:04"
D,METER_DATA,GEN_DUID,1,"2016/06/19 20:40:00",STARHLWF,2.199359,"2016/06/19 20:35:04"
D,METER_DATA,GEN_DUID,1,"2016/06/19 20:40:00",WAUBRAWF,77.860001,"2016/06/19 20:35:04"
D,METER_DATA,GEN_DUID,1,"2016/06/19 20:40:00",WOOLNTH1,29.930016,"2016/06/19 20:35:04"
D,METER_DATA,GEN_DUID,1,"2016/06/19 20:40:00",WPWF,5,"2016/06/19 20:35:04"
D,METER_DATA,GEN_DUID,1,"2016/06/19 20:40:00",YAMBUKWF,3.60,"2016/06/19 20:35:04"
D,METER_DATA,GEN_DUID,1,"2016/06/19 20:45:00",BBDISEL1,0,"2016/06/19 20:40:05"
D,METER_DATA,GEN_DUID,1,"2016/06/19 20:45:00",BUTLERSG,7.799998,"2016/06/19 20:40:05"
D,METER_DATA,GEN_DUID,1,"2016/06/19 20:45:00",CALL_A_4,0,"2016/06/19 20:40:05"
D,METER_DATA,GEN_DUID,1,"2016/06/19 20:45:00",CAPTL_WF,105.188004,"2016/06/19 20:40:05"
D,METER_DATA,GEN_DUID,1,"2016/06/19 20:45:00",CATAGUN1,0,"2016/06/19 20:40:05"
D,METER_DATA,GEN_DUID,1,"2016/06/19 20:45:00",CATHROCK,0,"2016/06/19 20:40:05"
D,METER_DATA,GEN_DUID,1,"2016/06/19 20:45:00",CHALLHWF,7.30,"2016/06/19 20:40:05"
D,METER_DATA,GEN_DUID,1,"2016/06/19 20:45:00",CLOVER,22.09,"2016/06/19 20:40:05"
D,METER_DATA,GEN_DUID,1,"2016/06/19 20:45:00",CLUNY,14.318581,"2016/06/19 20:40:05"
D,METER_DATA,GEN_DUID,1,"2016/06/19 20:45:00",CNUNDAWF,7.008175,"2016/06/19 20:40:05"
D,METER_DATA,GEN_DUID,1,"2016/06/19 20:45:00",CULLRGWF,24.85,"2016/06/19 20:40:05"
D,METER_DATA,GEN_DUID,1,"2016/06/19 20:45:00",ERGT01,0,"2016/06/19 20:40:05"
D,METER_DATA,GEN_DUID,1,"2016/06/19 20:45:00",GB01,0.140236,"2016/06/19 20:40:05"
D,METER_DATA,GEN_DUID,1,"2016/06/19 20:45:00",GEORGTN1,0,"2016/06/19 20:40:05"
D,METER_DATA,GEN_DUID,1,"2016/06/19 20:45:00",GEORGTN2,0,"2016/06/19 20:40:05"
D,METER_DATA,GEN_DUID,1,"2016/06/19 20:45:00",GERMCRK,37.400002,"2016/06/19 20:40:05"
D,METER_DATA,GEN_DUID,1,"2016/06/19 20:45:00",INVICTA,38.1250,"2016/06/19 20:40:05"
D,METER_DATA,GEN_DUID,1,"2016/06/19 20:45:00",LKBONNY1,3.036518,"2016/06/19 20:40:05"
D,METER_DATA,GEN_DUID,1,"2016/06/19 20:45:00",MBAHNTH,59.756252,"2016/06/19 20:40:05"
D,METER_DATA,GEN_DUID,1,"2016/06/19 20:45:00",MEADOWB2,0,"2016/06/19 20:40:05"
D,METER_DATA,GEN_DUID,1,"2016/06/19 20:45:00",MLWF1,3.0750,"2016/06/19 20:40:05"
D,METER_DATA,GEN_DUID,1,"2016/06/19 20:45:00",MTMILLAR,3.110468,"2016/06/19 20:40:05"
D,METER_DATA,GEN_DUID,1,"2016/06/19 20:45:00",PALOONA,23.539999,"2016/06/19 20:40:05"
D,METER_DATA,GEN_DUID,1,"2016/06/19 20:45:00",PORTLAT1,0,"2016/06/19 20:40:05"
D,METER_DATA,GEN_DUID,1,"2016/06/19 20:45:00",PORTWF,25,"2016/06/19 20:40:05"
D,METER_DATA,GEN_DUID,1,"2016/06/19 20:45:00",QUERIVE1,-0.12,"2016/06/19 20:40:05"
D,METER_DATA,GEN_DUID,1,"2016/06/19 20:45:00",REPULSE,27.591639,"2016/06/19 20:40:05"
D,METER_DATA,GEN_DUID,1,"2016/06/19 20:45:00",ROWALLAN,10.3163,"2016/06/19 20:40:05"
D,METER_DATA,GEN_DUID,1,"2016/06/19 20:45:00",ROYALLA1,0,"2016/06/19 20:40:05"
D,METER_DATA,GEN_DUID,1,"2016/06/19 20:45:00",RPCG,-0.20,"2016/06/19 20:40:05"
D,METER_DATA,GEN_DUID,1,"2016/06/19 20:45:00",RUBICON,0,"2016/06/19 20:40:05"
D,METER_DATA,GEN_DUID,1,"2016/06/19 20:45:00",STARHLWF,1.799475,"2016/06/19 20:40:05"
D,METER_DATA,GEN_DUID,1,"2016/06/19 20:45:00",WAUBRAWF,76.425003,"2016/06/19 20:40:05"
D,METER_DATA,GEN_DUID,1,"2016/06/19 20:45:00",WOOLNTH1,28.060017,"2016/06/19 20:40:05"
D,METER_DATA,GEN_DUID,1,"2016/06/19 20:45:00",WPWF,6,"2016/06/19 20:40:05"
D,METER_DATA,GEN_DUID,1,"2016/06/19 20:45:00",YAMBUKWF,4.10,"2016/06/19 20:40:05"
D,METER_DATA,GEN_DUID,1,"2016/06/19 20:50:00",BBDISEL1,0,"2016/06/19 20:45:05"
D,METER_DATA,GEN_DUID,1,"2016/06/19 20:50:00",BUTLERSG,7.799998,"2016/06/19 20:45:05"
D,METER_DATA,GEN_DUID,1,"2016/06/19 20:50:00",CALL_A_4,0,"2016/06/19 20:45:05"
D,METER_DATA,GEN_DUID,1,"2016/06/19 20:50:00",CAPTL_WF,103.3480,"2016/06/19 20:45:05"
D,METER_DATA,GEN_DUID,1,"2016/06/19 20:50:00",CATAGUN1,0,"2016/06/19 20:45:05"
D,METER_DATA,GEN_DUID,1,"2016/06/19 20:50:00",CATHROCK,0,"2016/06/19 20:45:05"
D,METER_DATA,GEN_DUID,1,"2016/06/19 20:50:00",CHALLHWF,7.50,"2016/06/19 20:45:05"
D,METER_DATA,GEN_DUID,1,"2016/06/19 20:50:00",CLOVER,20.380001,"2016/06/19 20:45:05"
D,METER_DATA,GEN_DUID,1,"2016/06/19 20:50:00",CLUNY,15.504650,"2016/06/19 20:45:05"
D,METER_DATA,GEN_DUID,1,"2016/06/19 20:50:00",CNUNDAWF,6.107124,"2016/06/19 20:45:05"
D,METER_DATA,GEN_DUID,1,"2016/06/19 20:50:00",CULLRGWF,23.49,"2016/06/19 20:45:05"
D,METER_DATA,GEN_DUID,1,"2016/06/19 20:50:00",ERGT01,0,"2016/06/19 20:45:05"
D,METER_DATA,GEN_DUID,1,"2016/06/19 20:50:00",GB01,0.140236,"2016/06/19 20:45:05"
D,METER_DATA,GEN_DUID,1,"2016/06/19 20:50:00",GEORGTN1,0,"2016/06/19 20:45:05"
D,METER_DATA,GEN_DUID,1,"2016/06/19 20:50:00",GEORGTN2,0,"2016/06/19 20:45:05"
D,METER_DATA,GEN_DUID,1,"2016/06/19 20:50:00",GERMCRK,37.400002,"2016/06/19 20:45:05"
D,METER_DATA,GEN_DUID,1,"2016/06/19 20:50:00",INVICTA,38.1250,"2016/06/19 20:45:05"
D,METER_DATA,GEN_DUID,1,"2016/06/19 20:50:00",LKBONNY1,3.661684,"2016/06/19 20:45:05"
D,METER_DATA,GEN_DUID,1,"2016/06/19 20:50:00",MBAHNTH,59.756252,"2016/06/19 20:45:05"
D,METER_DATA,GEN_DUID,1,"2016/06/19 20:50:00",MEADOWB2,0,"2016/06/19 20:45:05"
D,METER_DATA,GEN_DUID,1,"2016/06/19 20:50:00",MLWF1,2.6850,"2016/06/19 20:45:05"
D,METER_DATA,GEN_DUID,1,"2016/06/19 20:50:00",MTMILLAR,2.857464,"2016/06/19 20:45:05"
D,METER_DATA,GEN_DUID,1,"2016/06/19 20:50:00",PALOONA,23.539999,"2016/06/19 20:45:05"
D,METER_DATA,GEN_DUID,1,"2016/06/19 20:50:00",PORTLAT1,0,"2016/06/19 20:45:05"
D,METER_DATA,GEN_DUID,1,"2016/06/19 20:50:00",PORTWF,20.60,"2016/06/19 20:45:05"
D,METER_DATA,GEN_DUID,1,"2016/06/19 20:50:00",QUERIVE1,-0.12,"2016/06/19 20:45:05"
D,METER_DATA,GEN_DUID,1,"2016/06/19 20:50:00",REPULSE,28.849270,"2016/06/19 20:45:05"
D,METER_DATA,GEN_DUID,1,"2016/06/19 20:50:00",ROWALLAN,10.2169,"2016/06/19 20:45:05"
D,METER_DATA,GEN_DUID,1,"2016/06/19 20:50:00",ROYALLA1,0,"2016/06/19 20:45:05"
D,METER_DATA,GEN_DUID,1,"2016/06/19 20:50:00",RPCG,-0.20,"2016/06/19 20:45:05"
D,METER_DATA,GEN_DUID,1,"2016/06/19 20:50:00",RUBICON,0,"2016/06/19 20:45:05"
D,METER_DATA,GEN_DUID,1,"2016/06/19 20:50:00",STARHLWF,1.399592,"2016/06/19 20:45:05"
D,METER_DATA,GEN_DUID,1,"2016/06/19 20:50:00",WAUBRAWF,78.546997,"2016/06/19 20:45:05"
D,METER_DATA,GEN_DUID,1,"2016/06/19 20:50:00",WOOLNTH1,26.080015,"2016/06/19 20:45:05"
D,METER_DATA,GEN_DUID,1,"2016/06/19 20:50:00",WPWF,5,"2016/06/19 20:45:05"
D,METER_DATA,GEN_DUID,1,"2016/06/19 20:50:00",YAMBUKWF,5.40,"2016/06/19 20:45:05"
D,METER_DATA,GEN_DUID,1,"2016/06/19 20:55:00",BBDISEL1,0,"2016/06/19 20:50:05"
D,METER_DATA,GEN_DUID,1,"2016/06/19 20:55:00",BUTLERSG,7.799998,"2016/06/19 20:50:05"
D,METER_DATA,GEN_DUID,1,"2016/06/19 20:55:00",CALL_A_4,0,"2016/06/19 20:50:05"
D,METER_DATA,GEN_DUID,1,"2016/06/19 20:55:00",CAPTL_WF,100.7920,"2016/06/19 20:50:05"
D,METER_DATA,GEN_DUID,1,"2016/06/19 20:55:00",CATAGUN1,0,"2016/06/19 20:50:05"
D,METER_DATA,GEN_DUID,1,"2016/06/19 20:55:00",CATHROCK,0,"2016/06/19 20:50:05"
D,METER_DATA,GEN_DUID,1,"2016/06/19 20:55:00",CHALLHWF,8.70,"2016/06/19 20:50:05"
D,METER_DATA,GEN_DUID,1,"2016/06/19 20:55:00",CLOVER,19.969999,"2016/06/19 20:50:05"
D,METER_DATA,GEN_DUID,1,"2016/06/19 20:55:00",CLUNY,14.818730,"2016/06/19 20:50:05"
D,METER_DATA,GEN_DUID,1,"2016/06/19 20:55:00",CNUNDAWF,4.004672,"2016/06/19 20:50:05"
D,METER_DATA,GEN_DUID,1,"2016/06/19 20:55:00",CULLRGWF,24.370001,"2016/06/19 20:50:05"
D,METER_DATA,GEN_DUID,1,"2016/06/19 20:55:00",ERGT01,0,"2016/06/19 20:50:05"
D,METER_DATA,GEN_DUID,1,"2016/06/19 20:55:00",GB01,0.140236,"2016/06/19 20:50:05"
D,METER_DATA,GEN_DUID,1,"2016/06/19 20:55:00",GEORGTN1,0,"2016/06/19 20:50:05"
D,METER_DATA,GEN_DUID,1,"2016/06/19 20:55:00",GEORGTN2,0,"2016/06/19 20:50:05"
D,METER_DATA,GEN_DUID,1,"2016/06/19 20:55:00",GERMCRK,37.099998,"2016/06/19 20:50:05"
D,METER_DATA,GEN_DUID,1,"2016/06/19 20:55:00",INVICTA,38.1250,"2016/06/19 20:50:05"
D,METER_DATA,GEN_DUID,1,"2016/06/19 20:55:00",LKBONNY1,4.912015,"2016/06/19 20:50:05"
D,METER_DATA,GEN_DUID,1,"2016/06/19 20:55:00",MBAHNTH,59.756252,"2016/06/19 20:50:05"
D,METER_DATA,GEN_DUID,1,"2016/06/19 20:55:00",MEADOWB2,0,"2016/06/19 20:50:05"
D,METER_DATA,GEN_DUID,1,"2016/06/19 20:55:00",MLWF1,2.91,"2016/06/19 20:50:05"
D,METER_DATA,GEN_DUID,1,"2016/06/19 20:55:00",MTMILLAR,2.024037,"2016/06/19 20:50:05"
D,METER_DATA,GEN_DUID,1,"2016/06/19 20:55:00",PALOONA,23.539999,"2016/06/19 20:50:05"
D,METER_DATA,GEN_DUID,1,"2016/06/19 20:55:00",PORTLAT1,0,"2016/06/19 20:50:05"
D,METER_DATA,GEN_DUID,1,"2016/06/19 20:55:00",PORTWF,18.10,"2016/06/19 20:50:05"
D,METER_DATA,GEN_DUID,1,"2016/06/19 20:55:00",QUERIVE1,-0.12,"2016/06/19 20:50:05"
D,METER_DATA,GEN_DUID,1,"2016/06/19 20:55:00",REPULSE,27.667860,"2016/06/19 20:50:05"
D,METER_DATA,GEN_DUID,1,"2016/06/19 20:55:00",ROWALLAN,10.0323,"2016/06/19 20:50:05"
D,METER_DATA,GEN_DUID,1,"2016/06/19 20:55:00",ROYALLA1,0,"2016/06/19 20:50:05"
D,METER_DATA,GEN_DUID,1,"2016/06/19 20:55:00",RPCG,-0.20,"2016/06/19 20:50:05"
D,METER_DATA,GEN_DUID,1,"2016/06/19 20:55:00",RUBICON,0,"2016/06/19 20:50:05"
D,METER_DATA,GEN_DUID,1,"2016/06/19 20:55:00",STARHLWF,1.399592,"2016/06/19 20:50:05"
D,METER_DATA,GEN_DUID,1,"2016/06/19 20:55:00",WAUBRAWF,82.9860,"2016/06/19 20:50:05"
D,METER_DATA,GEN_DUID,1,"2016/06/19 20:55:00",WOOLNTH1,26.010015,"2016/06/19 20:50:05"
D,METER_DATA,GEN_DUID,1,"2016/06/19 20:55:00",WPWF,5,"2016/06/19 20:50:05"
D,METER_DATA,GEN_DUID,1,"2016/06/19 20:55:00",YAMBUKWF,6.10,"2016/06/19 20:50:05"
D,METER_DATA,GEN_DUID,1,"2016/06/19 21:00:00",BBDISEL1,0,"2016/06/19 20:55:05"
D,METER_DATA,GEN_DUID,1,"2016/06/19 21:00:00",BUTLERSG,7.799998,"2016/06/19 20:55:05"
D,METER_DATA,GEN_DUID,1,"2016/06/19 21:00:00",CALL_A_4,0,"2016/06/19 20:55:05"
D,METER_DATA,GEN_DUID,1,"2016/06/19 21:00:00",CAPTL_WF,100.271996,"2016/06/19 20:55:05"
D,METER_DATA,GEN_DUID,1,"2016/06/19 21:00:00",CATAGUN1,0,"2016/06/19 20:55:05"
D,METER_DATA,GEN_DUID,1,"2016/06/19 21:00:00",CATHROCK,0,"2016/06/19 20:55:05"
D,METER_DATA,GEN_DUID,1,"2016/06/19 21:00:00",CHALLHWF,8.50,"2016/06/19 20:55:05"
D,METER_DATA,GEN_DUID,1,"2016/06/19 21:00:00",CLOVER,21.15,"2016/06/19 20:55:05"
D,METER_DATA,GEN_DUID,1,"2016/06/19 21:00:00",CLUNY,14.518641,"2016/06/19 20:55:05"
D,METER_DATA,GEN_DUID,1,"2016/06/19 21:00:00",CNUNDAWF,1.802102,"2016/06/19 20:55:05"
D,METER_DATA,GEN_DUID,1,"2016/06/19 21:00:00",CULLRGWF,24.450001,"2016/06/19 20:55:05"
D,METER_DATA,GEN_DUID,1,"2016/06/19 21:00:00",ERGT01,0,"2016/06/19 20:55:05"
D,METER_DATA,GEN_DUID,1,"2016/06/19 21:00:00",GB01,0.140236,"2016/06/19 20:55:05"
D,METER_DATA,GEN_DUID,1,"2016/06/19 21:00:00",GEORGTN1,0,"2016/06/19 20:55:05"
D,METER_DATA,GEN_DUID,1,"2016/06/19 21:00:00",GEORGTN2,0,"2016/06/19 20:55:05"
D,METER_DATA,GEN_DUID,1,"2016/06/19 21:00:00",GERMCRK,37.099998,"2016/06/19 20:55:05"
D,METER_DATA,GEN_DUID,1,"2016/06/19 21:00:00",INVICTA,38.1250,"2016/06/19 20:55:05"
D,METER_DATA,GEN_DUID,1,"2016/06/19 21:00:00",LKBONNY1,4.376159,"2016/06/19 20:55:05"
D,METER_DATA,GEN_DUID,1,"2016/06/19 21:00:00",MBAHNTH,59.756252,"2016/06/19 20:55:05"
D,METER_DATA,GEN_DUID,1,"2016/06/19 21:00:00",MEADOWB2,0,"2016/06/19 20:55:05"
D,METER_DATA,GEN_DUID,1,"2016/06/19 21:00:00",MLWF1,3.51,"2016/06/19 20:55:05"
D,METER_DATA,GEN_DUID,1,"2016/06/19 21:00:00",MTMILLAR,1.562675,"2016/06/19 20:55:05"
D,METER_DATA,GEN_DUID,1,"2016/06/19 21:00:00",PALOONA,23.539999,"2016/06/19 20:55:05"
D,METER_DATA,GEN_DUID,1,"2016/06/19 21:00:00",PORTLAT1,0,"2016/06/19 20:55:05"
D,METER_DATA,GEN_DUID,1,"2016/06/19 21:00:00",PORTWF,19.10,"2016/06/19 20:55:05"
D,METER_DATA,GEN_DUID,1,"2016/06/19 21:00:00",QUERIVE1,-0.11,"2016/06/19 20:55:05"
D,METER_DATA,GEN_DUID,1,"2016/06/19 21:00:00",REPULSE,27.210539,"2016/06/19 20:55:05"
D,METER_DATA,GEN_DUID,1,"2016/06/19 21:00:00",ROWALLAN,9.9613,"2016/06/19 20:55:05"
D,METER_DATA,GEN_DUID,1,"2016/06/19 21:00:00",ROYALLA1,0,"2016/06/19 20:55:05"
D,METER_DATA,GEN_DUID,1,"2016/06/19 21:00:00",RPCG,-0.20,"2016/06/19 20:55:05"
D,METER_DATA,GEN_DUID,1,"2016/06/19 21:00:00",RUBICON,0,"2016/06/19 20:55:05"
D,METER_DATA,GEN_DUID,1,"2016/06/19 21:00:00",STARHLWF,1.199650,"2016/06/19 20:55:05"
D,METER_DATA,GEN_DUID,1,"2016/06/19 21:00:00",WAUBRAWF,84.992996,"2016/06/19 20:55:05"
D,METER_DATA,GEN_DUID,1,"2016/06/19 21:00:00",WOOLNTH1,28.070015,"2016/06/19 20:55:05"
D,METER_DATA,GEN_DUID,1,"2016/06/19 21:00:00",WPWF,4,"2016/06/19 20:55:05"
D,METER_DATA,GEN_DUID,1,"2016/06/19 21:00:00",YAMBUKWF,5.20,"2016/06/19 20:55:05"
D,METER_DATA,GEN_DUID,1,"2016/06/19 21:05:00",BBDISEL1,0,"2016/06/19 21:00:04"
D,METER_DATA,GEN_DUID,1,"2016/06/19 21:05:00",BUTLERSG,7.799998,"2016/06/19 21:00:04"
D,METER_DATA,GEN_DUID,1,"2016/06/19 21:05:00",CALL_A_4,0,"2016/06/19 21:00:04"
D,METER_DATA,GEN_DUID,1,"2016/06/19 21:05:00",CAPTL_WF,96.928001,"2016/06/19 21:00:04"
D,METER_DATA,GEN_DUID,1,"2016/06/19 21:05:00",CATAGUN1,0,"2016/06/19 21:00:04"
D,METER_DATA,GEN_DUID,1,"2016/06/19 21:05:00",CATHROCK,0,"2016/06/19 21:00:04"
D,METER_DATA,GEN_DUID,1,"2016/06/19 21:05:00",CHALLHWF,8.40,"2016/06/19 21:00:04"
D,METER_DATA,GEN_DUID,1,"2016/06/19 21:05:00",CLOVER,24.16,"2016/06/19 21:00:04"
D,METER_DATA,GEN_DUID,1,"2016/06/19 21:05:00",CLUNY,15.561810,"2016/06/19 21:00:04"
D,METER_DATA,GEN_DUID,1,"2016/06/19 21:05:00",CNUNDAWF,2.603037,"2016/06/19 21:00:04"
D,METER_DATA,GEN_DUID,1,"2016/06/19 21:05:00",CULLRGWF,26.700001,"2016/06/19 21:00:04"
D,METER_DATA,GEN_DUID,1,"2016/06/19 21:05:00",ERGT01,0,"2016/06/19 21:00:04"
D,METER_DATA,GEN_DUID,1,"2016/06/19 21:05:00",GB01,0.140236,"2016/06/19 21:00:04"
D,METER_DATA,GEN_DUID,1,"2016/06/19 21:05:00",GEORGTN1,0,"2016/06/19 21:00:04"
D,METER_DATA,GEN_DUID,1,"2016/06/19 21:05:00",GEORGTN2,0,"2016/06/19 21:00:04"
D,METER_DATA,GEN_DUID,1,"2016/06/19 21:05:00",GERMCRK,36.599998,"2016/06/19 21:00:04"
D,METER_DATA,GEN_DUID,1,"2016/06/19 21:05:00",INVICTA,38.1250,"2016/06/19 21:00:04"
D,METER_DATA,GEN_DUID,1,"2016/06/19 21:05:00",LKBONNY1,3.750993,"2016/06/19 21:00:04"
D,METER_DATA,GEN_DUID,1,"2016/06/19 21:05:00",MBAHNTH,59.756252,"2016/06/19 21:00:04"
D,METER_DATA,GEN_DUID,1,"2016/06/19 21:05:00",MEADOWB2,0,"2016/06/19 21:00:04"
D,METER_DATA,GEN_DUID,1,"2016/06/19 21:05:00",MLWF1,3.51,"2016/06/19 21:00:04"
D,METER_DATA,GEN_DUID,1,"2016/06/19 21:05:00",MTMILLAR,1.406408,"2016/06/19 21:00:04"
D,METER_DATA,GEN_DUID,1,"2016/06/19 21:05:00",PALOONA,23.539999,"2016/06/19 21:00:04"
D,METER_DATA,GEN_DUID,1,"2016/06/19 21:05:00",PORTLAT1,0,"2016/06/19 21:00:04"
D,METER_DATA,GEN_DUID,1,"2016/06/19 21:05:00",PORTWF,19.60,"2016/06/19 21:00:04"
D,METER_DATA,GEN_DUID,1,"2016/06/19 21:05:00",QUERIVE1,-0.12,"2016/06/19 21:00:04"
D,METER_DATA,GEN_DUID,1,"2016/06/19 21:05:00",REPULSE,27.896519,"2016/06/19 21:00:04"
D,METER_DATA,GEN_DUID,1,"2016/06/19 21:05:00",ROWALLAN,10.0110,"2016/06/19 21:00:04"
D,METER_DATA,GEN_DUID,1,"2016/06/19 21:05:00",ROYALLA1,0,"2016/06/19 21:00:04"
D,METER_DATA,GEN_DUID,1,"2016/06/19 21:05:00",RPCG,-0.20,"2016/06/19 21:00:04"
D,METER_DATA,GEN_DUID,1,"2016/06/19 21:05:00",RUBICON,0,"2016/06/19 21:00:04"
D,METER_DATA,GEN_DUID,1,"2016/06/19 21:05:00",STARHLWF,0.799767,"2016/06/19 21:00:04"
D,METER_DATA,GEN_DUID,1,"2016/06/19 21:05:00",WAUBRAWF,87.754997,"2016/06/19 21:00:04"
D,METER_DATA,GEN_DUID,1,"2016/06/19 21:05:00",WOOLNTH1,27.400017,"2016/06/19 21:00:04"
D,METER_DATA,GEN_DUID,1,"2016/06/19 21:05:00",WPWF,5,"2016/06/19 21:00:04"
D,METER_DATA,GEN_DUID,1,"2016/06/19 21:05:00",YAMBUKWF,8.70,"2016/06/19 21:00:04"
D,METER_DATA,GEN_DUID,1,"2016/06/19 21:10:00",BBDISEL1,0,"2016/06/19 21:05:04"
D,METER_DATA,GEN_DUID,1,"2016/06/19 21:10:00",BUTLERSG,7.799998,"2016/06/19 21:05:04"
D,METER_DATA,GEN_DUID,1,"2016/06/19 21:10:00",CALL_A_4,0,"2016/06/19 21:05:04"
D,METER_DATA,GEN_DUID,1,"2016/06/19 21:10:00",CAPTL_WF,100,"2016/06/19 21:05:04"
D,METER_DATA,GEN_DUID,1,"2016/06/19 21:10:00",CATAGUN1,0,"2016/06/19 21:05:04"
D,METER_DATA,GEN_DUID,1,"2016/06/19 21:10:00",CATHROCK,0,"2016/06/19 21:05:04"
D,METER_DATA,GEN_DUID,1,"2016/06/19 21:10:00",CHALLHWF,10.30,"2016/06/19 21:05:04"
D,METER_DATA,GEN_DUID,1,"2016/06/19 21:10:00",CLOVER,24.34,"2016/06/19 21:05:04"
D,METER_DATA,GEN_DUID,1,"2016/06/19 21:10:00",CLUNY,15.018790,"2016/06/19 21:05:04"
D,METER_DATA,GEN_DUID,1,"2016/06/19 21:10:00",CNUNDAWF,3.203737,"2016/06/19 21:05:04"
D,METER_DATA,GEN_DUID,1,"2016/06/19 21:10:00",CULLRGWF,24.950001,"2016/06/19 21:05:04"
D,METER_DATA,GEN_DUID,1,"2016/06/19 21:10:00",ERGT01,0,"2016/06/19 21:05:04"
D,METER_DATA,GEN_DUID,1,"2016/06/19 21:10:00",GB01,0.140755,"2016/06/19 21:05:04"
D,METER_DATA,GEN_DUID,1,"2016/06/19 21:10:00",GEORGTN1,0,"2016/06/19 21:05:04"
D,METER_DATA,GEN_DUID,1,"2016/06/19 21:10:00",GEORGTN2,0,"2016/06/19 21:05:04"
D,METER_DATA,GEN_DUID,1,"2016/06/19 21:10:00",GERMCRK,37.099998,"2016/06/19 21:05:04"
D,METER_DATA,GEN_DUID,1,"2016/06/19 21:10:00",INVICTA,38.1250,"2016/06/19 21:05:04"
D,METER_DATA,GEN_DUID,1,"2016/06/19 21:10:00",LKBONNY1,2.589972,"2016/06/19 21:05:04"
D,METER_DATA,GEN_DUID,1,"2016/06/19 21:10:00",MBAHNTH,59.756252,"2016/06/19 21:05:04"
D,METER_DATA,GEN_DUID,1,"2016/06/19 21:10:00",MEADOWB2,0,"2016/06/19 21:05:04"
D,METER_DATA,GEN_DUID,1,"2016/06/19 21:10:00",MLWF1,3.3150,"2016/06/19 21:05:04"
D,METER_DATA,GEN_DUID,1,"2016/06/19 21:10:00",MTMILLAR,1.451056,"2016/06/19 21:05:04"
D,METER_DATA,GEN_DUID,1,"2016/06/19 21:10:00",PALOONA,23.539999,"2016/06/19 21:05:04"
D,METER_DATA,GEN_DUID,1,"2016/06/19 21:10:00",PORTLAT1,0,"2016/06/19 21:05:04"
D,METER_DATA,GEN_DUID,1,"2016/06/19 21:10:00",PORTWF,18.700001,"2016/06/19 21:05:04"
D,METER_DATA,GEN_DUID,1,"2016/06/19 21:10:00",QUERIVE1,-0.12,"2016/06/19 21:05:04"
D,METER_DATA,GEN_DUID,1,"2016/06/19 21:10:00",REPULSE,28.277620,"2016/06/19 21:05:04"
D,METER_DATA,GEN_DUID,1,"2016/06/19 21:10:00",ROWALLAN,10.0891,"2016/06/19 21:05:04"
D,METER_DATA,GEN_DUID,1,"2016/06/19 21:10:00",ROYALLA1,0,"2016/06/19 21:05:04"
D,METER_DATA,GEN_DUID,1,"2016/06/19 21:10:00",RPCG,-0.20,"2016/06/19 21:05:04"
D,METER_DATA,GEN_DUID,1,"2016/06/19 21:10:00",RUBICON,0,"2016/06/19 21:05:04"
D,METER_DATA,GEN_DUID,1,"2016/06/19 21:10:00",STARHLWF,0.399883,"2016/06/19 21:05:04"
D,METER_DATA,GEN_DUID,1,"2016/06/19 21:10:00",WAUBRAWF,87.232002,"2016/06/19 21:05:04"
D,METER_DATA,GEN_DUID,1,"2016/06/19 21:10:00",WOOLNTH1,22.980015,"2016/06/19 21:05:04"
D,METER_DATA,GEN_DUID,1,"2016/06/19 21:10:00",WPWF,6,"2016/06/19 21:05:04"
D,METER_DATA,GEN_DUID,1,"2016/06/19 21:10:00",YAMBUKWF,6.80,"2016/06/19 21:05:04"
D,METER_DATA,GEN_DUID,1,"2016/06/19 21:15:00",BBDISEL1,0,"2016/06/19 21:10:04"
D,METER_DATA,GEN_DUID,1,"2016/06/19 21:15:00",BUTLERSG,7.799998,"2016/06/19 21:10:04"
D,METER_DATA,GEN_DUID,1,"2016/06/19 21:15:00",CALL_A_4,0,"2016/06/19 21:10:04"
D,METER_DATA,GEN_DUID,1,"2016/06/19 21:15:00",CAPTL_WF,93.839996,"2016/06/19 21:10:04"
D,METER_DATA,GEN_DUID,1,"2016/06/19 21:15:00",CATAGUN1,0,"2016/06/19 21:10:04"
D,METER_DATA,GEN_DUID,1,"2016/06/19 21:15:00",CATHROCK,0,"2016/06/19 21:10:04"
D,METER_DATA,GEN_DUID,1,"2016/06/19 21:15:00",CHALLHWF,10.20,"2016/06/19 21:10:04"
D,METER_DATA,GEN_DUID,1,"2016/06/19 21:15:00",CLOVER,24.150002,"2016/06/19 21:10:04"
D,METER_DATA,GEN_DUID,1,"2016/06/19 21:15:00",CLUNY,15.033080,"2016/06/19 21:10:04"
D,METER_DATA,GEN_DUID,1,"2016/06/19 21:15:00",CNUNDAWF,2.402803,"2016/06/19 21:10:04"
D,METER_DATA,GEN_DUID,1,"2016/06/19 21:15:00",CULLRGWF,23.469999,"2016/06/19 21:10:04"
D,METER_DATA,GEN_DUID,1,"2016/06/19 21:15:00",ERGT01,0,"2016/06/19 21:10:04"
D,METER_DATA,GEN_DUID,1,"2016/06/19 21:15:00",GB01,0.140755,"2016/06/19 21:10:04"
D,METER_DATA,GEN_DUID,1,"2016/06/19 21:15:00",GEORGTN1,0,"2016/06/19 21:10:04"
D,METER_DATA,GEN_DUID,1,"2016/06/19 21:15:00",GEORGTN2,0,"2016/06/19 21:10:04"
D,METER_DATA,GEN_DUID,1,"2016/06/19 21:15:00",GERMCRK,38.799999,"2016/06/19 21:10:04"
D,METER_DATA,GEN_DUID,1,"2016/06/19 21:15:00",INVICTA,38.1250,"2016/06/19 21:10:04"
D,METER_DATA,GEN_DUID,1,"2016/06/19 21:15:00",LKBONNY1,3.750993,"2016/06/19 21:10:04"
D,METER_DATA,GEN_DUID,1,"2016/06/19 21:15:00",MBAHNTH,59.756252,"2016/06/19 21:10:04"
D,METER_DATA,GEN_DUID,1,"2016/06/19 21:15:00",MEADOWB2,0,"2016/06/19 21:10:04"
D,METER_DATA,GEN_DUID,1,"2016/06/19 21:15:00",MLWF1,3.0750,"2016/06/19 21:10:04"
D,METER_DATA,GEN_DUID,1,"2016/06/19 21:15:00",MTMILLAR,1.540352,"2016/06/19 21:10:04"
D,METER_DATA,GEN_DUID,1,"2016/06/19 21:15:00",PALOONA,23.539999,"2016/06/19 21:10:04"
D,METER_DATA,GEN_DUID,1,"2016/06/19 21:15:00",PORTLAT1,0,"2016/06/19 21:10:04"
D,METER_DATA,GEN_DUID,1,"2016/06/19 21:15:00",PORTWF,12.40,"2016/06/19 21:10:04"
D,METER_DATA,GEN_DUID,1,"2016/06/19 21:15:00",QUERIVE1,-0.11,"2016/06/19 21:10:04"
D,METER_DATA,GEN_DUID,1,"2016/06/19 21:15:00",REPULSE,27.667860,"2016/06/19 21:10:04"
D,METER_DATA,GEN_DUID,1,"2016/06/19 21:15:00",ROWALLAN,10.0394,"2016/06/19 21:10:04"
D,METER_DATA,GEN_DUID,1,"2016/06/19 21:15:00",ROYALLA1,0,"2016/06/19 21:10:04"
D,METER_DATA,GEN_DUID,1,"2016/06/19 21:15:00",RPCG,-0.20,"2016/06/19 21:10:04"
D,METER_DATA,GEN_DUID,1,"2016/06/19 21:15:00",RUBICON,0,"2016/06/19 21:10:04"
D,METER_DATA,GEN_DUID,1,"2016/06/19 21:15:00",STARHLWF,0.399883,"2016/06/19 21:10:04"
D,METER_DATA,GEN_DUID,1,"2016/06/19 21:15:00",WAUBRAWF,91.410004,"2016/06/19 21:10:04"
D,METER_DATA,GEN_DUID,1,"2016/06/19 21:15:00",WOOLNTH1,21.640015,"2016/06/19 21:10:04"
D,METER_DATA,GEN_DUID,1,"2016/06/19 21:15:00",WPWF,7,"2016/06/19 21:10:04"
D,METER_DATA,GEN_DUID,1,"2016/06/19 21:15:00",YAMBUKWF,5.70,"2016/06/19 21:10:04"
D,METER_DATA,GEN_DUID,1,"2016/06/19 21:20:00",BBDISEL1,0,"2016/06/19 21:15:05"
D,METER_DATA,GEN_DUID,1,"2016/06/19 21:20:00",BUTLERSG,7.799998,"2016/06/19 21:15:05"
D,METER_DATA,GEN_DUID,1,"2016/06/19 21:20:00",CALL_A_4,0,"2016/06/19 21:15:05"
D,METER_DATA,GEN_DUID,1,"2016/06/19 21:20:00",CAPTL_WF,92.732002,"2016/06/19 21:15:05"
D,METER_DATA,GEN_DUID,1,"2016/06/19 21:20:00",CATAGUN1,0,"2016/06/19 21:15:05"
D,METER_DATA,GEN_DUID,1,"2016/06/19 21:20:00",CATHROCK,0,"2016/06/19 21:15:05"
D,METER_DATA,GEN_DUID,1,"2016/06/19 21:20:00",CHALLHWF,10.10,"2016/06/19 21:15:05"
D,METER_DATA,GEN_DUID,1,"2016/06/19 21:20:00",CLOVER,24.130001,"2016/06/19 21:15:05"
D,METER_DATA,GEN_DUID,1,"2016/06/19 21:20:00",CLUNY,15.0045,"2016/06/19 21:15:05"
D,METER_DATA,GEN_DUID,1,"2016/06/19 21:20:00",CNUNDAWF,2.402803,"2016/06/19 21:15:05"
D,METER_DATA,GEN_DUID,1,"2016/06/19 21:20:00",CULLRGWF,22.07,"2016/06/19 21:15:05"
D,METER_DATA,GEN_DUID,1,"2016/06/19 21:20:00",ERGT01,0,"2016/06/19 21:15:05"
D,METER_DATA,GEN_DUID,1,"2016/06/19 21:20:00",GB01,0.140755,"2016/06/19 21:15:05"
D,METER_DATA,GEN_DUID,1,"2016/06/19 21:20:00",GEORGTN1,0,"2016/06/19 21:15:05"
D,METER_DATA,GEN_DUID,1,"2016/06/19 21:20:00",GEORGTN2,0,"2016/06/19 21:15:05"
D,METER_DATA,GEN_DUID,1,"2016/06/19 21:20:00",GERMCRK,38.900002,"2016/06/19 21:15:05"
D,METER_DATA,GEN_DUID,1,"2016/06/19 21:20:00",INVICTA,38.1250,"2016/06/19 21:15:05"
D,METER_DATA,GEN_DUID,1,"2016/06/19 21:20:00",LKBONNY1,4.465468,"2016/06/19 21:15:05"
D,METER_DATA,GEN_DUID,1,"2016/06/19 21:20:00",MBAHNTH,59.756252,"2016/06/19 21:15:05"
D,METER_DATA,GEN_DUID,1,"2016/06/19 21:20:00",MEADOWB2,0,"2016/06/19 21:15:05"
D,METER_DATA,GEN_DUID,1,"2016/06/19 21:20:00",MLWF1,2.8950,"2016/06/19 21:15:05"
D,METER_DATA,GEN_DUID,1,"2016/06/19 21:20:00",MTMILLAR,1.718943,"2016/06/19 21:15:05"
D,METER_DATA,GEN_DUID,1,"2016/06/19 21:20:00",PALOONA,23.539999,"2016/06/19 21:15:05"
D,METER_DATA,GEN_DUID,1,"2016/06/19 21:20:00",PORTLAT1,0,"2016/06/19 21:15:05"
D,METER_DATA,GEN_DUID,1,"2016/06/19 21:20:00",PORTWF,9.20,"2016/06/19 21:15:05"
D,METER_DATA,GEN_DUID,1,"2016/06/19 21:20:00",QUERIVE1,-0.12,"2016/06/19 21:15:05"
D,METER_DATA,GEN_DUID,1,"2016/06/19 21:20:00",REPULSE,27.477310,"2016/06/19 21:15:05"
D,METER_DATA,GEN_DUID,1,"2016/06/19 21:20:00",ROWALLAN,10.2027,"2016/06/19 21:15:05"
D,METER_DATA,GEN_DUID,1,"2016/06/19 21:20:00",ROYALLA1,0,"2016/06/19 21:15:05"
D,METER_DATA,GEN_DUID,1,"2016/06/19 21:20:00",RPCG,-0.20,"2016/06/19 21:15:05"
D,METER_DATA,GEN_DUID,1,"2016/06/19 21:20:00",RUBICON,0,"2016/06/19 21:15:05"
D,METER_DATA,GEN_DUID,1,"2016/06/19 21:20:00",STARHLWF,0.499854,"2016/06/19 21:15:05"
D,METER_DATA,GEN_DUID,1,"2016/06/19 21:20:00",WAUBRAWF,92.57,"2016/06/19 21:15:05"
D,METER_DATA,GEN_DUID,1,"2016/06/19 21:20:00",WOOLNTH1,22.400017,"2016/06/19 21:15:05"
D,METER_DATA,GEN_DUID,1,"2016/06/19 21:20:00",WPWF,8,"2016/06/19 21:15:05"
D,METER_DATA,GEN_DUID,1,"2016/06/19 21:20:00",YAMBUKWF,4.70,"2016/06/19 21:15:05"
D,METER_DATA,GEN_DUID,1,"2016/06/19 21:25:00",BBDISEL1,0,"2016/06/19 21:20:05"
D,METER_DATA,GEN_DUID,1,"2016/06/19 21:25:00",BUTLERSG,7.799998,"2016/06/19 21:20:05"
D,METER_DATA,GEN_DUID,1,"2016/06/19 21:25:00",CALL_A_4,0,"2016/06/19 21:20:05"
D,METER_DATA,GEN_DUID,1,"2016/06/19 21:25:00",CAPTL_WF,81.980003,"2016/06/19 21:20:05"
D,METER_DATA,GEN_DUID,1,"2016/06/19 21:25:00",CATAGUN1,0,"2016/06/19 21:20:05"
D,METER_DATA,GEN_DUID,1,"2016/06/19 21:25:00",CATHROCK,0,"2016/06/19 21:20:05"
D,METER_DATA,GEN_DUID,1,"2016/06/19 21:25:00",CHALLHWF,5.20,"2016/06/19 21:20:05"
D,METER_DATA,GEN_DUID,1,"2016/06/19 21:25:00",CLOVER,24.380001,"2016/06/19 21:20:05"
D,METER_DATA,GEN_DUID,1,"2016/06/19 21:25:00",CLUNY,15.518940,"2016/06/19 21:20:05"
D,METER_DATA,GEN_DUID,1,"2016/06/19 21:25:00",CNUNDAWF,3.704321,"2016/06/19 21:20:05"
D,METER_DATA,GEN_DUID,1,"2016/06/19 21:25:00",CULLRGWF,20.77,"2016/06/19 21:20:05"
D,METER_DATA,GEN_DUID,1,"2016/06/19 21:25:00",ERGT01,0,"2016/06/19 21:20:05"
D,METER_DATA,GEN_DUID,1,"2016/06/19 21:25:00",GB01,0.140755,"2016/06/19 21:20:05"
D,METER_DATA,GEN_DUID,1,"2016/06/19 21:25:00",GEORGTN1,0,"2016/06/19 21:20:05"
D,METER_DATA,GEN_DUID,1,"2016/06/19 21:25:00",GEORGTN2,0,"2016/06/19 21:20:05"
D,METER_DATA,GEN_DUID,1,"2016/06/19 21:25:00",GERMCRK,39.200001,"2016/06/19 21:20:05"
D,METER_DATA,GEN_DUID,1,"2016/06/19 21:25:00",INVICTA,37.025002,"2016/06/19 21:20:05"
D,METER_DATA,GEN_DUID,1,"2016/06/19 21:25:00",LKBONNY1,3.929612,"2016/06/19 21:20:05"
D,METER_DATA,GEN_DUID,1,"2016/06/19 21:25:00",MBAHNTH,59.756252,"2016/06/19 21:20:05"
D,METER_DATA,GEN_DUID,1,"2016/06/19 21:25:00",MEADOWB2,0,"2016/06/19 21:20:05"
D,METER_DATA,GEN_DUID,1,"2016/06/19 21:25:00",MLWF1,2.7750,"2016/06/19 21:20:05"
D,METER_DATA,GEN_DUID,1,"2016/06/19 21:25:00",MTMILLAR,1.845445,"2016/06/19 21:20:05"
D,METER_DATA,GEN_DUID,1,"2016/06/19 21:25:00",PALOONA,23.539999,"2016/06/19 21:20:05"
D,METER_DATA,GEN_DUID,1,"2016/06/19 21:25:00",PORTLAT1,0,"2016/06/19 21:20:05"
D,METER_DATA,GEN_DUID,1,"2016/06/19 21:25:00",PORTWF,9.80,"2016/06/19 21:20:05"
D,METER_DATA,GEN_DUID,1,"2016/06/19 21:25:00",QUERIVE1,-0.12,"2016/06/19 21:20:05"
D,METER_DATA,GEN_DUID,1,"2016/06/19 21:25:00",REPULSE,28.430059,"2016/06/19 21:20:05"
D,METER_DATA,GEN_DUID,1,"2016/06/19 21:25:00",ROWALLAN,10.1885,"2016/06/19 21:20:05"
D,METER_DATA,GEN_DUID,1,"2016/06/19 21:25:00",ROYALLA1,0,"2016/06/19 21:20:05"
D,METER_DATA,GEN_DUID,1,"2016/06/19 21:25:00",RPCG,-0.20,"2016/06/19 21:20:05"
D,METER_DATA,GEN_DUID,1,"2016/06/19 21:25:00",RUBICON,0,"2016/06/19 21:20:05"
D,METER_DATA,GEN_DUID,1,"2016/06/19 21:25:00",STARHLWF,0.499854,"2016/06/19 21:20:05"
D,METER_DATA,GEN_DUID,1,"2016/06/19 21:25:00",WAUBRAWF,91.533997,"2016/06/19 21:20:05"
D,METER_DATA,GEN_DUID,1,"2016/06/19 21:25:00",WOOLNTH1,22.030014,"2016/06/19 21:20:05"
D,METER_DATA,GEN_DUID,1,"2016/06/19 21:25:00",WPWF,9,"2016/06/19 21:20:05"
D,METER_DATA,GEN_DUID,1,"2016/06/19 21:25:00",YAMBUKWF,3.90,"2016/06/19 21:20:05"
D,METER_DATA,GEN_DUID,1,"2016/06/19 21:30:00",BBDISEL1,0,"2016/06/19 21:25:05"
D,METER_DATA,GEN_DUID,1,"2016/06/19 21:30:00",BUTLERSG,7.799998,"2016/06/19 21:25:05"
D,METER_DATA,GEN_DUID,1,"2016/06/19 21:30:00",CALL_A_4,0,"2016/06/19 21:25:05"
D,METER_DATA,GEN_DUID,1,"2016/06/19 21:30:00",CAPTL_WF,95.220001,"2016/06/19 21:25:05"
D,METER_DATA,GEN_DUID,1,"2016/06/19 21:30:00",CATAGUN1,0,"2016/06/19 21:25:05"
D,METER_DATA,GEN_DUID,1,"2016/06/19 21:30:00",CATHROCK,0,"2016/06/19 21:25:05"
D,METER_DATA,GEN_DUID,1,"2016/06/19 21:30:00",CHALLHWF,4.40,"2016/06/19 21:25:05"
D,METER_DATA,GEN_DUID,1,"2016/06/19 21:30:00",CLOVER,24.540001,"2016/06/19 21:25:05"
D,METER_DATA,GEN_DUID,1,"2016/06/19 21:30:00",CLUNY,15.447491,"2016/06/19 21:25:05"
D,METER_DATA,GEN_DUID,1,"2016/06/19 21:30:00",CNUNDAWF,5.406307,"2016/06/19 21:25:05"
D,METER_DATA,GEN_DUID,1,"2016/06/19 21:30:00",CULLRGWF,18.48,"2016/06/19 21:25:05"
D,METER_DATA,GEN_DUID,1,"2016/06/19 21:30:00",ERGT01,0,"2016/06/19 21:25:05"
D,METER_DATA,GEN_DUID,1,"2016/06/19 21:30:00",GB01,0.140755,"2016/06/19 21:25:05"
D,METER_DATA,GEN_DUID,1,"2016/06/19 21:30:00",GEORGTN1,0,"2016/06/19 21:25:05"
D,METER_DATA,GEN_DUID,1,"2016/06/19 21:30:00",GEORGTN2,0,"2016/06/19 21:25:05"
D,METER_DATA,GEN_DUID,1,"2016/06/19 21:30:00",GERMCRK,39.299999,"2016/06/19 21:25:05"
D,METER_DATA,GEN_DUID,1,"2016/06/19 21:30:00",INVICTA,37.025002,"2016/06/19 21:25:05"
D,METER_DATA,GEN_DUID,1,"2016/06/19 21:30:00",LKBONNY1,2.947209,"2016/06/19 21:25:05"
D,METER_DATA,GEN_DUID,1,"2016/06/19 21:30:00",MBAHNTH,59.756252,"2016/06/19 21:25:05"
D,METER_DATA,GEN_DUID,1,"2016/06/19 21:30:00",MEADOWB2,0,"2016/06/19 21:25:05"
D,METER_DATA,GEN_DUID,1,"2016/06/19 21:30:00",MLWF1,2.70,"2016/06/19 21:25:05"
D,METER_DATA,GEN_DUID,1,"2016/06/19 21:30:00",MTMILLAR,1.570117,"2016/06/19 21:25:05"
D,METER_DATA,GEN_DUID,1,"2016/06/19 21:30:00",PALOONA,23.539999,"2016/06/19 21:25:05"
D,METER_DATA,GEN_DUID,1,"2016/06/19 21:30:00",PORTLAT1,0,"2016/06/19 21:25:05"
D,METER_DATA,GEN_DUID,1,"2016/06/19 21:30:00",PORTWF,8,"2016/06/19 21:25:05"
D,METER_DATA,GEN_DUID,1,"2016/06/19 21:30:00",QUERIVE1,-0.12,"2016/06/19 21:25:05"
D,METER_DATA,GEN_DUID,1,"2016/06/19 21:30:00",REPULSE,27.858410,"2016/06/19 21:25:05"
D,METER_DATA,GEN_DUID,1,"2016/06/19 21:30:00",ROWALLAN,10.2098,"2016/06/19 21:25:05"
D,METER_DATA,GEN_DUID,1,"2016/06/19 21:30:00",ROYALLA1,0,"2016/06/19 21:25:05"
D,METER_DATA,GEN_DUID,1,"2016/06/19 21:30:00",RPCG,-0.20,"2016/06/19 21:25:05"
D,METER_DATA,GEN_DUID,1,"2016/06/19 21:30:00",RUBICON,0,"2016/06/19 21:25:05"
D,METER_DATA,GEN_DUID,1,"2016/06/19 21:30:00",STARHLWF,0.499854,"2016/06/19 21:25:05"
D,METER_DATA,GEN_DUID,1,"2016/06/19 21:30:00",WAUBRAWF,85.960999,"2016/06/19 21:25:05"
D,METER_DATA,GEN_DUID,1,"2016/06/19 21:30:00",WOOLNTH1,23.590015,"2016/06/19 21:25:05"
D,METER_DATA,GEN_DUID,1,"2016/06/19 21:30:00",WPWF,11,"2016/06/19 21:25:05"
D,METER_DATA,GEN_DUID,1,"2016/06/19 21:30:00",YAMBUKWF,3.30,"2016/06/19 21:25:05"
D,METER_DATA,GEN_DUID,1,"2016/06/19 21:35:00",BBDISEL1,0,"2016/06/19 21:30:04"
D,METER_DATA,GEN_DUID,1,"2016/06/19 21:35:00",BUTLERSG,7.799998,"2016/06/19 21:30:04"
D,METER_DATA,GEN_DUID,1,"2016/06/19 21:35:00",CALL_A_4,0,"2016/06/19 21:30:04"
D,METER_DATA,GEN_DUID,1,"2016/06/19 21:35:00",CAPTL_WF,100.068001,"2016/06/19 21:30:04"
D,METER_DATA,GEN_DUID,1,"2016/06/19 21:35:00",CATAGUN1,0,"2016/06/19 21:30:04"
D,METER_DATA,GEN_DUID,1,"2016/06/19 21:35:00",CATHROCK,0,"2016/06/19 21:30:04"
D,METER_DATA,GEN_DUID,1,"2016/06/19 21:35:00",CHALLHWF,5.20,"2016/06/19 21:30:04"
D,METER_DATA,GEN_DUID,1,"2016/06/19 21:35:00",CLOVER,24.209999,"2016/06/19 21:30:04"
D,METER_DATA,GEN_DUID,1,"2016/06/19 21:35:00",CLUNY,14.261420,"2016/06/19 21:30:04"
D,METER_DATA,GEN_DUID,1,"2016/06/19 21:35:00",CNUNDAWF,5.706657,"2016/06/19 21:30:04"
D,METER_DATA,GEN_DUID,1,"2016/06/19 21:35:00",CULLRGWF,10.38,"2016/06/19 21:30:04"
D,METER_DATA,GEN_DUID,1,"2016/06/19 21:35:00",ERGT01,0,"2016/06/19 21:30:04"
D,METER_DATA,GEN_DUID,1,"2016/06/19 21:35:00",GB01,0.140755,"2016/06/19 21:30:04"
D,METER_DATA,GEN_DUID,1,"2016/06/19 21:35:00",GEORGTN1,0,"2016/06/19 21:30:04"
D,METER_DATA,GEN_DUID,1,"2016/06/19 21:35:00",GEORGTN2,0,"2016/06/19 21:30:04"
D,METER_DATA,GEN_DUID,1,"2016/06/19 21:35:00",GERMCRK,39.200001,"2016/06/19 21:30:04"
D,METER_DATA,GEN_DUID,1,"2016/06/19 21:35:00",INVICTA,38.049999,"2016/06/19 21:30:04"
D,METER_DATA,GEN_DUID,1,"2016/06/19 21:35:00",LKBONNY1,3.304446,"2016/06/19 21:30:04"
D,METER_DATA,GEN_DUID,1,"2016/06/19 21:35:00",MBAHNTH,59.756252,"2016/06/19 21:30:04"
D,METER_DATA,GEN_DUID,1,"2016/06/19 21:35:00",MEADOWB2,0,"2016/06/19 21:30:04"
D,METER_DATA,GEN_DUID,1,"2016/06/19 21:35:00",MLWF1,3.09,"2016/06/19 21:30:04"
D,METER_DATA,GEN_DUID,1,"2016/06/19 21:35:00",MTMILLAR,1.726384,"2016/06/19 21:30:04"
D,METER_DATA,GEN_DUID,1,"2016/06/19 21:35:00",PALOONA,23.559999,"2016/06/19 21:30:04"
D,METER_DATA,GEN_DUID,1,"2016/06/19 21:35:00",PORTLAT1,0,"2016/06/19 21:30:04"
D,METER_DATA,GEN_DUID,1,"2016/06/19 21:35:00",PORTWF,8.10,"2016/06/19 21:30:04"
D,METER_DATA,GEN_DUID,1,"2016/06/19 21:35:00",QUERIVE1,-0.12,"2016/06/19 21:30:04"
D,METER_DATA,GEN_DUID,1,"2016/06/19 21:35:00",REPULSE,27.858410,"2016/06/19 21:30:04"
D,METER_DATA,GEN_DUID,1,"2016/06/19 21:35:00",ROWALLAN,10.1246,"2016/06/19 21:30:04"
D,METER_DATA,GEN_DUID,1,"2016/06/19 21:35:00",ROYALLA1,0,"2016/06/19 21:30:04"
D,METER_DATA,GEN_DUID,1,"2016/06/19 21:35:00",RPCG,-0.20,"2016/06/19 21:30:04"
D,METER_DATA,GEN_DUID,1,"2016/06/19 21:35:00",RUBICON,0,"2016/06/19 21:30:04"
D,METER_DATA,GEN_DUID,1,"2016/06/19 21:35:00",STARHLWF,0.499854,"2016/06/19 21:30:04"
D,METER_DATA,GEN_DUID,1,"2016/06/19 21:35:00",WAUBRAWF,87.360001,"2016/06/19 21:30:04"
D,METER_DATA,GEN_DUID,1,"2016/06/19 21:35:00",WOOLNTH1,25.350016,"2016/06/19 21:30:04"
D,METER_DATA,GEN_DUID,1,"2016/06/19 21:35:00",WPWF,9,"2016/06/19 21:30:04"
D,METER_DATA,GEN_DUID,1,"2016/06/19 21:35:00",YAMBUKWF,4.30,"2016/06/19 21:30:04"
D,METER_DATA,GEN_DUID,1,"2016/06/19 21:40:00",BBDISEL1,0,"2016/06/19 21:35:04"
D,METER_DATA,GEN_DUID,1,"2016/06/19 21:40:00",BUTLERSG,7.799998,"2016/06/19 21:35:04"
D,METER_DATA,GEN_DUID,1,"2016/06/19 21:40:00",CALL_A_4,0,"2016/06/19 21:35:04"
D,METER_DATA,GEN_DUID,1,"2016/06/19 21:40:00",CAPTL_WF,105.6520,"2016/06/19 21:35:04"
D,METER_DATA,GEN_DUID,1,"2016/06/19 21:40:00",CATAGUN1,0,"2016/06/19 21:35:04"
D,METER_DATA,GEN_DUID,1,"2016/06/19 21:40:00",CATHROCK,0,"2016/06/19 21:35:04"
D,METER_DATA,GEN_DUID,1,"2016/06/19 21:40:00",CHALLHWF,4.20,"2016/06/19 21:35:04"
D,METER_DATA,GEN_DUID,1,"2016/06/19 21:40:00",CLOVER,24.540001,"2016/06/19 21:35:04"
D,METER_DATA,GEN_DUID,1,"2016/06/19 21:40:00",CLUNY,14.247130,"2016/06/19 21:35:04"
D,METER_DATA,GEN_DUID,1,"2016/06/19 21:40:00",CNUNDAWF,5.506423,"2016/06/19 21:35:04"
D,METER_DATA,GEN_DUID,1,"2016/06/19 21:40:00",CULLRGWF,6.55,"2016/06/19 21:35:04"
D,METER_DATA,GEN_DUID,1,"2016/06/19 21:40:00",ERGT01,0,"2016/06/19 21:35:04"
D,METER_DATA,GEN_DUID,1,"2016/06/19 21:40:00",GB01,0.140755,"2016/06/19 21:35:04"
D,METER_DATA,GEN_DUID,1,"2016/06/19 21:40:00",GEORGTN1,0,"2016/06/19 21:35:04"
D,METER_DATA,GEN_DUID,1,"2016/06/19 21:40:00",GEORGTN2,0,"2016/06/19 21:35:04"
D,METER_DATA,GEN_DUID,1,"2016/06/19 21:40:00",GERMCRK,38.799999,"2016/06/19 21:35:04"
D,METER_DATA,GEN_DUID,1,"2016/06/19 21:40:00",INVICTA,38.049999,"2016/06/19 21:35:04"
D,METER_DATA,GEN_DUID,1,"2016/06/19 21:40:00",LKBONNY1,3.661684,"2016/06/19 21:35:04"
D,METER_DATA,GEN_DUID,1,"2016/06/19 21:40:00",MBAHNTH,59.756252,"2016/06/19 21:35:04"
D,METER_DATA,GEN_DUID,1,"2016/06/19 21:40:00",MEADOWB2,0,"2016/06/19 21:35:04"
D,METER_DATA,GEN_DUID,1,"2016/06/19 21:40:00",MLWF1,3.42,"2016/06/19 21:35:04"
D,METER_DATA,GEN_DUID,1,"2016/06/19 21:40:00",MTMILLAR,1.428732,"2016/06/19 21:35:04"
D,METER_DATA,GEN_DUID,1,"2016/06/19 21:40:00",PALOONA,23.559999,"2016/06/19 21:35:04"
D,METER_DATA,GEN_DUID,1,"2016/06/19 21:40:00",PORTLAT1,0,"2016/06/19 21:35:04"
D,METER_DATA,GEN_DUID,1,"2016/06/19 21:40:00",PORTWF,8,"2016/06/19 21:35:04"
D,METER_DATA,GEN_DUID,1,"2016/06/19 21:40:00",QUERIVE1,-0.12,"2016/06/19 21:35:04"
D,METER_DATA,GEN_DUID,1,"2016/06/19 21:40:00",REPULSE,26.276844,"2016/06/19 21:35:04"
D,METER_DATA,GEN_DUID,1,"2016/06/19 21:40:00",ROWALLAN,10.2808,"2016/06/19 21:35:04"
D,METER_DATA,GEN_DUID,1,"2016/06/19 21:40:00",ROYALLA1,0,"2016/06/19 21:35:04"
D,METER_DATA,GEN_DUID,1,"2016/06/19 21:40:00",RPCG,-0.20,"2016/06/19 21:35:04"
D,METER_DATA,GEN_DUID,1,"2016/06/19 21:40:00",RUBICON,0,"2016/06/19 21:35:04"
D,METER_DATA,GEN_DUID,1,"2016/06/19 21:40:00",STARHLWF,0.299913,"2016/06/19 21:35:04"
D,METER_DATA,GEN_DUID,1,"2016/06/19 21:40:00",WAUBRAWF,90.521004,"2016/06/19 21:35:04"
D,METER_DATA,GEN_DUID,1,"2016/06/19 21:40:00",WOOLNTH1,27.630016,"2016/06/19 21:35:04"
D,METER_DATA,GEN_DUID,1,"2016/06/19 21:40:00",WPWF,8,"2016/06/19 21:35:04"
D,METER_DATA,GEN_DUID,1,"2016/06/19 21:40:00",YAMBUKWF,3.10,"2016/06/19 21:35:04"
D,METER_DATA,GEN_DUID,1,"2016/06/19 21:45:00",BBDISEL1,0,"2016/06/19 21:40:05"
D,METER_DATA,GEN_DUID,1,"2016/06/19 21:45:00",BUTLERSG,7.799998,"2016/06/19 21:40:05"
D,METER_DATA,GEN_DUID,1,"2016/06/19 21:45:00",CALL_A_4,0,"2016/06/19 21:40:05"
D,METER_DATA,GEN_DUID,1,"2016/06/19 21:45:00",CAPTL_WF,106.691994,"2016/06/19 21:40:05"
D,METER_DATA,GEN_DUID,1,"2016/06/19 21:45:00",CATAGUN1,0,"2016/06/19 21:40:05"
D,METER_DATA,GEN_DUID,1,"2016/06/19 21:45:00",CATHROCK,0,"2016/06/19 21:40:05"
D,METER_DATA,GEN_DUID,1,"2016/06/19 21:45:00",CHALLHWF,2.80,"2016/06/19 21:40:05"
D,METER_DATA,GEN_DUID,1,"2016/06/19 21:45:00",CLOVER,24.469999,"2016/06/19 21:40:05"
D,METER_DATA,GEN_DUID,1,"2016/06/19 21:45:00",CLUNY,14.947340,"2016/06/19 21:40:05"
D,METER_DATA,GEN_DUID,1,"2016/06/19 21:45:00",CNUNDAWF,5.406307,"2016/06/19 21:40:05"
D,METER_DATA,GEN_DUID,1,"2016/06/19 21:45:00",CULLRGWF,6.49,"2016/06/19 21:40:05"
D,METER_DATA,GEN_DUID,1,"2016/06/19 21:45:00",ERGT01,0,"2016/06/19 21:40:05"
D,METER_DATA,GEN_DUID,1,"2016/06/19 21:45:00",GB01,0.140755,"2016/06/19 21:40:05"
D,METER_DATA,GEN_DUID,1,"2016/06/19 21:45:00",GEORGTN1,0,"2016/06/19 21:40:05"
D,METER_DATA,GEN_DUID,1,"2016/06/19 21:45:00",GEORGTN2,0,"2016/06/19 21:40:05"
D,METER_DATA,GEN_DUID,1,"2016/06/19 21:45:00",GERMCRK,38.700001,"2016/06/19 21:40:05"
D,METER_DATA,GEN_DUID,1,"2016/06/19 21:45:00",INVICTA,38.049999,"2016/06/19 21:40:05"
D,METER_DATA,GEN_DUID,1,"2016/06/19 21:45:00",LKBONNY1,5.001324,"2016/06/19 21:40:05"
D,METER_DATA,GEN_DUID,1,"2016/06/19 21:45:00",MBAHNTH,59.756252,"2016/06/19 21:40:05"
D,METER_DATA,GEN_DUID,1,"2016/06/19 21:45:00",MEADOWB2,0,"2016/06/19 21:40:05"
D,METER_DATA,GEN_DUID,1,"2016/06/19 21:45:00",MLWF1,3.4050,"2016/06/19 21:40:05"
D,METER_DATA,GEN_DUID,1,"2016/06/19 21:45:00",MTMILLAR,1.443614,"2016/06/19 21:40:05"
D,METER_DATA,GEN_DUID,1,"2016/06/19 21:45:00",PALOONA,23.43,"2016/06/19 21:40:05"
D,METER_DATA,GEN_DUID,1,"2016/06/19 21:45:00",PORTLAT1,0,"2016/06/19 21:40:05"
D,METER_DATA,GEN_DUID,1,"2016/06/19 21:45:00",PORTWF,8.10,"2016/06/19 21:40:05"
D,METER_DATA,GEN_DUID,1,"2016/06/19 21:45:00",QUERIVE1,-0.12,"2016/06/19 21:40:05"
D,METER_DATA,GEN_DUID,1,"2016/06/19 21:45:00",REPULSE,27.801245,"2016/06/19 21:40:05"
D,METER_DATA,GEN_DUID,1,"2016/06/19 21:45:00",ROWALLAN,10.3021,"2016/06/19 21:40:05"
D,METER_DATA,GEN_DUID,1,"2016/06/19 21:45:00",ROYALLA1,0,"2016/06/19 21:40:05"
D,METER_DATA,GEN_DUID,1,"2016/06/19 21:45:00",RPCG,-0.20,"2016/06/19 21:40:05"
D,METER_DATA,GEN_DUID,1,"2016/06/19 21:45:00",RUBICON,0,"2016/06/19 21:40:05"
D,METER_DATA,GEN_DUID,1,"2016/06/19 21:45:00",STARHLWF,0.299913,"2016/06/19 21:40:05"
D,METER_DATA,GEN_DUID,1,"2016/06/19 21:45:00",WAUBRAWF,91.992996,"2016/06/19 21:40:05"
D,METER_DATA,GEN_DUID,1,"2016/06/19 21:45:00",WOOLNTH1,27.010015,"2016/06/19 21:40:05"
D,METER_DATA,GEN_DUID,1,"2016/06/19 21:45:00",WPWF,5,"2016/06/19 21:40:05"
D,METER_DATA,GEN_DUID,1,"2016/06/19 21:45:00",YAMBUKWF,3.30,"2016/06/19 21:40:05"
D,METER_DATA,GEN_DUID,1,"2016/06/19 21:50:00",BBDISEL1,0,"2016/06/19 21:45:05"
D,METER_DATA,GEN_DUID,1,"2016/06/19 21:50:00",BUTLERSG,7.799998,"2016/06/19 21:45:05"
D,METER_DATA,GEN_DUID,1,"2016/06/19 21:50:00",CALL_A_4,0,"2016/06/19 21:45:05"
D,METER_DATA,GEN_DUID,1,"2016/06/19 21:50:00",CAPTL_WF,114.5560,"2016/06/19 21:45:05"
D,METER_DATA,GEN_DUID,1,"2016/06/19 21:50:00",CATAGUN1,0,"2016/06/19 21:45:05"
D,METER_DATA,GEN_DUID,1,"2016/06/19 21:50:00",CATHROCK,0,"2016/06/19 21:45:05"
D,METER_DATA,GEN_DUID,1,"2016/06/19 21:50:00",CHALLHWF,2.10,"2016/06/19 21:45:05"
D,METER_DATA,GEN_DUID,1,"2016/06/19 21:50:00",CLOVER,24.49,"2016/06/19 21:45:05"
D,METER_DATA,GEN_DUID,1,"2016/06/19 21:50:00",CLUNY,14.961630,"2016/06/19 21:45:05"
D,METER_DATA,GEN_DUID,1,"2016/06/19 21:50:00",CNUNDAWF,4.505256,"2016/06/19 21:45:05"
D,METER_DATA,GEN_DUID,1,"2016/06/19 21:50:00",CULLRGWF,16.709999,"2016/06/19 21:45:05"
D,METER_DATA,GEN_DUID,1,"2016/06/19 21:50:00",ERGT01,0,"2016/06/19 21:45:05"
D,METER_DATA,GEN_DUID,1,"2016/06/19 21:50:00",GB01,0.140755,"2016/06/19 21:45:05"
D,METER_DATA,GEN_DUID,1,"2016/06/19 21:50:00",GEORGTN1,0,"2016/06/19 21:45:05"
D,METER_DATA,GEN_DUID,1,"2016/06/19 21:50:00",GEORGTN2,0,"2016/06/19 21:45:05"
D,METER_DATA,GEN_DUID,1,"2016/06/19 21:50:00",GERMCRK,36.299999,"2016/06/19 21:45:05"
D,METER_DATA,GEN_DUID,1,"2016/06/19 21:50:00",INVICTA,38.049999,"2016/06/19 21:45:05"
D,METER_DATA,GEN_DUID,1,"2016/06/19 21:50:00",LKBONNY1,4.822706,"2016/06/19 21:45:05"
D,METER_DATA,GEN_DUID,1,"2016/06/19 21:50:00",MBAHNTH,59.756252,"2016/06/19 21:45:05"
D,METER_DATA,GEN_DUID,1,"2016/06/19 21:50:00",MEADOWB2,0,"2016/06/19 21:45:05"
D,METER_DATA,GEN_DUID,1,"2016/06/19 21:50:00",MLWF1,3.09,"2016/06/19 21:45:05"
D,METER_DATA,GEN_DUID,1,"2016/06/19 21:50:00",MTMILLAR,1.250140,"2016/06/19 21:45:05"
D,METER_DATA,GEN_DUID,1,"2016/06/19 21:50:00",PALOONA,23.60,"2016/06/19 21:45:05"
D,METER_DATA,GEN_DUID,1,"2016/06/19 21:50:00",PORTLAT1,0,"2016/06/19 21:45:05"
D,METER_DATA,GEN_DUID,1,"2016/06/19 21:50:00",PORTWF,8.80,"2016/06/19 21:45:05"
D,METER_DATA,GEN_DUID,1,"2016/06/19 21:50:00",QUERIVE1,-0.12,"2016/06/19 21:45:05"
D,METER_DATA,GEN_DUID,1,"2016/06/19 21:50:00",REPULSE,28.029905,"2016/06/19 21:45:05"
D,METER_DATA,GEN_DUID,1,"2016/06/19 21:50:00",ROWALLAN,10.2098,"2016/06/19 21:45:05"
D,METER_DATA,GEN_DUID,1,"2016/06/19 21:50:00",ROYALLA1,0,"2016/06/19 21:45:05"
D,METER_DATA,GEN_DUID,1,"2016/06/19 21:50:00",RPCG,-0.20,"2016/06/19 21:45:05"
D,METER_DATA,GEN_DUID,1,"2016/06/19 21:50:00",RUBICON,0,"2016/06/19 21:45:05"
D,METER_DATA,GEN_DUID,1,"2016/06/19 21:50:00",STARHLWF,0.299913,"2016/06/19 21:45:05"
D,METER_DATA,GEN_DUID,1,"2016/06/19 21:50:00",WAUBRAWF,93.385002,"2016/06/19 21:45:05"
D,METER_DATA,GEN_DUID,1,"2016/06/19 21:50:00",WOOLNTH1,25.380016,"2016/06/19 21:45:05"
D,METER_DATA,GEN_DUID,1,"2016/06/19 21:50:00",WPWF,5,"2016/06/19 21:45:05"
D,METER_DATA,GEN_DUID,1,"2016/06/19 21:50:00",YAMBUKWF,3.60,"2016/06/19 21:45:05"
D,METER_DATA,GEN_DUID,1,"2016/06/19 21:55:00",BBDISEL1,0,"2016/06/19 21:50:05"
D,METER_DATA,GEN_DUID,1,"2016/06/19 21:55:00",BUTLERSG,7.799998,"2016/06/19 21:50:05"
D,METER_DATA,GEN_DUID,1,"2016/06/19 21:55:00",CALL_A_4,0,"2016/06/19 21:50:05"
D,METER_DATA,GEN_DUID,1,"2016/06/19 21:55:00",CAPTL_WF,120.907997,"2016/06/19 21:50:05"
D,METER_DATA,GEN_DUID,1,"2016/06/19 21:55:00",CATAGUN1,0,"2016/06/19 21:50:05"
D,METER_DATA,GEN_DUID,1,"2016/06/19 21:55:00",CATHROCK,0,"2016/06/19 21:50:05"
D,METER_DATA,GEN_DUID,1,"2016/06/19 21:55:00",CHALLHWF,2.20,"2016/06/19 21:50:05"
D,METER_DATA,GEN_DUID,1,"2016/06/19 21:55:00",CLOVER,24.299999,"2016/06/19 21:50:05"
D,METER_DATA,GEN_DUID,1,"2016/06/19 21:55:00",CLUNY,14.490060,"2016/06/19 21:50:05"
D,METER_DATA,GEN_DUID,1,"2016/06/19 21:55:00",CNUNDAWF,3.904555,"2016/06/19 21:50:05"
D,METER_DATA,GEN_DUID,1,"2016/06/19 21:55:00",CULLRGWF,14.40,"2016/06/19 21:50:05"
D,METER_DATA,GEN_DUID,1,"2016/06/19 21:55:00",ERGT01,0,"2016/06/19 21:50:05"
D,METER_DATA,GEN_DUID,1,"2016/06/19 21:55:00",GB01,0.142826,"2016/06/19 21:50:05"
D,METER_DATA,GEN_DUID,1,"2016/06/19 21:55:00",GEORGTN1,0,"2016/06/19 21:50:05"
D,METER_DATA,GEN_DUID,1,"2016/06/19 21:55:00",GEORGTN2,0,"2016/06/19 21:50:05"
D,METER_DATA,GEN_DUID,1,"2016/06/19 21:55:00",GERMCRK,35.299999,"2016/06/19 21:50:05"
D,METER_DATA,GEN_DUID,1,"2016/06/19 21:55:00",INVICTA,38.049999,"2016/06/19 21:50:05"
D,METER_DATA,GEN_DUID,1,"2016/06/19 21:55:00",LKBONNY1,5.358562,"2016/06/19 21:50:05"
D,METER_DATA,GEN_DUID,1,"2016/06/19 21:55:00",MBAHNTH,59.756252,"2016/06/19 21:50:05"
D,METER_DATA,GEN_DUID,1,"2016/06/19 21:55:00",MEADOWB2,0,"2016/06/19 21:50:05"
D,METER_DATA,GEN_DUID,1,"2016/06/19 21:55:00",MLWF1,2.46,"2016/06/19 21:50:05"
D,METER_DATA,GEN_DUID,1,"2016/06/19 21:55:00",MTMILLAR,0.781338,"2016/06/19 21:50:05"
D,METER_DATA,GEN_DUID,1,"2016/06/19 21:55:00",PALOONA,23.60,"2016/06/19 21:50:05"
D,METER_DATA,GEN_DUID,1,"2016/06/19 21:55:00",PORTLAT1,0,"2016/06/19 21:50:05"
D,METER_DATA,GEN_DUID,1,"2016/06/19 21:55:00",PORTWF,9.20,"2016/06/19 21:50:05"
D,METER_DATA,GEN_DUID,1,"2016/06/19 21:55:00",QUERIVE1,-0.11,"2016/06/19 21:50:05"
D,METER_DATA,GEN_DUID,1,"2016/06/19 21:55:00",REPULSE,27.420145,"2016/06/19 21:50:05"
D,METER_DATA,GEN_DUID,1,"2016/06/19 21:55:00",ROWALLAN,10.2098,"2016/06/19 21:50:05"
D,METER_DATA,GEN_DUID,1,"2016/06/19 21:55:00",ROYALLA1,0,"2016/06/19 21:50:05"
D,METER_DATA,GEN_DUID,1,"2016/06/19 21:55:00",RPCG,-0.20,"2016/06/19 21:50:05"
D,METER_DATA,GEN_DUID,1,"2016/06/19 21:55:00",RUBICON,0,"2016/06/19 21:50:05"
D,METER_DATA,GEN_DUID,1,"2016/06/19 21:55:00",STARHLWF,-0.099971,"2016/06/19 21:50:05"
D,METER_DATA,GEN_DUID,1,"2016/06/19 21:55:00",WAUBRAWF,95.413002,"2016/06/19 21:50:05"
D,METER_DATA,GEN_DUID,1,"2016/06/19 21:55:00",WOOLNTH1,24.400015,"2016/06/19 21:50:05"
D,METER_DATA,GEN_DUID,1,"2016/06/19 21:55:00",WPWF,3,"2016/06/19 21:50:05"
D,METER_DATA,GEN_DUID,1,"2016/06/19 21:55:00",YAMBUKWF,4.10,"2016/06/19 21:50:05"
D,METER_DATA,GEN_DUID,1,"2016/06/19 22:00:00",BBDISEL1,0,"2016/06/19 21:55:05"
D,METER_DATA,GEN_DUID,1,"2016/06/19 22:00:00",BUTLERSG,7.799998,"2016/06/19 21:55:05"
D,METER_DATA,GEN_DUID,1,"2016/06/19 22:00:00",CALL_A_4,0,"2016/06/19 21:55:05"
D,METER_DATA,GEN_DUID,1,"2016/06/19 22:00:00",CAPTL_WF,122.82,"2016/06/19 21:55:05"
D,METER_DATA,GEN_DUID,1,"2016/06/19 22:00:00",CATAGUN1,0,"2016/06/19 21:55:05"
D,METER_DATA,GEN_DUID,1,"2016/06/19 22:00:00",CATHROCK,0,"2016/06/19 21:55:05"
D,METER_DATA,GEN_DUID,1,"2016/06/19 22:00:00",CHALLHWF,3.50,"2016/06/19 21:55:05"
D,METER_DATA,GEN_DUID,1,"2016/06/19 22:00:00",CLOVER,24.509998,"2016/06/19 21:55:05"
D,METER_DATA,GEN_DUID,1,"2016/06/19 22:00:00",CLUNY,14.561510,"2016/06/19 21:55:05"
D,METER_DATA,GEN_DUID,1,"2016/06/19 22:00:00",CNUNDAWF,6.207241,"2016/06/19 21:55:05"
D,METER_DATA,GEN_DUID,1,"2016/06/19 22:00:00",CULLRGWF,8.48,"2016/06/19 21:55:05"
D,METER_DATA,GEN_DUID,1,"2016/06/19 22:00:00",ERGT01,0,"2016/06/19 21:55:05"
D,METER_DATA,GEN_DUID,1,"2016/06/19 22:00:00",GB01,0.142826,"2016/06/19 21:55:05"
D,METER_DATA,GEN_DUID,1,"2016/06/19 22:00:00",GEORGTN1,0,"2016/06/19 21:55:05"
D,METER_DATA,GEN_DUID,1,"2016/06/19 22:00:00",GEORGTN2,0,"2016/06/19 21:55:05"
D,METER_DATA,GEN_DUID,1,"2016/06/19 22:00:00",GERMCRK,36.900002,"2016/06/19 21:55:05"
D,METER_DATA,GEN_DUID,1,"2016/06/19 22:00:00",INVICTA,38.049999,"2016/06/19 21:55:05"
D,METER_DATA,GEN_DUID,1,"2016/06/19 22:00:00",LKBONNY1,5.626490,"2016/06/19 21:55:05"
D,METER_DATA,GEN_DUID,1,"2016/06/19 22:00:00",MBAHNTH,59.756252,"2016/06/19 21:55:05"
D,METER_DATA,GEN_DUID,1,"2016/06/19 22:00:00",MEADOWB2,0,"2016/06/19 21:55:05"
D,METER_DATA,GEN_DUID,1,"2016/06/19 22:00:00",MLWF1,1.59,"2016/06/19 21:55:05"
D,METER_DATA,GEN_DUID,1,"2016/06/19 22:00:00",MTMILLAR,0.297652,"2016/06/19 21:55:05"
D,METER_DATA,GEN_DUID,1,"2016/06/19 22:00:00",PALOONA,23.65,"2016/06/19 21:55:05"
D,METER_DATA,GEN_DUID,1,"2016/06/19 22:00:00",PORTLAT1,0,"2016/06/19 21:55:05"
D,METER_DATA,GEN_DUID,1,"2016/06/19 22:00:00",PORTWF,10.10,"2016/06/19 21:55:05"
D,METER_DATA,GEN_DUID,1,"2016/06/19 22:00:00",QUERIVE1,-0.11,"2016/06/19 21:55:05"
D,METER_DATA,GEN_DUID,1,"2016/06/19 22:00:00",REPULSE,28.144234,"2016/06/19 21:55:05"
D,METER_DATA,GEN_DUID,1,"2016/06/19 22:00:00",ROWALLAN,10.1033,"2016/06/19 21:55:05"
D,METER_DATA,GEN_DUID,1,"2016/06/19 22:00:00",ROYALLA1,0,"2016/06/19 21:55:05"
D,METER_DATA,GEN_DUID,1,"2016/06/19 22:00:00",RPCG,-0.20,"2016/06/19 21:55:05"
D,METER_DATA,GEN_DUID,1,"2016/06/19 22:00:00",RUBICON,0,"2016/06/19 21:55:05"
D,METER_DATA,GEN_DUID,1,"2016/06/19 22:00:00",STARHLWF,0.099971,"2016/06/19 21:55:05"
D,METER_DATA,GEN_DUID,1,"2016/06/19 22:00:00",WAUBRAWF,101.052002,"2016/06/19 21:55:05"
D,METER_DATA,GEN_DUID,1,"2016/06/19 22:00:00",WOOLNTH1,25.120016,"2016/06/19 21:55:05"
D,METER_DATA,GEN_DUID,1,"2016/06/19 22:00:00",WPWF,3,"2016/06/19 21:55:05"
D,METER_DATA,GEN_DUID,1,"2016/06/19 22:00:00",YAMBUKWF,3.60,"2016/06/19 21:55:05"
D,METER_DATA,GEN_DUID,1,"2016/06/19 22:05:00",BBDISEL1,0,"2016/06/19 22:00:05"
D,METER_DATA,GEN_DUID,1,"2016/06/19 22:05:00",BUTLERSG,7.799998,"2016/06/19 22:00:05"
D,METER_DATA,GEN_DUID,1,"2016/06/19 22:05:00",CALL_A_4,0,"2016/06/19 22:00:05"
D,METER_DATA,GEN_DUID,1,"2016/06/19 22:05:00",CAPTL_WF,121.760002,"2016/06/19 22:00:05"
D,METER_DATA,GEN_DUID,1,"2016/06/19 22:05:00",CATAGUN1,0,"2016/06/19 22:00:05"
D,METER_DATA,GEN_DUID,1,"2016/06/19 22:05:00",CATHROCK,0,"2016/06/19 22:00:05"
D,METER_DATA,GEN_DUID,1,"2016/06/19 22:05:00",CHALLHWF,4.70,"2016/06/19 22:00:05"
D,METER_DATA,GEN_DUID,1,"2016/06/19 22:05:00",CLOVER,24.58,"2016/06/19 22:00:05"
D,METER_DATA,GEN_DUID,1,"2016/06/19 22:05:00",CLUNY,15.261721,"2016/06/19 22:00:05"
D,METER_DATA,GEN_DUID,1,"2016/06/19 22:05:00",CNUNDAWF,8.810278,"2016/06/19 22:00:05"
D,METER_DATA,GEN_DUID,1,"2016/06/19 22:05:00",CULLRGWF,8.68,"2016/06/19 22:00:05"
D,METER_DATA,GEN_DUID,1,"2016/06/19 22:05:00",ERGT01,0,"2016/06/19 22:00:05"
D,METER_DATA,GEN_DUID,1,"2016/06/19 22:05:00",GB01,0.142826,"2016/06/19 22:00:05"
D,METER_DATA,GEN_DUID,1,"2016/06/19 22:05:00",GEORGTN1,0,"2016/06/19 22:00:05"
D,METER_DATA,GEN_DUID,1,"2016/06/19 22:05:00",GEORGTN2,0,"2016/06/19 22:00:05"
D,METER_DATA,GEN_DUID,1,"2016/06/19 22:05:00",GERMCRK,37.099998,"2016/06/19 22:00:05"
D,METER_DATA,GEN_DUID,1,"2016/06/19 22:05:00",INVICTA,38.049999,"2016/06/19 22:00:05"
D,METER_DATA,GEN_DUID,1,"2016/06/19 22:05:00",LKBONNY1,5.894418,"2016/06/19 22:00:05"
D,METER_DATA,GEN_DUID,1,"2016/06/19 22:05:00",MBAHNTH,59.756252,"2016/06/19 22:00:05"
D,METER_DATA,GEN_DUID,1,"2016/06/19 22:05:00",MEADOWB2,0,"2016/06/19 22:00:05"
D,METER_DATA,GEN_DUID,1,"2016/06/19 22:05:00",MLWF1,1.4850,"2016/06/19 22:00:05"
D,METER_DATA,GEN_DUID,1,"2016/06/19 22:05:00",MTMILLAR,0.535774,"2016/06/19 22:00:05"
D,METER_DATA,GEN_DUID,1,"2016/06/19 22:05:00",PALOONA,23.519999,"2016/06/19 22:00:05"
D,METER_DATA,GEN_DUID,1,"2016/06/19 22:05:00",PORTLAT1,0,"2016/06/19 22:00:05"
D,METER_DATA,GEN_DUID,1,"2016/06/19 22:05:00",PORTWF,10.90,"2016/06/19 22:00:05"
D,METER_DATA,GEN_DUID,1,"2016/06/19 22:05:00",QUERIVE1,-0.12,"2016/06/19 22:00:05"
D,METER_DATA,GEN_DUID,1,"2016/06/19 22:05:00",REPULSE,28.315729,"2016/06/19 22:00:05"
D,METER_DATA,GEN_DUID,1,"2016/06/19 22:05:00",ROWALLAN,10.195601,"2016/06/19 22:00:05"
D,METER_DATA,GEN_DUID,1,"2016/06/19 22:05:00",ROYALLA1,0,"2016/06/19 22:00:05"
D,METER_DATA,GEN_DUID,1,"2016/06/19 22:05:00",RPCG,-0.20,"2016/06/19 22:00:05"
D,METER_DATA,GEN_DUID,1,"2016/06/19 22:05:00",RUBICON,0,"2016/06/19 22:00:05"
D,METER_DATA,GEN_DUID,1,"2016/06/19 22:05:00",STARHLWF,0.099971,"2016/06/19 22:00:05"
D,METER_DATA,GEN_DUID,1,"2016/06/19 22:05:00",WAUBRAWF,99.508003,"2016/06/19 22:00:05"
D,METER_DATA,GEN_DUID,1,"2016/06/19 22:05:00",WOOLNTH1,25.020016,"2016/06/19 22:00:05"
D,METER_DATA,GEN_DUID,1,"2016/06/19 22:05:00",WPWF,2,"2016/06/19 22:00:05"
D,METER_DATA,GEN_DUID,1,"2016/06/19 22:05:00",YAMBUKWF,3.70,"2016/06/19 22:00:05"
D,METER_DATA,GEN_DUID,1,"2016/06/19 22:10:00",BBDISEL1,0,"2016/06/19 22:05:04"
D,METER_DATA,GEN_DUID,1,"2016/06/19 22:10:00",BUTLERSG,7.799998,"2016/06/19 22:05:04"
D,METER_DATA,GEN_DUID,1,"2016/06/19 22:10:00",CALL_A_4,0,"2016/06/19 22:05:04"
D,METER_DATA,GEN_DUID,1,"2016/06/19 22:10:00",CAPTL_WF,119.671997,"2016/06/19 22:05:04"
D,METER_DATA,GEN_DUID,1,"2016/06/19 22:10:00",CATAGUN1,0,"2016/06/19 22:05:04"
D,METER_DATA,GEN_DUID,1,"2016/06/19 22:10:00",CATHROCK,0,"2016/06/19 22:05:04"
D,METER_DATA,GEN_DUID,1,"2016/06/19 22:10:00",CHALLHWF,5.30,"2016/06/19 22:05:04"
D,METER_DATA,GEN_DUID,1,"2016/06/19 22:10:00",CLOVER,24.639999,"2016/06/19 22:05:04"
D,METER_DATA,GEN_DUID,1,"2016/06/19 22:10:00",CLUNY,15.390330,"2016/06/19 22:05:04"
D,METER_DATA,GEN_DUID,1,"2016/06/19 22:10:00",CNUNDAWF,8.509928,"2016/06/19 22:05:04"
D,METER_DATA,GEN_DUID,1,"2016/06/19 22:10:00",CULLRGWF,9.42,"2016/06/19 22:05:04"
D,METER_DATA,GEN_DUID,1,"2016/06/19 22:10:00",ERGT01,0,"2016/06/19 22:05:04"
D,METER_DATA,GEN_DUID,1,"2016/06/19 22:10:00",GB01,0.142826,"2016/06/19 22:05:04"
D,METER_DATA,GEN_DUID,1,"2016/06/19 22:10:00",GEORGTN1,0,"2016/06/19 22:05:04"
D,METER_DATA,GEN_DUID,1,"2016/06/19 22:10:00",GEORGTN2,0,"2016/06/19 22:05:04"
D,METER_DATA,GEN_DUID,1,"2016/06/19 22:10:00",GERMCRK,38.099998,"2016/06/19 22:05:04"
D,METER_DATA,GEN_DUID,1,"2016/06/19 22:10:00",INVICTA,38.049999,"2016/06/19 22:05:04"
D,METER_DATA,GEN_DUID,1,"2016/06/19 22:10:00",LKBONNY1,7.055439,"2016/06/19 22:05:04"
D,METER_DATA,GEN_DUID,1,"2016/06/19 22:10:00",MBAHNTH,59.756252,"2016/06/19 22:05:04"
D,METER_DATA,GEN_DUID,1,"2016/06/19 22:10:00",MEADOWB2,0,"2016/06/19 22:05:04"
D,METER_DATA,GEN_DUID,1,"2016/06/19 22:10:00",MLWF1,0.96,"2016/06/19 22:05:04"
D,METER_DATA,GEN_DUID,1,"2016/06/19 22:10:00",MTMILLAR,0.319976,"2016/06/19 22:05:04"
D,METER_DATA,GEN_DUID,1,"2016/06/19 22:10:00",PALOONA,23.519999,"2016/06/19 22:05:04"
D,METER_DATA,GEN_DUID,1,"2016/06/19 22:10:00",PORTLAT1,0,"2016/06/19 22:05:04"
D,METER_DATA,GEN_DUID,1,"2016/06/19 22:10:00",PORTWF,12.70,"2016/06/19 22:05:04"
D,METER_DATA,GEN_DUID,1,"2016/06/19 22:10:00",QUERIVE1,-0.12,"2016/06/19 22:05:04"
D,METER_DATA,GEN_DUID,1,"2016/06/19 22:10:00",REPULSE,28.430059,"2016/06/19 22:05:04"
D,METER_DATA,GEN_DUID,1,"2016/06/19 22:10:00",ROWALLAN,10.3873,"2016/06/19 22:05:04"
D,METER_DATA,GEN_DUID,1,"2016/06/19 22:10:00",ROYALLA1,0,"2016/06/19 22:05:04"
D,METER_DATA,GEN_DUID,1,"2016/06/19 22:10:00",RPCG,-0.20,"2016/06/19 22:05:04"
D,METER_DATA,GEN_DUID,1,"2016/06/19 22:10:00",RUBICON,0,"2016/06/19 22:05:04"
D,METER_DATA,GEN_DUID,1,"2016/06/19 22:10:00",STARHLWF,0.099971,"2016/06/19 22:05:04"
D,METER_DATA,GEN_DUID,1,"2016/06/19 22:10:00",WAUBRAWF,96.776001,"2016/06/19 22:05:04"
D,METER_DATA,GEN_DUID,1,"2016/06/19 22:10:00",WOOLNTH1,26.260015,"2016/06/19 22:05:04"
D,METER_DATA,GEN_DUID,1,"2016/06/19 22:10:00",WPWF,2,"2016/06/19 22:05:04"
D,METER_DATA,GEN_DUID,1,"2016/06/19 22:10:00",YAMBUKWF,4.20,"2016/06/19 22:05:04"
D,METER_DATA,GEN_DUID,1,"2016/06/19 22:15:00",BBDISEL1,0,"2016/06/19 22:10:04"
D,METER_DATA,GEN_DUID,1,"2016/06/19 22:15:00",BUTLERSG,7.799998,"2016/06/19 22:10:04"
D,METER_DATA,GEN_DUID,1,"2016/06/19 22:15:00",CALL_A_4,0,"2016/06/19 22:10:04"
D,METER_DATA,GEN_DUID,1,"2016/06/19 22:15:00",CAPTL_WF,120.851997,"2016/06/19 22:10:04"
D,METER_DATA,GEN_DUID,1,"2016/06/19 22:15:00",CATAGUN1,0,"2016/06/19 22:10:04"
D,METER_DATA,GEN_DUID,1,"2016/06/19 22:15:00",CATHROCK,0,"2016/06/19 22:10:04"
D,METER_DATA,GEN_DUID,1,"2016/06/19 22:15:00",CHALLHWF,8.799999,"2016/06/19 22:10:04"
D,METER_DATA,GEN_DUID,1,"2016/06/19 22:15:00",CLOVER,24.610001,"2016/06/19 22:10:04"
D,METER_DATA,GEN_DUID,1,"2016/06/19 22:15:00",CLUNY,15.476070,"2016/06/19 22:10:04"
D,METER_DATA,GEN_DUID,1,"2016/06/19 22:15:00",CNUNDAWF,6.807941,"2016/06/19 22:10:04"
D,METER_DATA,GEN_DUID,1,"2016/06/19 22:15:00",CULLRGWF,13.33,"2016/06/19 22:10:04"
D,METER_DATA,GEN_DUID,1,"2016/06/19 22:15:00",ERGT01,0,"2016/06/19 22:10:04"
D,METER_DATA,GEN_DUID,1,"2016/06/19 22:15:00",GB01,0.142826,"2016/06/19 22:10:04"
D,METER_DATA,GEN_DUID,1,"2016/06/19 22:15:00",GEORGTN1,0,"2016/06/19 22:10:04"
D,METER_DATA,GEN_DUID,1,"2016/06/19 22:15:00",GEORGTN2,0,"2016/06/19 22:10:04"
D,METER_DATA,GEN_DUID,1,"2016/06/19 22:15:00",GERMCRK,38.599998,"2016/06/19 22:10:04"
D,METER_DATA,GEN_DUID,1,"2016/06/19 22:15:00",INVICTA,38.049999,"2016/06/19 22:10:04"
D,METER_DATA,GEN_DUID,1,"2016/06/19 22:15:00",LKBONNY1,7.859224,"2016/06/19 22:10:04"
D,METER_DATA,GEN_DUID,1,"2016/06/19 22:15:00",MBAHNTH,59.756252,"2016/06/19 22:10:04"
D,METER_DATA,GEN_DUID,1,"2016/06/19 22:15:00",MEADOWB2,0,"2016/06/19 22:10:04"
D,METER_DATA,GEN_DUID,1,"2016/06/19 22:15:00",MLWF1,0.8550,"2016/06/19 22:10:04"
D,METER_DATA,GEN_DUID,1,"2016/06/19 22:15:00",MTMILLAR,0.186033,"2016/06/19 22:10:04"
D,METER_DATA,GEN_DUID,1,"2016/06/19 22:15:00",PALOONA,23.519999,"2016/06/19 22:10:04"
D,METER_DATA,GEN_DUID,1,"2016/06/19 22:15:00",PORTLAT1,0,"2016/06/19 22:10:04"
D,METER_DATA,GEN_DUID,1,"2016/06/19 22:15:00",PORTWF,14.20,"2016/06/19 22:10:04"
D,METER_DATA,GEN_DUID,1,"2016/06/19 22:15:00",QUERIVE1,-0.12,"2016/06/19 22:10:04"
D,METER_DATA,GEN_DUID,1,"2016/06/19 22:15:00",REPULSE,28.010849,"2016/06/19 22:10:04"
D,METER_DATA,GEN_DUID,1,"2016/06/19 22:15:00",ROWALLAN,10.3660,"2016/06/19 22:10:04"
D,METER_DATA,GEN_DUID,1,"2016/06/19 22:15:00",ROYALLA1,0,"2016/06/19 22:10:04"
D,METER_DATA,GEN_DUID,1,"2016/06/19 22:15:00",RPCG,-0.20,"2016/06/19 22:10:04"
D,METER_DATA,GEN_DUID,1,"2016/06/19 22:15:00",RUBICON,0,"2016/06/19 22:10:04"
D,METER_DATA,GEN_DUID,1,"2016/06/19 22:15:00",STARHLWF,0.099971,"2016/06/19 22:10:04"
D,METER_DATA,GEN_DUID,1,"2016/06/19 22:15:00",WAUBRAWF,93.570999,"2016/06/19 22:10:04"
D,METER_DATA,GEN_DUID,1,"2016/06/19 22:15:00",WOOLNTH1,25.890015,"2016/06/19 22:10:04"
D,METER_DATA,GEN_DUID,1,"2016/06/19 22:15:00",WPWF,3,"2016/06/19 22:10:04"
D,METER_DATA,GEN_DUID,1,"2016/06/19 22:15:00",YAMBUKWF,5.10,"2016/06/19 22:10:04"
D,METER_DATA,GEN_DUID,1,"2016/06/19 22:20:00",BBDISEL1,0,"2016/06/19 22:15:04"
D,METER_DATA,GEN_DUID,1,"2016/06/19 22:20:00",BUTLERSG,7.799998,"2016/06/19 22:15:04"
D,METER_DATA,GEN_DUID,1,"2016/06/19 22:20:00",CALL_A_4,0,"2016/06/19 22:15:04"
D,METER_DATA,GEN_DUID,1,"2016/06/19 22:20:00",CAPTL_WF,120.660004,"2016/06/19 22:15:04"
D,METER_DATA,GEN_DUID,1,"2016/06/19 22:20:00",CATAGUN1,0,"2016/06/19 22:15:04"
D,METER_DATA,GEN_DUID,1,"2016/06/19 22:20:00",CATHROCK,0,"2016/06/19 22:15:04"
D,METER_DATA,GEN_DUID,1,"2016/06/19 22:20:00",CHALLHWF,11.30,"2016/06/19 22:15:04"
D,METER_DATA,GEN_DUID,1,"2016/06/19 22:20:00",CLOVER,24.92,"2016/06/19 22:15:04"
D,METER_DATA,GEN_DUID,1,"2016/06/19 22:20:00",CLUNY,15.090240,"2016/06/19 22:15:04"
D,METER_DATA,GEN_DUID,1,"2016/06/19 22:20:00",CNUNDAWF,5.806774,"2016/06/19 22:15:04"
D,METER_DATA,GEN_DUID,1,"2016/06/19 22:20:00",CULLRGWF,13.66,"2016/06/19 22:15:04"
D,METER_DATA,GEN_DUID,1,"2016/06/19 22:20:00",ERGT01,0,"2016/06/19 22:15:04"
D,METER_DATA,GEN_DUID,1,"2016/06/19 22:20:00",GB01,0.142826,"2016/06/19 22:15:04"
D,METER_DATA,GEN_DUID,1,"2016/06/19 22:20:00",GEORGTN1,0,"2016/06/19 22:15:04"
D,METER_DATA,GEN_DUID,1,"2016/06/19 22:20:00",GEORGTN2,0,"2016/06/19 22:15:04"
D,METER_DATA,GEN_DUID,1,"2016/06/19 22:20:00",GERMCRK,39.099998,"2016/06/19 22:15:04"
D,METER_DATA,GEN_DUID,1,"2016/06/19 22:20:00",INVICTA,38.049999,"2016/06/19 22:15:04"
D,METER_DATA,GEN_DUID,1,"2016/06/19 22:20:00",LKBONNY1,5.358562,"2016/06/19 22:15:04"
D,METER_DATA,GEN_DUID,1,"2016/06/19 22:20:00",MBAHNTH,59.756252,"2016/06/19 22:15:04"
D,METER_DATA,GEN_DUID,1,"2016/06/19 22:20:00",MEADOWB2,0,"2016/06/19 22:15:04"
D,METER_DATA,GEN_DUID,1,"2016/06/19 22:20:00",MLWF1,1.3050,"2016/06/19 22:15:04"
D,METER_DATA,GEN_DUID,1,"2016/06/19 22:20:00",MTMILLAR,0.089296,"2016/06/19 22:15:04"
D,METER_DATA,GEN_DUID,1,"2016/06/19 22:20:00",PALOONA,23.519999,"2016/06/19 22:15:04"
D,METER_DATA,GEN_DUID,1,"2016/06/19 22:20:00",PORTLAT1,0,"2016/06/19 22:15:04"
D,METER_DATA,GEN_DUID,1,"2016/06/19 22:20:00",PORTWF,15.10,"2016/06/19 22:15:04"
D,METER_DATA,GEN_DUID,1,"2016/06/19 22:20:00",QUERIVE1,-0.12,"2016/06/19 22:15:04"
D,METER_DATA,GEN_DUID,1,"2016/06/19 22:20:00",REPULSE,28.182344,"2016/06/19 22:15:04"
D,METER_DATA,GEN_DUID,1,"2016/06/19 22:20:00",ROWALLAN,10.3092,"2016/06/19 22:15:04"
D,METER_DATA,GEN_DUID,1,"2016/06/19 22:20:00",ROYALLA1,0,"2016/06/19 22:15:04"
D,METER_DATA,GEN_DUID,1,"2016/06/19 22:20:00",RPCG,-0.20,"2016/06/19 22:15:04"
D,METER_DATA,GEN_DUID,1,"2016/06/19 22:20:00",RUBICON,0,"2016/06/19 22:15:04"
D,METER_DATA,GEN_DUID,1,"2016/06/19 22:20:00",STARHLWF,0.499854,"2016/06/19 22:15:04"
D,METER_DATA,GEN_DUID,1,"2016/06/19 22:20:00",WAUBRAWF,99.516998,"2016/06/19 22:15:04"
D,METER_DATA,GEN_DUID,1,"2016/06/19 22:20:00",WOOLNTH1,23.630016,"2016/06/19 22:15:04"
D,METER_DATA,GEN_DUID,1,"2016/06/19 22:20:00",WPWF,7,"2016/06/19 22:15:04"
D,METER_DATA,GEN_DUID,1,"2016/06/19 22:20:00",YAMBUKWF,4.50,"2016/06/19 22:15:04"
D,METER_DATA,GEN_DUID,1,"2016/06/19 22:25:00",BBDISEL1,0,"2016/06/19 22:20:04"
D,METER_DATA,GEN_DUID,1,"2016/06/19 22:25:00",BUTLERSG,7.799998,"2016/06/19 22:20:04"
D,METER_DATA,GEN_DUID,1,"2016/06/19 22:25:00",CALL_A_4,0,"2016/06/19 22:20:04"
D,METER_DATA,GEN_DUID,1,"2016/06/19 22:25:00",CAPTL_WF,121.831993,"2016/06/19 22:20:04"
D,METER_DATA,GEN_DUID,1,"2016/06/19 22:25:00",CATAGUN1,0,"2016/06/19 22:20:04"
D,METER_DATA,GEN_DUID,1,"2016/06/19 22:25:00",CATHROCK,0,"2016/06/19 22:20:04"
D,METER_DATA,GEN_DUID,1,"2016/06/19 22:25:00",CHALLHWF,14.50,"2016/06/19 22:20:04"
D,METER_DATA,GEN_DUID,1,"2016/06/19 22:25:00",CLOVER,24.43,"2016/06/19 22:20:04"
D,METER_DATA,GEN_DUID,1,"2016/06/19 22:25:00",CLUNY,14.047071,"2016/06/19 22:20:04"
D,METER_DATA,GEN_DUID,1,"2016/06/19 22:25:00",CNUNDAWF,5.306190,"2016/06/19 22:20:04"
D,METER_DATA,GEN_DUID,1,"2016/06/19 22:25:00",CULLRGWF,14.54,"2016/06/19 22:20:04"
D,METER_DATA,GEN_DUID,1,"2016/06/19 22:25:00",ERGT01,0,"2016/06/19 22:20:04"
D,METER_DATA,GEN_DUID,1,"2016/06/19 22:25:00",GB01,0.142826,"2016/06/19 22:20:04"
D,METER_DATA,GEN_DUID,1,"2016/06/19 22:25:00",GEORGTN1,0,"2016/06/19 22:20:04"
D,METER_DATA,GEN_DUID,1,"2016/06/19 22:25:00",GEORGTN2,0,"2016/06/19 22:20:04"
D,METER_DATA,GEN_DUID,1,"2016/06/19 22:25:00",GERMCRK,39.200001,"2016/06/19 22:20:04"
D,METER_DATA,GEN_DUID,1,"2016/06/19 22:25:00",INVICTA,38.049999,"2016/06/19 22:20:04"
D,METER_DATA,GEN_DUID,1,"2016/06/19 22:25:00",LKBONNY1,3.572375,"2016/06/19 22:20:04"
D,METER_DATA,GEN_DUID,1,"2016/06/19 22:25:00",MBAHNTH,59.756252,"2016/06/19 22:20:04"
D,METER_DATA,GEN_DUID,1,"2016/06/19 22:25:00",MEADOWB2,0,"2016/06/19 22:20:04"
D,METER_DATA,GEN_DUID,1,"2016/06/19 22:25:00",MLWF1,1.41,"2016/06/19 22:20:04"
D,METER_DATA,GEN_DUID,1,"2016/06/19 22:25:00",MTMILLAR,0.066972,"2016/06/19 22:20:04"
D,METER_DATA,GEN_DUID,1,"2016/06/19 22:25:00",PALOONA,23.519999,"2016/06/19 22:20:04"
D,METER_DATA,GEN_DUID,1,"2016/06/19 22:25:00",PORTLAT1,0,"2016/06/19 22:20:04"
D,METER_DATA,GEN_DUID,1,"2016/06/19 22:25:00",PORTWF,17.799999,"2016/06/19 22:20:04"
D,METER_DATA,GEN_DUID,1,"2016/06/19 22:25:00",QUERIVE1,-0.12,"2016/06/19 22:20:04"
D,METER_DATA,GEN_DUID,1,"2016/06/19 22:25:00",REPULSE,27.153374,"2016/06/19 22:20:04"
D,METER_DATA,GEN_DUID,1,"2016/06/19 22:25:00",ROWALLAN,10.1033,"2016/06/19 22:20:04"
D,METER_DATA,GEN_DUID,1,"2016/06/19 22:25:00",ROYALLA1,0,"2016/06/19 22:20:04"
D,METER_DATA,GEN_DUID,1,"2016/06/19 22:25:00",RPCG,-0.20,"2016/06/19 22:20:04"
D,METER_DATA,GEN_DUID,1,"2016/06/19 22:25:00",RUBICON,0,"2016/06/19 22:20:04"
D,METER_DATA,GEN_DUID,1,"2016/06/19 22:25:00",STARHLWF,1.699504,"2016/06/19 22:20:04"
D,METER_DATA,GEN_DUID,1,"2016/06/19 22:25:00",WAUBRAWF,104.2090,"2016/06/19 22:20:04"
D,METER_DATA,GEN_DUID,1,"2016/06/19 22:25:00",WOOLNTH1,22.830017,"2016/06/19 22:20:04"
D,METER_DATA,GEN_DUID,1,"2016/06/19 22:25:00",WPWF,12,"2016/06/19 22:20:04"
D,METER_DATA,GEN_DUID,1,"2016/06/19 22:25:00",YAMBUKWF,3.40,"2016/06/19 22:20:04"
D,METER_DATA,GEN_DUID,1,"2016/06/19 22:30:00",BBDISEL1,0,"2016/06/19 22:25:05"
D,METER_DATA,GEN_DUID,1,"2016/06/19 22:30:00",BUTLERSG,7.799998,"2016/06/19 22:25:05"
D,METER_DATA,GEN_DUID,1,"2016/06/19 22:30:00",CALL_A_4,0,"2016/06/19 22:25:05"
D,METER_DATA,GEN_DUID,1,"2016/06/19 22:30:00",CAPTL_WF,122.620003,"2016/06/19 22:25:05"
D,METER_DATA,GEN_DUID,1,"2016/06/19 22:30:00",CATAGUN1,0,"2016/06/19 22:25:05"
D,METER_DATA,GEN_DUID,1,"2016/06/19 22:30:00",CATHROCK,0,"2016/06/19 22:25:05"
D,METER_DATA,GEN_DUID,1,"2016/06/19 22:30:00",CHALLHWF,12.40,"2016/06/19 22:25:05"
D,METER_DATA,GEN_DUID,1,"2016/06/19 22:30:00",CLOVER,24.73,"2016/06/19 22:25:05"
D,METER_DATA,GEN_DUID,1,"2016/06/19 22:30:00",CLUNY,14.690121,"2016/06/19 22:25:05"
D,METER_DATA,GEN_DUID,1,"2016/06/19 22:30:00",CNUNDAWF,4.905723,"2016/06/19 22:25:05"
D,METER_DATA,GEN_DUID,1,"2016/06/19 22:30:00",CULLRGWF,15.70,"2016/06/19 22:25:05"
D,METER_DATA,GEN_DUID,1,"2016/06/19 22:30:00",ERGT01,0,"2016/06/19 22:25:05"
D,METER_DATA,GEN_DUID,1,"2016/06/19 22:30:00",GB01,0.142826,"2016/06/19 22:25:05"
D,METER_DATA,GEN_DUID,1,"2016/06/19 22:30:00",GEORGTN1,0,"2016/06/19 22:25:05"
D,METER_DATA,GEN_DUID,1,"2016/06/19 22:30:00",GEORGTN2,0,"2016/06/19 22:25:05"
D,METER_DATA,GEN_DUID,1,"2016/06/19 22:30:00",GERMCRK,38.50,"2016/06/19 22:25:05"
D,METER_DATA,GEN_DUID,1,"2016/06/19 22:30:00",INVICTA,38.049999,"2016/06/19 22:25:05"
D,METER_DATA,GEN_DUID,1,"2016/06/19 22:30:00",LKBONNY1,3.036518,"2016/06/19 22:25:05"
D,METER_DATA,GEN_DUID,1,"2016/06/19 22:30:00",MBAHNTH,59.756252,"2016/06/19 22:25:05"
D,METER_DATA,GEN_DUID,1,"2016/06/19 22:30:00",MEADOWB2,0,"2016/06/19 22:25:05"
D,METER_DATA,GEN_DUID,1,"2016/06/19 22:30:00",MLWF1,1.0050,"2016/06/19 22:25:05"
D,METER_DATA,GEN_DUID,1,"2016/06/19 22:30:00",MTMILLAR,0.014883,"2016/06/19 22:25:05"
D,METER_DATA,GEN_DUID,1,"2016/06/19 22:30:00",PALOONA,23.519999,"2016/06/19 22:25:05"
D,METER_DATA,GEN_DUID,1,"2016/06/19 22:30:00",PORTLAT1,0,"2016/06/19 22:25:05"
D,METER_DATA,GEN_DUID,1,"2016/06/19 22:30:00",PORTWF,16.200001,"2016/06/19 22:25:05"
D,METER_DATA,GEN_DUID,1,"2016/06/19 22:30:00",QUERIVE1,-0.11,"2016/06/19 22:25:05"
D,METER_DATA,GEN_DUID,1,"2016/06/19 22:30:00",REPULSE,27.801245,"2016/06/19 22:25:05"
D,METER_DATA,GEN_DUID,1,"2016/06/19 22:30:00",ROWALLAN,10.2737,"2016/06/19 22:25:05"
D,METER_DATA,GEN_DUID,1,"2016/06/19 22:30:00",ROYALLA1,0,"2016/06/19 22:25:05"
D,METER_DATA,GEN_DUID,1,"2016/06/19 22:30:00",RPCG,-0.20,"2016/06/19 22:25:05"
D,METER_DATA,GEN_DUID,1,"2016/06/19 22:30:00",RUBICON,0,"2016/06/19 22:25:05"
D,METER_DATA,GEN_DUID,1,"2016/06/19 22:30:00",STARHLWF,2.599242,"2016/06/19 22:25:05"
D,METER_DATA,GEN_DUID,1,"2016/06/19 22:30:00",WAUBRAWF,110.081001,"2016/06/19 22:25:05"
D,METER_DATA,GEN_DUID,1,"2016/06/19 22:30:00",WOOLNTH1,22.490017,"2016/06/19 22:25:05"
D,METER_DATA,GEN_DUID,1,"2016/06/19 22:30:00",WPWF,9,"2016/06/19 22:25:05"
D,METER_DATA,GEN_DUID,1,"2016/06/19 22:30:00",YAMBUKWF,2.80,"2016/06/19 22:25:05"
D,METER_DATA,GEN_DUID,1,"2016/06/19 22:35:00",BBDISEL1,0,"2016/06/19 22:30:05"
D,METER_DATA,GEN_DUID,1,"2016/06/19 22:35:00",BUTLERSG,7.799998,"2016/06/19 22:30:05"
D,METER_DATA,GEN_DUID,1,"2016/06/19 22:35:00",CALL_A_4,0,"2016/06/19 22:30:05"
D,METER_DATA,GEN_DUID,1,"2016/06/19 22:35:00",CAPTL_WF,122.220001,"2016/06/19 22:30:05"
D,METER_DATA,GEN_DUID,1,"2016/06/19 22:35:00",CATAGUN1,0,"2016/06/19 22:30:05"
D,METER_DATA,GEN_DUID,1,"2016/06/19 22:35:00",CATHROCK,0,"2016/06/19 22:30:05"
D,METER_DATA,GEN_DUID,1,"2016/06/19 22:35:00",CHALLHWF,9.20,"2016/06/19 22:30:05"
D,METER_DATA,GEN_DUID,1,"2016/06/19 22:35:00",CLOVER,24.27,"2016/06/19 22:30:05"
D,METER_DATA,GEN_DUID,1,"2016/06/19 22:35:00",CLUNY,15.204560,"2016/06/19 22:30:05"
D,METER_DATA,GEN_DUID,1,"2016/06/19 22:35:00",CNUNDAWF,4.805606,"2016/06/19 22:30:05"
D,METER_DATA,GEN_DUID,1,"2016/06/19 22:35:00",CULLRGWF,14.19,"2016/06/19 22:30:05"
D,METER_DATA,GEN_DUID,1,"2016/06/19 22:35:00",ERGT01,0,"2016/06/19 22:30:05"
D,METER_DATA,GEN_DUID,1,"2016/06/19 22:35:00",GB01,0.142826,"2016/06/19 22:30:05"
D,METER_DATA,GEN_DUID,1,"2016/06/19 22:35:00",GEORGTN1,0,"2016/06/19 22:30:05"
D,METER_DATA,GEN_DUID,1,"2016/06/19 22:35:00",GEORGTN2,0,"2016/06/19 22:30:05"
D,METER_DATA,GEN_DUID,1,"2016/06/19 22:35:00",GERMCRK,39.099998,"2016/06/19 22:30:05"
D,METER_DATA,GEN_DUID,1,"2016/06/19 22:35:00",INVICTA,38.049999,"2016/06/19 22:30:05"
D,METER_DATA,GEN_DUID,1,"2016/06/19 22:35:00",LKBONNY1,3.125828,"2016/06/19 22:30:05"
D,METER_DATA,GEN_DUID,1,"2016/06/19 22:35:00",MBAHNTH,59.756252,"2016/06/19 22:30:05"
D,METER_DATA,GEN_DUID,1,"2016/06/19 22:35:00",MEADOWB2,0,"2016/06/19 22:30:05"
D,METER_DATA,GEN_DUID,1,"2016/06/19 22:35:00",MLWF1,0.99,"2016/06/19 22:30:05"
D,METER_DATA,GEN_DUID,1,"2016/06/19 22:35:00",MTMILLAR,-0.026045,"2016/06/19 22:30:05"
D,METER_DATA,GEN_DUID,1,"2016/06/19 22:35:00",PALOONA,23.519999,"2016/06/19 22:30:05"
D,METER_DATA,GEN_DUID,1,"2016/06/19 22:35:00",PORTLAT1,0,"2016/06/19 22:30:05"
D,METER_DATA,GEN_DUID,1,"2016/06/19 22:35:00",PORTWF,16.50,"2016/06/19 22:30:05"
D,METER_DATA,GEN_DUID,1,"2016/06/19 22:35:00",QUERIVE1,-0.12,"2016/06/19 22:30:05"
D,METER_DATA,GEN_DUID,1,"2016/06/19 22:35:00",REPULSE,27.934629,"2016/06/19 22:30:05"
D,METER_DATA,GEN_DUID,1,"2016/06/19 22:35:00",ROWALLAN,10.1601,"2016/06/19 22:30:05"
D,METER_DATA,GEN_DUID,1,"2016/06/19 22:35:00",ROYALLA1,0,"2016/06/19 22:30:05"
D,METER_DATA,GEN_DUID,1,"2016/06/19 22:35:00",RPCG,-0.20,"2016/06/19 22:30:05"
D,METER_DATA,GEN_DUID,1,"2016/06/19 22:35:00",RUBICON,0,"2016/06/19 22:30:05"
D,METER_DATA,GEN_DUID,1,"2016/06/19 22:35:00",STARHLWF,2.599242,"2016/06/19 22:30:05"
D,METER_DATA,GEN_DUID,1,"2016/06/19 22:35:00",WAUBRAWF,111.271004,"2016/06/19 22:30:05"
D,METER_DATA,GEN_DUID,1,"2016/06/19 22:35:00",WOOLNTH1,21.200016,"2016/06/19 22:30:05"
D,METER_DATA,GEN_DUID,1,"2016/06/19 22:35:00",WPWF,7,"2016/06/19 22:30:05"
D,METER_DATA,GEN_DUID,1,"2016/06/19 22:35:00",YAMBUKWF,2.20,"2016/06/19 22:30:05"
D,METER_DATA,GEN_DUID,1,"2016/06/19 22:40:00",BBDISEL1,0,"2016/06/19 22:35:05"
D,METER_DATA,GEN_DUID,1,"2016/06/19 22:40:00",BUTLERSG,7.799998,"2016/06/19 22:35:05"
D,METER_DATA,GEN_DUID,1,"2016/06/19 22:40:00",CALL_A_4,0,"2016/06/19 22:35:05"
D,METER_DATA,GEN_DUID,1,"2016/06/19 22:40:00",CAPTL_WF,120.720001,"2016/06/19 22:35:05"
D,METER_DATA,GEN_DUID,1,"2016/06/19 22:40:00",CATAGUN1,0,"2016/06/19 22:35:05"
D,METER_DATA,GEN_DUID,1,"2016/06/19 22:40:00",CATHROCK,0,"2016/06/19 22:35:05"
D,METER_DATA,GEN_DUID,1,"2016/06/19 22:40:00",CHALLHWF,6.20,"2016/06/19 22:35:05"
D,METER_DATA,GEN_DUID,1,"2016/06/19 22:40:00",CLOVER,24.959999,"2016/06/19 22:35:05"
D,METER_DATA,GEN_DUID,1,"2016/06/19 22:40:00",CLUNY,9.274210,"2016/06/19 22:35:05"
D,METER_DATA,GEN_DUID,1,"2016/06/19 22:40:00",CNUNDAWF,5.506423,"2016/06/19 22:35:05"
D,METER_DATA,GEN_DUID,1,"2016/06/19 22:40:00",CULLRGWF,15.55,"2016/06/19 22:35:05"
D,METER_DATA,GEN_DUID,1,"2016/06/19 22:40:00",ERGT01,0,"2016/06/19 22:35:05"
D,METER_DATA,GEN_DUID,1,"2016/06/19 22:40:00",GB01,0.142597,"2016/06/19 22:35:05"
D,METER_DATA,GEN_DUID,1,"2016/06/19 22:40:00",GEORGTN1,0,"2016/06/19 22:35:05"
D,METER_DATA,GEN_DUID,1,"2016/06/19 22:40:00",GEORGTN2,0,"2016/06/19 22:35:05"
D,METER_DATA,GEN_DUID,1,"2016/06/19 22:40:00",GERMCRK,39.200001,"2016/06/19 22:35:05"
D,METER_DATA,GEN_DUID,1,"2016/06/19 22:40:00",INVICTA,38.049999,"2016/06/19 22:35:05"
D,METER_DATA,GEN_DUID,1,"2016/06/19 22:40:00",LKBONNY1,3.750993,"2016/06/19 22:35:05"
D,METER_DATA,GEN_DUID,1,"2016/06/19 22:40:00",MBAHNTH,59.756252,"2016/06/19 22:35:05"
D,METER_DATA,GEN_DUID,1,"2016/06/19 22:40:00",MEADOWB2,0,"2016/06/19 22:35:05"
D,METER_DATA,GEN_DUID,1,"2016/06/19 22:40:00",MLWF1,0.57,"2016/06/19 22:35:05"
D,METER_DATA,GEN_DUID,1,"2016/06/19 22:40:00",MTMILLAR,-0.063251,"2016/06/19 22:35:05"
D,METER_DATA,GEN_DUID,1,"2016/06/19 22:40:00",PALOONA,23.519999,"2016/06/19 22:35:05"
D,METER_DATA,GEN_DUID,1,"2016/06/19 22:40:00",PORTLAT1,0,"2016/06/19 22:35:05"
D,METER_DATA,GEN_DUID,1,"2016/06/19 22:40:00",PORTWF,17,"2016/06/19 22:35:05"
D,METER_DATA,GEN_DUID,1,"2016/06/19 22:40:00",QUERIVE1,-0.12,"2016/06/19 22:35:05"
D,METER_DATA,GEN_DUID,1,"2016/06/19 22:40:00",REPULSE,15.968090,"2016/06/19 22:35:05"
D,METER_DATA,GEN_DUID,1,"2016/06/19 22:40:00",ROWALLAN,10.2524,"2016/06/19 22:35:05"
D,METER_DATA,GEN_DUID,1,"2016/06/19 22:40:00",ROYALLA1,0,"2016/06/19 22:35:05"
D,METER_DATA,GEN_DUID,1,"2016/06/19 22:40:00",RPCG,-0.20,"2016/06/19 22:35:05"
D,METER_DATA,GEN_DUID,1,"2016/06/19 22:40:00",RUBICON,0,"2016/06/19 22:35:05"
D,METER_DATA,GEN_DUID,1,"2016/06/19 22:40:00",STARHLWF,2.899155,"2016/06/19 22:35:05"
D,METER_DATA,GEN_DUID,1,"2016/06/19 22:40:00",WAUBRAWF,115.753998,"2016/06/19 22:35:05"
D,METER_DATA,GEN_DUID,1,"2016/06/19 22:40:00",WOOLNTH1,23.230015,"2016/06/19 22:35:05"
D,METER_DATA,GEN_DUID,1,"2016/06/19 22:40:00",WPWF,6,"2016/06/19 22:35:05"
D,METER_DATA,GEN_DUID,1,"2016/06/19 22:40:00",YAMBUKWF,1,"2016/06/19 22:35:05"
D,METER_DATA,GEN_DUID,1,"2016/06/19 22:45:00",BBDISEL1,0,"2016/06/19 22:40:04"
D,METER_DATA,GEN_DUID,1,"2016/06/19 22:45:00",BUTLERSG,7.799998,"2016/06/19 22:40:04"
D,METER_DATA,GEN_DUID,1,"2016/06/19 22:45:00",CALL_A_4,0,"2016/06/19 22:40:04"
D,METER_DATA,GEN_DUID,1,"2016/06/19 22:45:00",CAPTL_WF,122.363998,"2016/06/19 22:40:04"
D,METER_DATA,GEN_DUID,1,"2016/06/19 22:45:00",CATAGUN1,0,"2016/06/19 22:40:04"
D,METER_DATA,GEN_DUID,1,"2016/06/19 22:45:00",CATHROCK,0,"2016/06/19 22:40:04"
D,METER_DATA,GEN_DUID,1,"2016/06/19 22:45:00",CHALLHWF,6.40,"2016/06/19 22:40:04"
D,METER_DATA,GEN_DUID,1,"2016/06/19 22:45:00",CLOVER,24.25,"2016/06/19 22:40:04"
D,METER_DATA,GEN_DUID,1,"2016/06/19 22:45:00",CLUNY,8.531130,"2016/06/19 22:40:04"
D,METER_DATA,GEN_DUID,1,"2016/06/19 22:45:00",CNUNDAWF,4.905723,"2016/06/19 22:40:04"
D,METER_DATA,GEN_DUID,1,"2016/06/19 22:45:00",CULLRGWF,13.72,"2016/06/19 22:40:04"
D,METER_DATA,GEN_DUID,1,"2016/06/19 22:45:00",ERGT01,0,"2016/06/19 22:40:04"
D,METER_DATA,GEN_DUID,1,"2016/06/19 22:45:00",GB01,0.142597,"2016/06/19 22:40:04"
D,METER_DATA,GEN_DUID,1,"2016/06/19 22:45:00",GEORGTN1,0,"2016/06/19 22:40:04"
D,METER_DATA,GEN_DUID,1,"2016/06/19 22:45:00",GEORGTN2,0,"2016/06/19 22:40:04"
D,METER_DATA,GEN_DUID,1,"2016/06/19 22:45:00",GERMCRK,38.700001,"2016/06/19 22:40:04"
D,METER_DATA,GEN_DUID,1,"2016/06/19 22:45:00",INVICTA,38.049999,"2016/06/19 22:40:04"
D,METER_DATA,GEN_DUID,1,"2016/06/19 22:45:00",LKBONNY1,5.894418,"2016/06/19 22:40:04"
D,METER_DATA,GEN_DUID,1,"2016/06/19 22:45:00",MBAHNTH,59.756252,"2016/06/19 22:40:04"
D,METER_DATA,GEN_DUID,1,"2016/06/19 22:45:00",MEADOWB2,0,"2016/06/19 22:40:04"
D,METER_DATA,GEN_DUID,1,"2016/06/19 22:45:00",MLWF1,0.45,"2016/06/19 22:40:04"
D,METER_DATA,GEN_DUID,1,"2016/06/19 22:45:00",MTMILLAR,-0.093016,"2016/06/19 22:40:04"
D,METER_DATA,GEN_DUID,1,"2016/06/19 22:45:00",PALOONA,23.519999,"2016/06/19 22:40:04"
D,METER_DATA,GEN_DUID,1,"2016/06/19 22:45:00",PORTLAT1,0,"2016/06/19 22:40:04"
D,METER_DATA,GEN_DUID,1,"2016/06/19 22:45:00",PORTWF,17.90,"2016/06/19 22:40:04"
D,METER_DATA,GEN_DUID,1,"2016/06/19 22:45:00",QUERIVE1,-0.11,"2016/06/19 22:40:04"
D,METER_DATA,GEN_DUID,1,"2016/06/19 22:45:00",REPULSE,13.357554,"2016/06/19 22:40:04"
D,METER_DATA,GEN_DUID,1,"2016/06/19 22:45:00",ROWALLAN,10.067801,"2016/06/19 22:40:04"
D,METER_DATA,GEN_DUID,1,"2016/06/19 22:45:00",ROYALLA1,0,"2016/06/19 22:40:04"
D,METER_DATA,GEN_DUID,1,"2016/06/19 22:45:00",RPCG,-0.20,"2016/06/19 22:40:04"
D,METER_DATA,GEN_DUID,1,"2016/06/19 22:45:00",RUBICON,0,"2016/06/19 22:40:04"
D,METER_DATA,GEN_DUID,1,"2016/06/19 22:45:00",STARHLWF,2.599242,"2016/06/19 22:40:04"
D,METER_DATA,GEN_DUID,1,"2016/06/19 22:45:00",WAUBRAWF,116.315002,"2016/06/19 22:40:04"
D,METER_DATA,GEN_DUID,1,"2016/06/19 22:45:00",WOOLNTH1,23.900017,"2016/06/19 22:40:04"
D,METER_DATA,GEN_DUID,1,"2016/06/19 22:45:00",WPWF,10,"2016/06/19 22:40:04"
D,METER_DATA,GEN_DUID,1,"2016/06/19 22:45:00",YAMBUKWF,0,"2016/06/19 22:40:04"
D,METER_DATA,GEN_DUID,1,"2016/06/19 22:50:00",BBDISEL1,0,"2016/06/19 22:45:05"
D,METER_DATA,GEN_DUID,1,"2016/06/19 22:50:00",BUTLERSG,7.799998,"2016/06/19 22:45:05"
D,METER_DATA,GEN_DUID,1,"2016/06/19 22:50:00",CALL_A_4,0,"2016/06/19 22:45:05"
D,METER_DATA,GEN_DUID,1,"2016/06/19 22:50:00",CAPTL_WF,107.484001,"2016/06/19 22:45:05"
D,METER_DATA,GEN_DUID,1,"2016/06/19 22:50:00",CATAGUN1,0,"2016/06/19 22:45:05"
D,METER_DATA,GEN_DUID,1,"2016/06/19 22:50:00",CATHROCK,0,"2016/06/19 22:45:05"
D,METER_DATA,GEN_DUID,1,"2016/06/19 22:50:00",CHALLHWF,10.10,"2016/06/19 22:45:05"
D,METER_DATA,GEN_DUID,1,"2016/06/19 22:50:00",CLOVER,24.220001,"2016/06/19 22:45:05"
D,METER_DATA,GEN_DUID,1,"2016/06/19 22:50:00",CLUNY,8.8598,"2016/06/19 22:45:05"
D,METER_DATA,GEN_DUID,1,"2016/06/19 22:50:00",CNUNDAWF,5.606541,"2016/06/19 22:45:05"
D,METER_DATA,GEN_DUID,1,"2016/06/19 22:50:00",CULLRGWF,11.17,"2016/06/19 22:45:05"
D,METER_DATA,GEN_DUID,1,"2016/06/19 22:50:00",ERGT01,0,"2016/06/19 22:45:05"
D,METER_DATA,GEN_DUID,1,"2016/06/19 22:50:00",GB01,0.142597,"2016/06/19 22:45:05"
D,METER_DATA,GEN_DUID,1,"2016/06/19 22:50:00",GEORGTN1,0,"2016/06/19 22:45:05"
D,METER_DATA,GEN_DUID,1,"2016/06/19 22:50:00",GEORGTN2,0,"2016/06/19 22:45:05"
D,METER_DATA,GEN_DUID,1,"2016/06/19 22:50:00",GERMCRK,38.700001,"2016/06/19 22:45:05"
D,METER_DATA,GEN_DUID,1,"2016/06/19 22:50:00",INVICTA,38.049999,"2016/06/19 22:45:05"
D,METER_DATA,GEN_DUID,1,"2016/06/19 22:50:00",LKBONNY1,7.144749,"2016/06/19 22:45:05"
D,METER_DATA,GEN_DUID,1,"2016/06/19 22:50:00",MBAHNTH,59.756252,"2016/06/19 22:45:05"
D,METER_DATA,GEN_DUID,1,"2016/06/19 22:50:00",MEADOWB2,0,"2016/06/19 22:45:05"
D,METER_DATA,GEN_DUID,1,"2016/06/19 22:50:00",MLWF1,1.1250,"2016/06/19 22:45:05"
D,METER_DATA,GEN_DUID,1,"2016/06/19 22:50:00",MTMILLAR,-0.093016,"2016/06/19 22:45:05"
D,METER_DATA,GEN_DUID,1,"2016/06/19 22:50:00",PALOONA,23.65,"2016/06/19 22:45:05"
D,METER_DATA,GEN_DUID,1,"2016/06/19 22:50:00",PORTLAT1,0,"2016/06/19 22:45:05"
D,METER_DATA,GEN_DUID,1,"2016/06/19 22:50:00",PORTWF,18.799999,"2016/06/19 22:45:05"
D,METER_DATA,GEN_DUID,1,"2016/06/19 22:50:00",QUERIVE1,-0.11,"2016/06/19 22:45:05"
D,METER_DATA,GEN_DUID,1,"2016/06/19 22:50:00",REPULSE,14.4818,"2016/06/19 22:45:05"
D,METER_DATA,GEN_DUID,1,"2016/06/19 22:50:00",ROWALLAN,9.9542,"2016/06/19 22:45:05"
D,METER_DATA,GEN_DUID,1,"2016/06/19 22:50:00",ROYALLA1,0,"2016/06/19 22:45:05"
D,METER_DATA,GEN_DUID,1,"2016/06/19 22:50:00",RPCG,-0.20,"2016/06/19 22:45:05"
D,METER_DATA,GEN_DUID,1,"2016/06/19 22:50:00",RUBICON,0,"2016/06/19 22:45:05"
D,METER_DATA,GEN_DUID,1,"2016/06/19 22:50:00",STARHLWF,2.199359,"2016/06/19 22:45:05"
D,METER_DATA,GEN_DUID,1,"2016/06/19 22:50:00",WAUBRAWF,121.989998,"2016/06/19 22:45:05"
D,METER_DATA,GEN_DUID,1,"2016/06/19 22:50:00",WOOLNTH1,25.160015,"2016/06/19 22:45:05"
D,METER_DATA,GEN_DUID,1,"2016/06/19 22:50:00",WPWF,10,"2016/06/19 22:45:05"
D,METER_DATA,GEN_DUID,1,"2016/06/19 22:50:00",YAMBUKWF,-0.30,"2016/06/19 22:45:05"
D,METER_DATA,GEN_DUID,1,"2016/06/19 22:55:00",BBDISEL1,0,"2016/06/19 22:50:05"
D,METER_DATA,GEN_DUID,1,"2016/06/19 22:55:00",BUTLERSG,7.799998,"2016/06/19 22:50:05"
D,METER_DATA,GEN_DUID,1,"2016/06/19 22:55:00",CALL_A_4,0,"2016/06/19 22:50:05"
D,METER_DATA,GEN_DUID,1,"2016/06/19 22:55:00",CAPTL_WF,96.928001,"2016/06/19 22:50:05"
D,METER_DATA,GEN_DUID,1,"2016/06/19 22:55:00",CATAGUN1,0,"2016/06/19 22:50:05"
D,METER_DATA,GEN_DUID,1,"2016/06/19 22:55:00",CATHROCK,0,"2016/06/19 22:50:05"
D,METER_DATA,GEN_DUID,1,"2016/06/19 22:55:00",CHALLHWF,10.80,"2016/06/19 22:50:05"
D,METER_DATA,GEN_DUID,1,"2016/06/19 22:55:00",CLOVER,24.16,"2016/06/19 22:50:05"
D,METER_DATA,GEN_DUID,1,"2016/06/19 22:55:00",CLUNY,8.902670,"2016/06/19 22:50:05"
D,METER_DATA,GEN_DUID,1,"2016/06/19 22:55:00",CNUNDAWF,5.906891,"2016/06/19 22:50:05"
D,METER_DATA,GEN_DUID,1,"2016/06/19 22:55:00",CULLRGWF,7.58,"2016/06/19 22:50:05"
D,METER_DATA,GEN_DUID,1,"2016/06/19 22:55:00",ERGT01,0,"2016/06/19 22:50:05"
D,METER_DATA,GEN_DUID,1,"2016/06/19 22:55:00",GB01,0.142597,"2016/06/19 22:50:05"
D,METER_DATA,GEN_DUID,1,"2016/06/19 22:55:00",GEORGTN1,0,"2016/06/19 22:50:05"
D,METER_DATA,GEN_DUID,1,"2016/06/19 22:55:00",GEORGTN2,0,"2016/06/19 22:50:05"
D,METER_DATA,GEN_DUID,1,"2016/06/19 22:55:00",GERMCRK,38.900002,"2016/06/19 22:50:05"
D,METER_DATA,GEN_DUID,1,"2016/06/19 22:55:00",INVICTA,38.049999,"2016/06/19 22:50:05"
D,METER_DATA,GEN_DUID,1,"2016/06/19 22:55:00",LKBONNY1,7.234058,"2016/06/19 22:50:05"
D,METER_DATA,GEN_DUID,1,"2016/06/19 22:55:00",MBAHNTH,59.756252,"2016/06/19 22:50:05"
D,METER_DATA,GEN_DUID,1,"2016/06/19 22:55:00",MEADOWB2,0,"2016/06/19 22:50:05"
D,METER_DATA,GEN_DUID,1,"2016/06/19 22:55:00",MLWF1,1.14,"2016/06/19 22:50:05"
D,METER_DATA,GEN_DUID,1,"2016/06/19 22:55:00",MTMILLAR,-0.018603,"2016/06/19 22:50:05"
D,METER_DATA,GEN_DUID,1,"2016/06/19 22:55:00",PALOONA,23.50,"2016/06/19 22:50:05"
D,METER_DATA,GEN_DUID,1,"2016/06/19 22:55:00",PORTLAT1,0,"2016/06/19 22:50:05"
D,METER_DATA,GEN_DUID,1,"2016/06/19 22:55:00",PORTWF,21.799999,"2016/06/19 22:50:05"
D,METER_DATA,GEN_DUID,1,"2016/06/19 22:55:00",QUERIVE1,-0.11,"2016/06/19 22:50:05"
D,METER_DATA,GEN_DUID,1,"2016/06/19 22:55:00",REPULSE,13.852984,"2016/06/19 22:50:05"
D,METER_DATA,GEN_DUID,1,"2016/06/19 22:55:00",ROWALLAN,9.9116,"2016/06/19 22:50:05"
D,METER_DATA,GEN_DUID,1,"2016/06/19 22:55:00",ROYALLA1,0,"2016/06/19 22:50:05"
D,METER_DATA,GEN_DUID,1,"2016/06/19 22:55:00",RPCG,-0.20,"2016/06/19 22:50:05"
D,METER_DATA,GEN_DUID,1,"2016/06/19 22:55:00",RUBICON,0,"2016/06/19 22:50:05"
D,METER_DATA,GEN_DUID,1,"2016/06/19 22:55:00",STARHLWF,1.399592,"2016/06/19 22:50:05"
D,METER_DATA,GEN_DUID,1,"2016/06/19 22:55:00",WAUBRAWF,122.376999,"2016/06/19 22:50:05"
D,METER_DATA,GEN_DUID,1,"2016/06/19 22:55:00",WOOLNTH1,24.590015,"2016/06/19 22:50:05"
D,METER_DATA,GEN_DUID,1,"2016/06/19 22:55:00",WPWF,8,"2016/06/19 22:50:05"
D,METER_DATA,GEN_DUID,1,"2016/06/19 22:55:00",YAMBUKWF,-0.10,"2016/06/19 22:50:05"
D,METER_DATA,GEN_DUID,1,"2016/06/19 23:00:00",BBDISEL1,0,"2016/06/19 22:55:05"
D,METER_DATA,GEN_DUID,1,"2016/06/19 23:00:00",BUTLERSG,7.799998,"2016/06/19 22:55:05"
D,METER_DATA,GEN_DUID,1,"2016/06/19 23:00:00",CALL_A_4,0,"2016/06/19 22:55:05"
D,METER_DATA,GEN_DUID,1,"2016/06/19 23:00:00",CAPTL_WF,96.468002,"2016/06/19 22:55:05"
D,METER_DATA,GEN_DUID,1,"2016/06/19 23:00:00",CATAGUN1,0,"2016/06/19 22:55:05"
D,METER_DATA,GEN_DUID,1,"2016/06/19 23:00:00",CATHROCK,0,"2016/06/19 22:55:05"
D,METER_DATA,GEN_DUID,1,"2016/06/19 23:00:00",CHALLHWF,9.30,"2016/06/19 22:55:05"
D,METER_DATA,GEN_DUID,1,"2016/06/19 23:00:00",CLOVER,24.59,"2016/06/19 22:55:05"
D,METER_DATA,GEN_DUID,1,"2016/06/19 23:00:00",CLUNY,9.345660,"2016/06/19 22:55:05"
D,METER_DATA,GEN_DUID,1,"2016/06/19 23:00:00",CNUNDAWF,6.007008,"2016/06/19 22:55:05"
D,METER_DATA,GEN_DUID,1,"2016/06/19 23:00:00",CULLRGWF,6.08,"2016/06/19 22:55:05"
D,METER_DATA,GEN_DUID,1,"2016/06/19 23:00:00",ERGT01,0,"2016/06/19 22:55:05"
D,METER_DATA,GEN_DUID,1,"2016/06/19 23:00:00",GB01,0.142597,"2016/06/19 22:55:05"
D,METER_DATA,GEN_DUID,1,"2016/06/19 23:00:00",GEORGTN1,0,"2016/06/19 22:55:05"
D,METER_DATA,GEN_DUID,1,"2016/06/19 23:00:00",GEORGTN2,0,"2016/06/19 22:55:05"
D,METER_DATA,GEN_DUID,1,"2016/06/19 23:00:00",GERMCRK,39.299999,"2016/06/19 22:55:05"
D,METER_DATA,GEN_DUID,1,"2016/06/19 23:00:00",INVICTA,36.900002,"2016/06/19 22:55:05"
D,METER_DATA,GEN_DUID,1,"2016/06/19 23:00:00",LKBONNY1,7.412677,"2016/06/19 22:55:05"
D,METER_DATA,GEN_DUID,1,"2016/06/19 23:00:00",MBAHNTH,59.756252,"2016/06/19 22:55:05"
D,METER_DATA,GEN_DUID,1,"2016/06/19 23:00:00",MEADOWB2,0,"2016/06/19 22:55:05"
D,METER_DATA,GEN_DUID,1,"2016/06/19 23:00:00",MLWF1,1.44,"2016/06/19 22:55:05"
D,METER_DATA,GEN_DUID,1,"2016/06/19 23:00:00",MTMILLAR,0.074413,"2016/06/19 22:55:05"
D,METER_DATA,GEN_DUID,1,"2016/06/19 23:00:00",PALOONA,23.50,"2016/06/19 22:55:05"
D,METER_DATA,GEN_DUID,1,"2016/06/19 23:00:00",PORTLAT1,0,"2016/06/19 22:55:05"
D,METER_DATA,GEN_DUID,1,"2016/06/19 23:00:00",PORTWF,22.50,"2016/06/19 22:55:05"
D,METER_DATA,GEN_DUID,1,"2016/06/19 23:00:00",QUERIVE1,-0.11,"2016/06/19 22:55:05"
D,METER_DATA,GEN_DUID,1,"2016/06/19 23:00:00",REPULSE,14.4818,"2016/06/19 22:55:05"
D,METER_DATA,GEN_DUID,1,"2016/06/19 23:00:00",ROWALLAN,10.1388,"2016/06/19 22:55:05"
D,METER_DATA,GEN_DUID,1,"2016/06/19 23:00:00",ROYALLA1,0,"2016/06/19 22:55:05"
D,METER_DATA,GEN_DUID,1,"2016/06/19 23:00:00",RPCG,-0.20,"2016/06/19 22:55:05"
D,METER_DATA,GEN_DUID,1,"2016/06/19 23:00:00",RUBICON,0,"2016/06/19 22:55:05"
D,METER_DATA,GEN_DUID,1,"2016/06/19 23:00:00",STARHLWF,1.699504,"2016/06/19 22:55:05"
D,METER_DATA,GEN_DUID,1,"2016/06/19 23:00:00",WAUBRAWF,125.780998,"2016/06/19 22:55:05"
D,METER_DATA,GEN_DUID,1,"2016/06/19 23:00:00",WOOLNTH1,25.370016,"2016/06/19 22:55:05"
D,METER_DATA,GEN_DUID,1,"2016/06/19 23:00:00",WPWF,7,"2016/06/19 22:55:05"
D,METER_DATA,GEN_DUID,1,"2016/06/19 23:00:00",YAMBUKWF,-0.10,"2016/06/19 22:55:05"
D,METER_DATA,GEN_DUID,1,"2016/06/19 23:05:00",BBDISEL1,0,"2016/06/19 23:00:05"
D,METER_DATA,GEN_DUID,1,"2016/06/19 23:05:00",BUTLERSG,7.799998,"2016/06/19 23:00:05"
D,METER_DATA,GEN_DUID,1,"2016/06/19 23:05:00",CALL_A_4,0,"2016/06/19 23:00:05"
D,METER_DATA,GEN_DUID,1,"2016/06/19 23:05:00",CAPTL_WF,90.699997,"2016/06/19 23:00:05"
D,METER_DATA,GEN_DUID,1,"2016/06/19 23:05:00",CATAGUN1,0,"2016/06/19 23:00:05"
D,METER_DATA,GEN_DUID,1,"2016/06/19 23:05:00",CATHROCK,0,"2016/06/19 23:00:05"
D,METER_DATA,GEN_DUID,1,"2016/06/19 23:05:00",CHALLHWF,10.70,"2016/06/19 23:00:05"
D,METER_DATA,GEN_DUID,1,"2016/06/19 23:05:00",CLOVER,24.48,"2016/06/19 23:00:05"
D,METER_DATA,GEN_DUID,1,"2016/06/19 23:05:00",CLUNY,9.231340,"2016/06/19 23:00:05"
D,METER_DATA,GEN_DUID,1,"2016/06/19 23:05:00",CNUNDAWF,5.906891,"2016/06/19 23:00:05"
D,METER_DATA,GEN_DUID,1,"2016/06/19 23:05:00",CULLRGWF,4.32,"2016/06/19 23:00:05"
D,METER_DATA,GEN_DUID,1,"2016/06/19 23:05:00",ERGT01,0,"2016/06/19 23:00:05"
D,METER_DATA,GEN_DUID,1,"2016/06/19 23:05:00",GB01,0.142597,"2016/06/19 23:00:05"
D,METER_DATA,GEN_DUID,1,"2016/06/19 23:05:00",GEORGTN1,0,"2016/06/19 23:00:05"
D,METER_DATA,GEN_DUID,1,"2016/06/19 23:05:00",GEORGTN2,0,"2016/06/19 23:00:05"
D,METER_DATA,GEN_DUID,1,"2016/06/19 23:05:00",GERMCRK,38.400002,"2016/06/19 23:00:05"
D,METER_DATA,GEN_DUID,1,"2016/06/19 23:05:00",INVICTA,36.900002,"2016/06/19 23:00:05"
D,METER_DATA,GEN_DUID,1,"2016/06/19 23:05:00",LKBONNY1,7.591296,"2016/06/19 23:00:05"
D,METER_DATA,GEN_DUID,1,"2016/06/19 23:05:00",MBAHNTH,59.756252,"2016/06/19 23:00:05"
D,METER_DATA,GEN_DUID,1,"2016/06/19 23:05:00",MEADOWB2,0,"2016/06/19 23:00:05"
D,METER_DATA,GEN_DUID,1,"2016/06/19 23:05:00",MLWF1,1.7550,"2016/06/19 23:00:05"
D,METER_DATA,GEN_DUID,1,"2016/06/19 23:05:00",MTMILLAR,0.171150,"2016/06/19 23:00:05"
D,METER_DATA,GEN_DUID,1,"2016/06/19 23:05:00",PALOONA,23.67,"2016/06/19 23:00:05"
D,METER_DATA,GEN_DUID,1,"2016/06/19 23:05:00",PORTLAT1,0,"2016/06/19 23:00:05"
D,METER_DATA,GEN_DUID,1,"2016/06/19 23:05:00",PORTWF,22.799999,"2016/06/19 23:00:05"
D,METER_DATA,GEN_DUID,1,"2016/06/19 23:05:00",QUERIVE1,-0.11,"2016/06/19 23:00:05"
D,METER_DATA,GEN_DUID,1,"2016/06/19 23:05:00",REPULSE,13.814875,"2016/06/19 23:00:05"
D,METER_DATA,GEN_DUID,1,"2016/06/19 23:05:00",ROWALLAN,10.195601,"2016/06/19 23:00:05"
D,METER_DATA,GEN_DUID,1,"2016/06/19 23:05:00",ROYALLA1,0,"2016/06/19 23:00:05"
D,METER_DATA,GEN_DUID,1,"2016/06/19 23:05:00",RPCG,-0.20,"2016/06/19 23:00:05"
D,METER_DATA,GEN_DUID,1,"2016/06/19 23:05:00",RUBICON,0,"2016/06/19 23:00:05"
D,METER_DATA,GEN_DUID,1,"2016/06/19 23:05:00",STARHLWF,0.799767,"2016/06/19 23:00:05"
D,METER_DATA,GEN_DUID,1,"2016/06/19 23:05:00",WAUBRAWF,133.951996,"2016/06/19 23:00:05"
D,METER_DATA,GEN_DUID,1,"2016/06/19 23:05:00",WOOLNTH1,26.170015,"2016/06/19 23:00:05"
D,METER_DATA,GEN_DUID,1,"2016/06/19 23:05:00",WPWF,5,"2016/06/19 23:00:05"
D,METER_DATA,GEN_DUID,1,"2016/06/19 23:05:00",YAMBUKWF,0.20,"2016/06/19 23:00:05"
D,METER_DATA,GEN_DUID,1,"2016/06/19 23:10:00",BBDISEL1,0,"2016/06/19 23:05:04"
D,METER_DATA,GEN_DUID,1,"2016/06/19 23:10:00",BUTLERSG,7.799998,"2016/06/19 23:05:04"
D,METER_DATA,GEN_DUID,1,"2016/06/19 23:10:00",CALL_A_4,0,"2016/06/19 23:05:04"
D,METER_DATA,GEN_DUID,1,"2016/06/19 23:10:00",CAPTL_WF,83.428001,"2016/06/19 23:05:04"
D,METER_DATA,GEN_DUID,1,"2016/06/19 23:10:00",CATAGUN1,0,"2016/06/19 23:05:04"
D,METER_DATA,GEN_DUID,1,"2016/06/19 23:10:00",CATHROCK,0,"2016/06/19 23:05:04"
D,METER_DATA,GEN_DUID,1,"2016/06/19 23:10:00",CHALLHWF,11.50,"2016/06/19 23:05:04"
D,METER_DATA,GEN_DUID,1,"2016/06/19 23:10:00",CLOVER,25.09,"2016/06/19 23:05:04"
D,METER_DATA,GEN_DUID,1,"2016/06/19 23:10:00",CLUNY,8.674030,"2016/06/19 23:05:04"
D,METER_DATA,GEN_DUID,1,"2016/06/19 23:10:00",CNUNDAWF,6.107124,"2016/06/19 23:05:04"
D,METER_DATA,GEN_DUID,1,"2016/06/19 23:10:00",CULLRGWF,3.62,"2016/06/19 23:05:04"
D,METER_DATA,GEN_DUID,1,"2016/06/19 23:10:00",ERGT01,0,"2016/06/19 23:05:04"
D,METER_DATA,GEN_DUID,1,"2016/06/19 23:10:00",GB01,0.142597,"2016/06/19 23:05:04"
D,METER_DATA,GEN_DUID,1,"2016/06/19 23:10:00",GEORGTN1,0,"2016/06/19 23:05:04"
D,METER_DATA,GEN_DUID,1,"2016/06/19 23:10:00",GEORGTN2,0,"2016/06/19 23:05:04"
D,METER_DATA,GEN_DUID,1,"2016/06/19 23:10:00",GERMCRK,38.900002,"2016/06/19 23:05:04"
D,METER_DATA,GEN_DUID,1,"2016/06/19 23:10:00",INVICTA,35.700001,"2016/06/19 23:05:04"
D,METER_DATA,GEN_DUID,1,"2016/06/19 23:10:00",LKBONNY1,9.466792,"2016/06/19 23:05:04"
D,METER_DATA,GEN_DUID,1,"2016/06/19 23:10:00",MBAHNTH,59.756252,"2016/06/19 23:05:04"
D,METER_DATA,GEN_DUID,1,"2016/06/19 23:10:00",MEADOWB2,0,"2016/06/19 23:05:04"
D,METER_DATA,GEN_DUID,1,"2016/06/19 23:10:00",MLWF1,2.37,"2016/06/19 23:05:04"
D,METER_DATA,GEN_DUID,1,"2016/06/19 23:10:00",MTMILLAR,0.178591,"2016/06/19 23:05:04"
D,METER_DATA,GEN_DUID,1,"2016/06/19 23:10:00",PALOONA,23.539999,"2016/06/19 23:05:04"
D,METER_DATA,GEN_DUID,1,"2016/06/19 23:10:00",PORTLAT1,0,"2016/06/19 23:05:04"
D,METER_DATA,GEN_DUID,1,"2016/06/19 23:10:00",PORTWF,24.10,"2016/06/19 23:05:04"
D,METER_DATA,GEN_DUID,1,"2016/06/19 23:10:00",QUERIVE1,-0.11,"2016/06/19 23:05:04"
D,METER_DATA,GEN_DUID,1,"2016/06/19 23:10:00",REPULSE,13.929205,"2016/06/19 23:05:04"
D,METER_DATA,GEN_DUID,1,"2016/06/19 23:10:00",ROWALLAN,10.3589,"2016/06/19 23:05:04"
D,METER_DATA,GEN_DUID,1,"2016/06/19 23:10:00",ROYALLA1,0,"2016/06/19 23:05:04"
D,METER_DATA,GEN_DUID,1,"2016/06/19 23:10:00",RPCG,-0.20,"2016/06/19 23:05:04"
D,METER_DATA,GEN_DUID,1,"2016/06/19 23:10:00",RUBICON,0,"2016/06/19 23:05:04"
D,METER_DATA,GEN_DUID,1,"2016/06/19 23:10:00",STARHLWF,1.299621,"2016/06/19 23:05:04"
D,METER_DATA,GEN_DUID,1,"2016/06/19 23:10:00",WAUBRAWF,135.787003,"2016/06/19 23:05:04"
D,METER_DATA,GEN_DUID,1,"2016/06/19 23:10:00",WOOLNTH1,24.520016,"2016/06/19 23:05:04"
D,METER_DATA,GEN_DUID,1,"2016/06/19 23:10:00",WPWF,3,"2016/06/19 23:05:04"
D,METER_DATA,GEN_DUID,1,"2016/06/19 23:10:00",YAMBUKWF,0.60,"2016/06/19 23:05:04"
D,METER_DATA,GEN_DUID,1,"2016/06/19 23:15:00",BBDISEL1,0,"2016/06/19 23:10:04"
D,METER_DATA,GEN_DUID,1,"2016/06/19 23:15:00",BUTLERSG,7.799998,"2016/06/19 23:10:04"
D,METER_DATA,GEN_DUID,1,"2016/06/19 23:15:00",CALL_A_4,0,"2016/06/19 23:10:04"
D,METER_DATA,GEN_DUID,1,"2016/06/19 23:15:00",CAPTL_WF,76.080002,"2016/06/19 23:10:04"
D,METER_DATA,GEN_DUID,1,"2016/06/19 23:15:00",CATAGUN1,0,"2016/06/19 23:10:04"
D,METER_DATA,GEN_DUID,1,"2016/06/19 23:15:00",CATHROCK,0,"2016/06/19 23:10:04"
D,METER_DATA,GEN_DUID,1,"2016/06/19 23:15:00",CHALLHWF,13.200001,"2016/06/19 23:10:04"
D,METER_DATA,GEN_DUID,1,"2016/06/19 23:15:00",CLOVER,24.389999,"2016/06/19 23:10:04"
D,METER_DATA,GEN_DUID,1,"2016/06/19 23:15:00",CLUNY,8.8598,"2016/06/19 23:10:04"
D,METER_DATA,GEN_DUID,1,"2016/06/19 23:15:00",CNUNDAWF,5.506423,"2016/06/19 23:10:04"
D,METER_DATA,GEN_DUID,1,"2016/06/19 23:15:00",CULLRGWF,4.32,"2016/06/19 23:10:04"
D,METER_DATA,GEN_DUID,1,"2016/06/19 23:15:00",ERGT01,0,"2016/06/19 23:10:04"
D,METER_DATA,GEN_DUID,1,"2016/06/19 23:15:00",GB01,0.142597,"2016/06/19 23:10:04"
D,METER_DATA,GEN_DUID,1,"2016/06/19 23:15:00",GEORGTN1,0,"2016/06/19 23:10:04"
D,METER_DATA,GEN_DUID,1,"2016/06/19 23:15:00",GEORGTN2,0,"2016/06/19 23:10:04"
D,METER_DATA,GEN_DUID,1,"2016/06/19 23:15:00",GERMCRK,39.400002,"2016/06/19 23:10:04"
D,METER_DATA,GEN_DUID,1,"2016/06/19 23:15:00",INVICTA,35.700001,"2016/06/19 23:10:04"
D,METER_DATA,GEN_DUID,1,"2016/06/19 23:15:00",LKBONNY1,9.556102,"2016/06/19 23:10:04"
D,METER_DATA,GEN_DUID,1,"2016/06/19 23:15:00",MBAHNTH,59.756252,"2016/06/19 23:10:04"
D,METER_DATA,GEN_DUID,1,"2016/06/19 23:15:00",MEADOWB2,0,"2016/06/19 23:10:04"
D,METER_DATA,GEN_DUID,1,"2016/06/19 23:15:00",MLWF1,2.58,"2016/06/19 23:10:04"
D,METER_DATA,GEN_DUID,1,"2016/06/19 23:15:00",MTMILLAR,0.3423,"2016/06/19 23:10:04"
D,METER_DATA,GEN_DUID,1,"2016/06/19 23:15:00",PALOONA,23.539999,"2016/06/19 23:10:04"
D,METER_DATA,GEN_DUID,1,"2016/06/19 23:15:00",PORTLAT1,0,"2016/06/19 23:10:04"
D,METER_DATA,GEN_DUID,1,"2016/06/19 23:15:00",PORTWF,27.299999,"2016/06/19 23:10:04"
D,METER_DATA,GEN_DUID,1,"2016/06/19 23:15:00",QUERIVE1,-0.12,"2016/06/19 23:10:04"
D,METER_DATA,GEN_DUID,1,"2016/06/19 23:15:00",REPULSE,13.948259,"2016/06/19 23:10:04"
D,METER_DATA,GEN_DUID,1,"2016/06/19 23:15:00",ROWALLAN,9.8974,"2016/06/19 23:10:04"
D,METER_DATA,GEN_DUID,1,"2016/06/19 23:15:00",ROYALLA1,0,"2016/06/19 23:10:04"
D,METER_DATA,GEN_DUID,1,"2016/06/19 23:15:00",RPCG,-0.20,"2016/06/19 23:10:04"
D,METER_DATA,GEN_DUID,1,"2016/06/19 23:15:00",RUBICON,0,"2016/06/19 23:10:04"
D,METER_DATA,GEN_DUID,1,"2016/06/19 23:15:00",STARHLWF,0.799767,"2016/06/19 23:10:04"
D,METER_DATA,GEN_DUID,1,"2016/06/19 23:15:00",WAUBRAWF,142.091995,"2016/06/19 23:10:04"
D,METER_DATA,GEN_DUID,1,"2016/06/19 23:15:00",WOOLNTH1,24.490015,"2016/06/19 23:10:04"
D,METER_DATA,GEN_DUID,1,"2016/06/19 23:15:00",WPWF,5,"2016/06/19 23:10:04"
D,METER_DATA,GEN_DUID,1,"2016/06/19 23:15:00",YAMBUKWF,0.50,"2016/06/19 23:10:04"
D,METER_DATA,GEN_DUID,1,"2016/06/19 23:20:00",BBDISEL1,0,"2016/06/19 23:15:04"
D,METER_DATA,GEN_DUID,1,"2016/06/19 23:20:00",BUTLERSG,7.799998,"2016/06/19 23:15:04"
D,METER_DATA,GEN_DUID,1,"2016/06/19 23:20:00",CALL_A_4,0,"2016/06/19 23:15:04"
D,METER_DATA,GEN_DUID,1,"2016/06/19 23:20:00",CAPTL_WF,74.975998,"2016/06/19 23:15:04"
D,METER_DATA,GEN_DUID,1,"2016/06/19 23:20:00",CATAGUN1,0,"2016/06/19 23:15:04"
D,METER_DATA,GEN_DUID,1,"2016/06/19 23:20:00",CATHROCK,0,"2016/06/19 23:15:04"
D,METER_DATA,GEN_DUID,1,"2016/06/19 23:20:00",CHALLHWF,15.20,"2016/06/19 23:15:04"
D,METER_DATA,GEN_DUID,1,"2016/06/19 23:20:00",CLOVER,24.52,"2016/06/19 23:15:04"
D,METER_DATA,GEN_DUID,1,"2016/06/19 23:20:00",CLUNY,8.8598,"2016/06/19 23:15:04"
D,METER_DATA,GEN_DUID,1,"2016/06/19 23:20:00",CNUNDAWF,3.804438,"2016/06/19 23:15:04"
D,METER_DATA,GEN_DUID,1,"2016/06/19 23:20:00",CULLRGWF,5.45,"2016/06/19 23:15:04"
D,METER_DATA,GEN_DUID,1,"2016/06/19 23:20:00",ERGT01,0,"2016/06/19 23:15:04"
D,METER_DATA,GEN_DUID,1,"2016/06/19 23:20:00",GB01,0.142597,"2016/06/19 23:15:04"
D,METER_DATA,GEN_DUID,1,"2016/06/19 23:20:00",GEORGTN1,0,"2016/06/19 23:15:04"
D,METER_DATA,GEN_DUID,1,"2016/06/19 23:20:00",GEORGTN2,0,"2016/06/19 23:15:04"
D,METER_DATA,GEN_DUID,1,"2016/06/19 23:20:00",GERMCRK,38.50,"2016/06/19 23:15:04"
D,METER_DATA,GEN_DUID,1,"2016/06/19 23:20:00",INVICTA,35.700001,"2016/06/19 23:15:04"
D,METER_DATA,GEN_DUID,1,"2016/06/19 23:20:00",LKBONNY1,9.020246,"2016/06/19 23:15:04"
D,METER_DATA,GEN_DUID,1,"2016/06/19 23:20:00",MBAHNTH,59.756252,"2016/06/19 23:15:04"
D,METER_DATA,GEN_DUID,1,"2016/06/19 23:20:00",MEADOWB2,0,"2016/06/19 23:15:04"
D,METER_DATA,GEN_DUID,1,"2016/06/19 23:20:00",MLWF1,2.79,"2016/06/19 23:15:04"
D,METER_DATA,GEN_DUID,1,"2016/06/19 23:20:00",MTMILLAR,0.483685,"2016/06/19 23:15:04"
D,METER_DATA,GEN_DUID,1,"2016/06/19 23:20:00",PALOONA,23.539999,"2016/06/19 23:15:04"
D,METER_DATA,GEN_DUID,1,"2016/06/19 23:20:00",PORTLAT1,0,"2016/06/19 23:15:04"
D,METER_DATA,GEN_DUID,1,"2016/06/19 23:20:00",PORTWF,25.50,"2016/06/19 23:15:04"
D,METER_DATA,GEN_DUID,1,"2016/06/19 23:20:00",QUERIVE1,-0.11,"2016/06/19 23:15:04"
D,METER_DATA,GEN_DUID,1,"2016/06/19 23:20:00",REPULSE,13.052674,"2016/06/19 23:15:04"
D,METER_DATA,GEN_DUID,1,"2016/06/19 23:20:00",ROWALLAN,10.195601,"2016/06/19 23:15:04"
D,METER_DATA,GEN_DUID,1,"2016/06/19 23:20:00",ROYALLA1,0,"2016/06/19 23:15:04"
D,METER_DATA,GEN_DUID,1,"2016/06/19 23:20:00",RPCG,-0.20,"2016/06/19 23:15:04"
D,METER_DATA,GEN_DUID,1,"2016/06/19 23:20:00",RUBICON,0,"2016/06/19 23:15:04"
D,METER_DATA,GEN_DUID,1,"2016/06/19 23:20:00",STARHLWF,0.799767,"2016/06/19 23:15:04"
D,METER_DATA,GEN_DUID,1,"2016/06/19 23:20:00",WAUBRAWF,146.983994,"2016/06/19 23:15:04"
D,METER_DATA,GEN_DUID,1,"2016/06/19 23:20:00",WOOLNTH1,24.430016,"2016/06/19 23:15:04"
D,METER_DATA,GEN_DUID,1,"2016/06/19 23:20:00",WPWF,4,"2016/06/19 23:15:04"
D,METER_DATA,GEN_DUID,1,"2016/06/19 23:20:00",YAMBUKWF,0.40,"2016/06/19 23:15:04"
D,METER_DATA,GEN_DUID,1,"2016/06/19 23:25:00",BBDISEL1,0,"2016/06/19 23:20:05"
D,METER_DATA,GEN_DUID,1,"2016/06/19 23:25:00",BUTLERSG,7.799998,"2016/06/19 23:20:05"
D,METER_DATA,GEN_DUID,1,"2016/06/19 23:25:00",CALL_A_4,0,"2016/06/19 23:20:05"
D,METER_DATA,GEN_DUID,1,"2016/06/19 23:25:00",CAPTL_WF,76.287994,"2016/06/19 23:20:05"
D,METER_DATA,GEN_DUID,1,"2016/06/19 23:25:00",CATAGUN1,0,"2016/06/19 23:20:05"
D,METER_DATA,GEN_DUID,1,"2016/06/19 23:25:00",CATHROCK,0,"2016/06/19 23:20:05"
D,METER_DATA,GEN_DUID,1,"2016/06/19 23:25:00",CHALLHWF,18.299999,"2016/06/19 23:20:05"
D,METER_DATA,GEN_DUID,1,"2016/06/19 23:25:00",CLOVER,24.43,"2016/06/19 23:20:05"
D,METER_DATA,GEN_DUID,1,"2016/06/19 23:25:00",CLUNY,8.445390,"2016/06/19 23:20:05"
D,METER_DATA,GEN_DUID,1,"2016/06/19 23:25:00",CNUNDAWF,4.104788,"2016/06/19 23:20:05"
D,METER_DATA,GEN_DUID,1,"2016/06/19 23:25:00",CULLRGWF,6.48,"2016/06/19 23:20:05"
D,METER_DATA,GEN_DUID,1,"2016/06/19 23:25:00",ERGT01,0,"2016/06/19 23:20:05"
D,METER_DATA,GEN_DUID,1,"2016/06/19 23:25:00",GB01,0.141804,"2016/06/19 23:20:05"
D,METER_DATA,GEN_DUID,1,"2016/06/19 23:25:00",GEORGTN1,0,"2016/06/19 23:20:05"
D,METER_DATA,GEN_DUID,1,"2016/06/19 23:25:00",GEORGTN2,0,"2016/06/19 23:20:05"
D,METER_DATA,GEN_DUID,1,"2016/06/19 23:25:00",GERMCRK,38.700001,"2016/06/19 23:20:05"
D,METER_DATA,GEN_DUID,1,"2016/06/19 23:25:00",INVICTA,36.775002,"2016/06/19 23:20:05"
D,METER_DATA,GEN_DUID,1,"2016/06/19 23:25:00",LKBONNY1,8.305771,"2016/06/19 23:20:05"
D,METER_DATA,GEN_DUID,1,"2016/06/19 23:25:00",MBAHNTH,59.756252,"2016/06/19 23:20:05"
D,METER_DATA,GEN_DUID,1,"2016/06/19 23:25:00",MEADOWB2,0,"2016/06/19 23:20:05"
D,METER_DATA,GEN_DUID,1,"2016/06/19 23:25:00",MLWF1,2.49,"2016/06/19 23:20:05"
D,METER_DATA,GEN_DUID,1,"2016/06/19 23:25:00",MTMILLAR,0.639953,"2016/06/19 23:20:05"
D,METER_DATA,GEN_DUID,1,"2016/06/19 23:25:00",PALOONA,23.539999,"2016/06/19 23:20:05"
D,METER_DATA,GEN_DUID,1,"2016/06/19 23:25:00",PORTLAT1,0,"2016/06/19 23:20:05"
D,METER_DATA,GEN_DUID,1,"2016/06/19 23:25:00",PORTWF,23,"2016/06/19 23:20:05"
D,METER_DATA,GEN_DUID,1,"2016/06/19 23:25:00",QUERIVE1,-0.11,"2016/06/19 23:20:05"
D,METER_DATA,GEN_DUID,1,"2016/06/19 23:25:00",REPULSE,14.005424,"2016/06/19 23:20:05"
D,METER_DATA,GEN_DUID,1,"2016/06/19 23:25:00",ROWALLAN,9.9471,"2016/06/19 23:20:05"
D,METER_DATA,GEN_DUID,1,"2016/06/19 23:25:00",ROYALLA1,0,"2016/06/19 23:20:05"
D,METER_DATA,GEN_DUID,1,"2016/06/19 23:25:00",RPCG,-0.20,"2016/06/19 23:20:05"
D,METER_DATA,GEN_DUID,1,"2016/06/19 23:25:00",RUBICON,0,"2016/06/19 23:20:05"
D,METER_DATA,GEN_DUID,1,"2016/06/19 23:25:00",STARHLWF,0.799767,"2016/06/19 23:20:05"
D,METER_DATA,GEN_DUID,1,"2016/06/19 23:25:00",WAUBRAWF,153.348007,"2016/06/19 23:20:05"
D,METER_DATA,GEN_DUID,1,"2016/06/19 23:25:00",WOOLNTH1,26.060017,"2016/06/19 23:20:05"
D,METER_DATA,GEN_DUID,1,"2016/06/19 23:25:00",WPWF,3,"2016/06/19 23:20:05"
D,METER_DATA,GEN_DUID,1,"2016/06/19 23:25:00",YAMBUKWF,0.50,"2016/06/19 23:20:05"
D,METER_DATA,GEN_DUID,1,"2016/06/19 23:30:00",BBDISEL1,0,"2016/06/19 23:25:05"
D,METER_DATA,GEN_DUID,1,"2016/06/19 23:30:00",BUTLERSG,7.799998,"2016/06/19 23:25:05"
D,METER_DATA,GEN_DUID,1,"2016/06/19 23:30:00",CALL_A_4,0,"2016/06/19 23:25:05"
D,METER_DATA,GEN_DUID,1,"2016/06/19 23:30:00",CAPTL_WF,70.519997,"2016/06/19 23:25:05"
D,METER_DATA,GEN_DUID,1,"2016/06/19 23:30:00",CATAGUN1,0,"2016/06/19 23:25:05"
D,METER_DATA,GEN_DUID,1,"2016/06/19 23:30:00",CATHROCK,0,"2016/06/19 23:25:05"
D,METER_DATA,GEN_DUID,1,"2016/06/19 23:30:00",CHALLHWF,19.900002,"2016/06/19 23:25:05"
D,METER_DATA,GEN_DUID,1,"2016/06/19 23:30:00",CLOVER,25.02,"2016/06/19 23:25:05"
D,METER_DATA,GEN_DUID,1,"2016/06/19 23:30:00",CLUNY,9.345660,"2016/06/19 23:25:05"
D,METER_DATA,GEN_DUID,1,"2016/06/19 23:30:00",CNUNDAWF,4.104788,"2016/06/19 23:25:05"
D,METER_DATA,GEN_DUID,1,"2016/06/19 23:30:00",CULLRGWF,7.14,"2016/06/19 23:25:05"
D,METER_DATA,GEN_DUID,1,"2016/06/19 23:30:00",ERGT01,0,"2016/06/19 23:25:05"
D,METER_DATA,GEN_DUID,1,"2016/06/19 23:30:00",GB01,0.141804,"2016/06/19 23:25:05"
D,METER_DATA,GEN_DUID,1,"2016/06/19 23:30:00",GEORGTN1,0,"2016/06/19 23:25:05"
D,METER_DATA,GEN_DUID,1,"2016/06/19 23:30:00",GEORGTN2,0,"2016/06/19 23:25:05"
D,METER_DATA,GEN_DUID,1,"2016/06/19 23:30:00",GERMCRK,39,"2016/06/19 23:25:05"
D,METER_DATA,GEN_DUID,1,"2016/06/19 23:30:00",INVICTA,36.775002,"2016/06/19 23:25:05"
D,METER_DATA,GEN_DUID,1,"2016/06/19 23:30:00",LKBONNY1,7.769915,"2016/06/19 23:25:05"
D,METER_DATA,GEN_DUID,1,"2016/06/19 23:30:00",MBAHNTH,59.756252,"2016/06/19 23:25:05"
D,METER_DATA,GEN_DUID,1,"2016/06/19 23:30:00",MEADOWB2,0,"2016/06/19 23:25:05"
D,METER_DATA,GEN_DUID,1,"2016/06/19 23:30:00",MLWF1,2.5050,"2016/06/19 23:25:05"
D,METER_DATA,GEN_DUID,1,"2016/06/19 23:30:00",MTMILLAR,1.123638,"2016/06/19 23:25:05"
D,METER_DATA,GEN_DUID,1,"2016/06/19 23:30:00",PALOONA,23.539999,"2016/06/19 23:25:05"
D,METER_DATA,GEN_DUID,1,"2016/06/19 23:30:00",PORTLAT1,0,"2016/06/19 23:25:05"
D,METER_DATA,GEN_DUID,1,"2016/06/19 23:30:00",PORTWF,23.200001,"2016/06/19 23:25:05"
D,METER_DATA,GEN_DUID,1,"2016/06/19 23:30:00",QUERIVE1,-0.12,"2016/06/19 23:25:05"
D,METER_DATA,GEN_DUID,1,"2016/06/19 23:30:00",REPULSE,13.624325,"2016/06/19 23:25:05"
D,METER_DATA,GEN_DUID,1,"2016/06/19 23:30:00",ROWALLAN,10.2879,"2016/06/19 23:25:05"
D,METER_DATA,GEN_DUID,1,"2016/06/19 23:30:00",ROYALLA1,0,"2016/06/19 23:25:05"
D,METER_DATA,GEN_DUID,1,"2016/06/19 23:30:00",RPCG,-0.20,"2016/06/19 23:25:05"
D,METER_DATA,GEN_DUID,1,"2016/06/19 23:30:00",RUBICON,0,"2016/06/19 23:25:05"
D,METER_DATA,GEN_DUID,1,"2016/06/19 23:30:00",STARHLWF,1.999417,"2016/06/19 23:25:05"
D,METER_DATA,GEN_DUID,1,"2016/06/19 23:30:00",WAUBRAWF,155.929993,"2016/06/19 23:25:05"
D,METER_DATA,GEN_DUID,1,"2016/06/19 23:30:00",WOOLNTH1,26.560017,"2016/06/19 23:25:05"
D,METER_DATA,GEN_DUID,1,"2016/06/19 23:30:00",WPWF,2,"2016/06/19 23:25:05"
D,METER_DATA,GEN_DUID,1,"2016/06/19 23:30:00",YAMBUKWF,0.60,"2016/06/19 23:25:05"
D,METER_DATA,GEN_DUID,1,"2016/06/19 23:35:00",BBDISEL1,0,"2016/06/19 23:30:05"
D,METER_DATA,GEN_DUID,1,"2016/06/19 23:35:00",BUTLERSG,7.799998,"2016/06/19 23:30:05"
D,METER_DATA,GEN_DUID,1,"2016/06/19 23:35:00",CALL_A_4,0,"2016/06/19 23:30:05"
D,METER_DATA,GEN_DUID,1,"2016/06/19 23:35:00",CAPTL_WF,65.928001,"2016/06/19 23:30:05"
D,METER_DATA,GEN_DUID,1,"2016/06/19 23:35:00",CATAGUN1,0,"2016/06/19 23:30:05"
D,METER_DATA,GEN_DUID,1,"2016/06/19 23:35:00",CATHROCK,0,"2016/06/19 23:30:05"
D,METER_DATA,GEN_DUID,1,"2016/06/19 23:35:00",CHALLHWF,19.400002,"2016/06/19 23:30:05"
D,METER_DATA,GEN_DUID,1,"2016/06/19 23:35:00",CLOVER,24.77,"2016/06/19 23:30:05"
D,METER_DATA,GEN_DUID,1,"2016/06/19 23:35:00",CLUNY,9.117021,"2016/06/19 23:30:05"
D,METER_DATA,GEN_DUID,1,"2016/06/19 23:35:00",CNUNDAWF,4.905723,"2016/06/19 23:30:05"
D,METER_DATA,GEN_DUID,1,"2016/06/19 23:35:00",CULLRGWF,6.49,"2016/06/19 23:30:05"
D,METER_DATA,GEN_DUID,1,"2016/06/19 23:35:00",ERGT01,0,"2016/06/19 23:30:05"
D,METER_DATA,GEN_DUID,1,"2016/06/19 23:35:00",GB01,0.141804,"2016/06/19 23:30:05"
D,METER_DATA,GEN_DUID,1,"2016/06/19 23:35:00",GEORGTN1,0,"2016/06/19 23:30:05"
D,METER_DATA,GEN_DUID,1,"2016/06/19 23:35:00",GEORGTN2,0,"2016/06/19 23:30:05"
D,METER_DATA,GEN_DUID,1,"2016/06/19 23:35:00",GERMCRK,39.200001,"2016/06/19 23:30:05"
D,METER_DATA,GEN_DUID,1,"2016/06/19 23:35:00",INVICTA,35.75,"2016/06/19 23:30:05"
D,METER_DATA,GEN_DUID,1,"2016/06/19 23:35:00",LKBONNY1,8.127152,"2016/06/19 23:30:05"
D,METER_DATA,GEN_DUID,1,"2016/06/19 23:35:00",MBAHNTH,59.756252,"2016/06/19 23:30:05"
D,METER_DATA,GEN_DUID,1,"2016/06/19 23:35:00",MEADOWB2,0,"2016/06/19 23:30:05"
D,METER_DATA,GEN_DUID,1,"2016/06/19 23:35:00",MLWF1,3.33,"2016/06/19 23:30:05"
D,METER_DATA,GEN_DUID,1,"2016/06/19 23:35:00",MTMILLAR,1.756150,"2016/06/19 23:30:05"
D,METER_DATA,GEN_DUID,1,"2016/06/19 23:35:00",PALOONA,23.539999,"2016/06/19 23:30:05"
D,METER_DATA,GEN_DUID,1,"2016/06/19 23:35:00",PORTLAT1,0,"2016/06/19 23:30:05"
D,METER_DATA,GEN_DUID,1,"2016/06/19 23:35:00",PORTWF,22.90,"2016/06/19 23:30:05"
D,METER_DATA,GEN_DUID,1,"2016/06/19 23:35:00",QUERIVE1,-0.12,"2016/06/19 23:30:05"
D,METER_DATA,GEN_DUID,1,"2016/06/19 23:35:00",REPULSE,13.509995,"2016/06/19 23:30:05"
D,METER_DATA,GEN_DUID,1,"2016/06/19 23:35:00",ROWALLAN,10.1672,"2016/06/19 23:30:05"
D,METER_DATA,GEN_DUID,1,"2016/06/19 23:35:00",ROYALLA1,0,"2016/06/19 23:30:05"
D,METER_DATA,GEN_DUID,1,"2016/06/19 23:35:00",RPCG,-0.20,"2016/06/19 23:30:05"
D,METER_DATA,GEN_DUID,1,"2016/06/19 23:35:00",RUBICON,0,"2016/06/19 23:30:05"
D,METER_DATA,GEN_DUID,1,"2016/06/19 23:35:00",STARHLWF,2.099388,"2016/06/19 23:30:05"
D,METER_DATA,GEN_DUID,1,"2016/06/19 23:35:00",WAUBRAWF,151.792999,"2016/06/19 23:30:05"
D,METER_DATA,GEN_DUID,1,"2016/06/19 23:35:00",WOOLNTH1,25.830017,"2016/06/19 23:30:05"
D,METER_DATA,GEN_DUID,1,"2016/06/19 23:35:00",WPWF,1,"2016/06/19 23:30:05"
D,METER_DATA,GEN_DUID,1,"2016/06/19 23:35:00",YAMBUKWF,0.40,"2016/06/19 23:30:05"
D,METER_DATA,GEN_DUID,1,"2016/06/19 23:40:00",BBDISEL1,0,"2016/06/19 23:35:05"
D,METER_DATA,GEN_DUID,1,"2016/06/19 23:40:00",BUTLERSG,7.799998,"2016/06/19 23:35:05"
D,METER_DATA,GEN_DUID,1,"2016/06/19 23:40:00",CALL_A_4,0,"2016/06/19 23:35:05"
D,METER_DATA,GEN_DUID,1,"2016/06/19 23:40:00",CAPTL_WF,71.431999,"2016/06/19 23:35:05"
D,METER_DATA,GEN_DUID,1,"2016/06/19 23:40:00",CATAGUN1,0,"2016/06/19 23:35:05"
D,METER_DATA,GEN_DUID,1,"2016/06/19 23:40:00",CATHROCK,0,"2016/06/19 23:35:05"
D,METER_DATA,GEN_DUID,1,"2016/06/19 23:40:00",CHALLHWF,20.799999,"2016/06/19 23:35:05"
D,METER_DATA,GEN_DUID,1,"2016/06/19 23:40:00",CLOVER,25.09,"2016/06/19 23:35:05"
D,METER_DATA,GEN_DUID,1,"2016/06/19 23:40:00",CLUNY,9.374240,"2016/06/19 23:35:05"
D,METER_DATA,GEN_DUID,1,"2016/06/19 23:40:00",CNUNDAWF,4.905723,"2016/06/19 23:35:05"
D,METER_DATA,GEN_DUID,1,"2016/06/19 23:40:00",CULLRGWF,5.23,"2016/06/19 23:35:05"
D,METER_DATA,GEN_DUID,1,"2016/06/19 23:40:00",ERGT01,0,"2016/06/19 23:35:05"
D,METER_DATA,GEN_DUID,1,"2016/06/19 23:40:00",GB01,0.141804,"2016/06/19 23:35:05"
D,METER_DATA,GEN_DUID,1,"2016/06/19 23:40:00",GEORGTN1,0,"2016/06/19 23:35:05"
D,METER_DATA,GEN_DUID,1,"2016/06/19 23:40:00",GEORGTN2,0,"2016/06/19 23:35:05"
D,METER_DATA,GEN_DUID,1,"2016/06/19 23:40:00",GERMCRK,38.799999,"2016/06/19 23:35:05"
D,METER_DATA,GEN_DUID,1,"2016/06/19 23:40:00",INVICTA,35.75,"2016/06/19 23:35:05"
D,METER_DATA,GEN_DUID,1,"2016/06/19 23:40:00",LKBONNY1,8.305771,"2016/06/19 23:35:05"
D,METER_DATA,GEN_DUID,1,"2016/06/19 23:40:00",MBAHNTH,59.756252,"2016/06/19 23:35:05"
D,METER_DATA,GEN_DUID,1,"2016/06/19 23:40:00",MEADOWB2,0,"2016/06/19 23:35:05"
D,METER_DATA,GEN_DUID,1,"2016/06/19 23:40:00",MLWF1,3.33,"2016/06/19 23:35:05"
D,METER_DATA,GEN_DUID,1,"2016/06/19 23:40:00",MTMILLAR,2.180304,"2016/06/19 23:35:05"
D,METER_DATA,GEN_DUID,1,"2016/06/19 23:40:00",PALOONA,23.539999,"2016/06/19 23:35:05"
D,METER_DATA,GEN_DUID,1,"2016/06/19 23:40:00",PORTLAT1,0,"2016/06/19 23:35:05"
D,METER_DATA,GEN_DUID,1,"2016/06/19 23:40:00",PORTWF,22.799999,"2016/06/19 23:35:05"
D,METER_DATA,GEN_DUID,1,"2016/06/19 23:40:00",QUERIVE1,-0.11,"2016/06/19 23:35:05"
D,METER_DATA,GEN_DUID,1,"2016/06/19 23:40:00",REPULSE,14.157865,"2016/06/19 23:35:05"
D,METER_DATA,GEN_DUID,1,"2016/06/19 23:40:00",ROWALLAN,10.4512,"2016/06/19 23:35:05"
D,METER_DATA,GEN_DUID,1,"2016/06/19 23:40:00",ROYALLA1,0,"2016/06/19 23:35:05"
D,METER_DATA,GEN_DUID,1,"2016/06/19 23:40:00",RPCG,-0.20,"2016/06/19 23:35:05"
D,METER_DATA,GEN_DUID,1,"2016/06/19 23:40:00",RUBICON,0,"2016/06/19 23:35:05"
D,METER_DATA,GEN_DUID,1,"2016/06/19 23:40:00",STARHLWF,1.499563,"2016/06/19 23:35:05"
D,METER_DATA,GEN_DUID,1,"2016/06/19 23:40:00",WAUBRAWF,153.384003,"2016/06/19 23:35:05"
D,METER_DATA,GEN_DUID,1,"2016/06/19 23:40:00",WOOLNTH1,27.430016,"2016/06/19 23:35:05"
D,METER_DATA,GEN_DUID,1,"2016/06/19 23:40:00",WPWF,0,"2016/06/19 23:35:05"
D,METER_DATA,GEN_DUID,1,"2016/06/19 23:40:00",YAMBUKWF,0.20,"2016/06/19 23:35:05"
D,METER_DATA,GEN_DUID,1,"2016/06/19 23:45:00",BBDISEL1,0,"2016/06/19 23:40:05"
D,METER_DATA,GEN_DUID,1,"2016/06/19 23:45:00",BUTLERSG,7.799998,"2016/06/19 23:40:05"
D,METER_DATA,GEN_DUID,1,"2016/06/19 23:45:00",CALL_A_4,0,"2016/06/19 23:40:05"
D,METER_DATA,GEN_DUID,1,"2016/06/19 23:45:00",CAPTL_WF,63.239998,"2016/06/19 23:40:05"
D,METER_DATA,GEN_DUID,1,"2016/06/19 23:45:00",CATAGUN1,0,"2016/06/19 23:40:05"
D,METER_DATA,GEN_DUID,1,"2016/06/19 23:45:00",CATHROCK,0,"2016/06/19 23:40:05"
D,METER_DATA,GEN_DUID,1,"2016/06/19 23:45:00",CHALLHWF,19.50,"2016/06/19 23:40:05"
D,METER_DATA,GEN_DUID,1,"2016/06/19 23:45:00",CLOVER,24.450001,"2016/06/19 23:40:05"
D,METER_DATA,GEN_DUID,1,"2016/06/19 23:45:00",CLUNY,8.688320,"2016/06/19 23:40:05"
D,METER_DATA,GEN_DUID,1,"2016/06/19 23:45:00",CNUNDAWF,5.906891,"2016/06/19 23:40:05"
D,METER_DATA,GEN_DUID,1,"2016/06/19 23:45:00",CULLRGWF,5.53,"2016/06/19 23:40:05"
D,METER_DATA,GEN_DUID,1,"2016/06/19 23:45:00",ERGT01,0,"2016/06/19 23:40:05"
D,METER_DATA,GEN_DUID,1,"2016/06/19 23:45:00",GB01,0.141804,"2016/06/19 23:40:05"
D,METER_DATA,GEN_DUID,1,"2016/06/19 23:45:00",GEORGTN1,0,"2016/06/19 23:40:05"
D,METER_DATA,GEN_DUID,1,"2016/06/19 23:45:00",GEORGTN2,0,"2016/06/19 23:40:05"
D,METER_DATA,GEN_DUID,1,"2016/06/19 23:45:00",GERMCRK,39.099998,"2016/06/19 23:40:05"
D,METER_DATA,GEN_DUID,1,"2016/06/19 23:45:00",INVICTA,35.75,"2016/06/19 23:40:05"
D,METER_DATA,GEN_DUID,1,"2016/06/19 23:45:00",LKBONNY1,8.216461,"2016/06/19 23:40:05"
D,METER_DATA,GEN_DUID,1,"2016/06/19 23:45:00",MBAHNTH,59.756252,"2016/06/19 23:40:05"
D,METER_DATA,GEN_DUID,1,"2016/06/19 23:45:00",MEADOWB2,0,"2016/06/19 23:40:05"
D,METER_DATA,GEN_DUID,1,"2016/06/19 23:45:00",MLWF1,2.91,"2016/06/19 23:40:05"
D,METER_DATA,GEN_DUID,1,"2016/06/19 23:45:00",MTMILLAR,2.6119,"2016/06/19 23:40:05"
D,METER_DATA,GEN_DUID,1,"2016/06/19 23:45:00",PALOONA,23.539999,"2016/06/19 23:40:05"
D,METER_DATA,GEN_DUID,1,"2016/06/19 23:45:00",PORTLAT1,0,"2016/06/19 23:40:05"
D,METER_DATA,GEN_DUID,1,"2016/06/19 23:45:00",PORTWF,32.200001,"2016/06/19 23:40:05"
D,METER_DATA,GEN_DUID,1,"2016/06/19 23:45:00",QUERIVE1,-0.12,"2016/06/19 23:40:05"
D,METER_DATA,GEN_DUID,1,"2016/06/19 23:45:00",REPULSE,13.967315,"2016/06/19 23:40:05"
D,METER_DATA,GEN_DUID,1,"2016/06/19 23:45:00",ROWALLAN,10.0891,"2016/06/19 23:40:05"
D,METER_DATA,GEN_DUID,1,"2016/06/19 23:45:00",ROYALLA1,0,"2016/06/19 23:40:05"
D,METER_DATA,GEN_DUID,1,"2016/06/19 23:45:00",RPCG,-0.20,"2016/06/19 23:40:05"
D,METER_DATA,GEN_DUID,1,"2016/06/19 23:45:00",RUBICON,0,"2016/06/19 23:40:05"
D,METER_DATA,GEN_DUID,1,"2016/06/19 23:45:00",STARHLWF,1.899446,"2016/06/19 23:40:05"
D,METER_DATA,GEN_DUID,1,"2016/06/19 23:45:00",WAUBRAWF,152.843002,"2016/06/19 23:40:05"
D,METER_DATA,GEN_DUID,1,"2016/06/19 23:45:00",WOOLNTH1,28.550016,"2016/06/19 23:40:05"
D,METER_DATA,GEN_DUID,1,"2016/06/19 23:45:00",WPWF,0,"2016/06/19 23:40:05"
D,METER_DATA,GEN_DUID,1,"2016/06/19 23:45:00",YAMBUKWF,0,"2016/06/19 23:40:05"
D,METER_DATA,GEN_DUID,1,"2016/06/19 23:50:00",BBDISEL1,0,"2016/06/19 23:45:04"
D,METER_DATA,GEN_DUID,1,"2016/06/19 23:50:00",BUTLERSG,7.799998,"2016/06/19 23:45:04"
D,METER_DATA,GEN_DUID,1,"2016/06/19 23:50:00",CALL_A_4,0,"2016/06/19 23:45:04"
D,METER_DATA,GEN_DUID,1,"2016/06/19 23:50:00",CAPTL_WF,43.576004,"2016/06/19 23:45:04"
D,METER_DATA,GEN_DUID,1,"2016/06/19 23:50:00",CATAGUN1,0,"2016/06/19 23:45:04"
D,METER_DATA,GEN_DUID,1,"2016/06/19 23:50:00",CATHROCK,0,"2016/06/19 23:45:04"
D,METER_DATA,GEN_DUID,1,"2016/06/19 23:50:00",CHALLHWF,19.700001,"2016/06/19 23:45:04"
D,METER_DATA,GEN_DUID,1,"2016/06/19 23:50:00",CLOVER,24.389999,"2016/06/19 23:45:04"
D,METER_DATA,GEN_DUID,1,"2016/06/19 23:50:00",CLUNY,8.502550,"2016/06/19 23:45:04"
D,METER_DATA,GEN_DUID,1,"2016/06/19 23:50:00",CNUNDAWF,6.607708,"2016/06/19 23:45:04"
D,METER_DATA,GEN_DUID,1,"2016/06/19 23:50:00",CULLRGWF,11.35,"2016/06/19 23:45:04"
D,METER_DATA,GEN_DUID,1,"2016/06/19 23:50:00",ERGT01,0,"2016/06/19 23:45:04"
D,METER_DATA,GEN_DUID,1,"2016/06/19 23:50:00",GB01,0.141804,"2016/06/19 23:45:04"
D,METER_DATA,GEN_DUID,1,"2016/06/19 23:50:00",GEORGTN1,0,"2016/06/19 23:45:04"
D,METER_DATA,GEN_DUID,1,"2016/06/19 23:50:00",GEORGTN2,0,"2016/06/19 23:45:04"
D,METER_DATA,GEN_DUID,1,"2016/06/19 23:50:00",GERMCRK,38.599998,"2016/06/19 23:45:04"
D,METER_DATA,GEN_DUID,1,"2016/06/19 23:50:00",INVICTA,36.825001,"2016/06/19 23:45:04"
D,METER_DATA,GEN_DUID,1,"2016/06/19 23:50:00",LKBONNY1,9.824030,"2016/06/19 23:45:04"
D,METER_DATA,GEN_DUID,1,"2016/06/19 23:50:00",MBAHNTH,59.756252,"2016/06/19 23:45:04"
D,METER_DATA,GEN_DUID,1,"2016/06/19 23:50:00",MEADOWB2,0,"2016/06/19 23:45:04"
D,METER_DATA,GEN_DUID,1,"2016/06/19 23:50:00",MLWF1,3.6450,"2016/06/19 23:45:04"
D,METER_DATA,GEN_DUID,1,"2016/06/19 23:50:00",MTMILLAR,3.437886,"2016/06/19 23:45:04"
D,METER_DATA,GEN_DUID,1,"2016/06/19 23:50:00",PALOONA,23.539999,"2016/06/19 23:45:04"
D,METER_DATA,GEN_DUID,1,"2016/06/19 23:50:00",PORTLAT1,0,"2016/06/19 23:45:04"
D,METER_DATA,GEN_DUID,1,"2016/06/19 23:50:00",PORTWF,41.50,"2016/06/19 23:45:04"
D,METER_DATA,GEN_DUID,1,"2016/06/19 23:50:00",QUERIVE1,-0.12,"2016/06/19 23:45:04"
D,METER_DATA,GEN_DUID,1,"2016/06/19 23:50:00",REPULSE,13.910150,"2016/06/19 23:45:04"
D,METER_DATA,GEN_DUID,1,"2016/06/19 23:50:00",ROWALLAN,9.9542,"2016/06/19 23:45:04"
D,METER_DATA,GEN_DUID,1,"2016/06/19 23:50:00",ROYALLA1,0,"2016/06/19 23:45:04"
D,METER_DATA,GEN_DUID,1,"2016/06/19 23:50:00",RPCG,-0.20,"2016/06/19 23:45:04"
D,METER_DATA,GEN_DUID,1,"2016/06/19 23:50:00",RUBICON,0,"2016/06/19 23:45:04"
D,METER_DATA,GEN_DUID,1,"2016/06/19 23:50:00",STARHLWF,1.899446,"2016/06/19 23:45:04"
D,METER_DATA,GEN_DUID,1,"2016/06/19 23:50:00",WAUBRAWF,152.054001,"2016/06/19 23:45:04"
D,METER_DATA,GEN_DUID,1,"2016/06/19 23:50:00",WOOLNTH1,28.070015,"2016/06/19 23:45:04"
D,METER_DATA,GEN_DUID,1,"2016/06/19 23:50:00",WPWF,0,"2016/06/19 23:45:04"
D,METER_DATA,GEN_DUID,1,"2016/06/19 23:50:00",YAMBUKWF,-0.10,"2016/06/19 23:45:04"
D,METER_DATA,GEN_DUID,1,"2016/06/19 23:55:00",BBDISEL1,0,"2016/06/19 23:50:04"
D,METER_DATA,GEN_DUID,1,"2016/06/19 23:55:00",BUTLERSG,7.799998,"2016/06/19 23:50:04"
D,METER_DATA,GEN_DUID,1,"2016/06/19 23:55:00",CALL_A_4,0,"2016/06/19 23:50:04"
D,METER_DATA,GEN_DUID,1,"2016/06/19 23:55:00",CAPTL_WF,37.423996,"2016/06/19 23:50:04"
D,METER_DATA,GEN_DUID,1,"2016/06/19 23:55:00",CATAGUN1,0,"2016/06/19 23:50:04"
D,METER_DATA,GEN_DUID,1,"2016/06/19 23:55:00",CATHROCK,0,"2016/06/19 23:50:04"
D,METER_DATA,GEN_DUID,1,"2016/06/19 23:55:00",CHALLHWF,20.400002,"2016/06/19 23:50:04"
D,METER_DATA,GEN_DUID,1,"2016/06/19 23:55:00",CLOVER,24.34,"2016/06/19 23:50:04"
D,METER_DATA,GEN_DUID,1,"2016/06/19 23:55:00",CLUNY,8.7169,"2016/06/19 23:50:04"
D,METER_DATA,GEN_DUID,1,"2016/06/19 23:55:00",CNUNDAWF,7.208409,"2016/06/19 23:50:04"
D,METER_DATA,GEN_DUID,1,"2016/06/19 23:55:00",CULLRGWF,8.13,"2016/06/19 23:50:04"
D,METER_DATA,GEN_DUID,1,"2016/06/19 23:55:00",ERGT01,0,"2016/06/19 23:50:04"
D,METER_DATA,GEN_DUID,1,"2016/06/19 23:55:00",GB01,0.141804,"2016/06/19 23:50:04"
D,METER_DATA,GEN_DUID,1,"2016/06/19 23:55:00",GEORGTN1,0,"2016/06/19 23:50:04"
D,METER_DATA,GEN_DUID,1,"2016/06/19 23:55:00",GEORGTN2,0,"2016/06/19 23:50:04"
D,METER_DATA,GEN_DUID,1,"2016/06/19 23:55:00",GERMCRK,39.099998,"2016/06/19 23:50:04"
D,METER_DATA,GEN_DUID,1,"2016/06/19 23:55:00",INVICTA,36.825001,"2016/06/19 23:50:04"
D,METER_DATA,GEN_DUID,1,"2016/06/19 23:55:00",LKBONNY1,12.681930,"2016/06/19 23:50:04"
D,METER_DATA,GEN_DUID,1,"2016/06/19 23:55:00",MBAHNTH,59.756252,"2016/06/19 23:50:04"
D,METER_DATA,GEN_DUID,1,"2016/06/19 23:55:00",MEADOWB2,0,"2016/06/19 23:50:04"
D,METER_DATA,GEN_DUID,1,"2016/06/19 23:55:00",MLWF1,3.66,"2016/06/19 23:50:04"
D,METER_DATA,GEN_DUID,1,"2016/06/19 23:55:00",MTMILLAR,4.353167,"2016/06/19 23:50:04"
D,METER_DATA,GEN_DUID,1,"2016/06/19 23:55:00",PALOONA,23.539999,"2016/06/19 23:50:04"
D,METER_DATA,GEN_DUID,1,"2016/06/19 23:55:00",PORTLAT1,0,"2016/06/19 23:50:04"
D,METER_DATA,GEN_DUID,1,"2016/06/19 23:55:00",PORTWF,48.200001,"2016/06/19 23:50:04"
D,METER_DATA,GEN_DUID,1,"2016/06/19 23:55:00",QUERIVE1,-0.12,"2016/06/19 23:50:04"
D,METER_DATA,GEN_DUID,1,"2016/06/19 23:55:00",REPULSE,13.872040,"2016/06/19 23:50:04"
D,METER_DATA,GEN_DUID,1,"2016/06/19 23:55:00",ROWALLAN,10.0181,"2016/06/19 23:50:04"
D,METER_DATA,GEN_DUID,1,"2016/06/19 23:55:00",ROYALLA1,0,"2016/06/19 23:50:04"
D,METER_DATA,GEN_DUID,1,"2016/06/19 23:55:00",RPCG,-0.20,"2016/06/19 23:50:04"
D,METER_DATA,GEN_DUID,1,"2016/06/19 23:55:00",RUBICON,0,"2016/06/19 23:50:04"
D,METER_DATA,GEN_DUID,1,"2016/06/19 23:55:00",STARHLWF,2.3993,"2016/06/19 23:50:04"
D,METER_DATA,GEN_DUID,1,"2016/06/19 23:55:00",WAUBRAWF,159.175995,"2016/06/19 23:50:04"
D,METER_DATA,GEN_DUID,1,"2016/06/19 23:55:00",WOOLNTH1,28.910015,"2016/06/19 23:50:04"
D,METER_DATA,GEN_DUID,1,"2016/06/19 23:55:00",WPWF,0,"2016/06/19 23:50:04"
D,METER_DATA,GEN_DUID,1,"2016/06/19 23:55:00",YAMBUKWF,-0.20,"2016/06/19 23:50:04"
D,METER_DATA,GEN_DUID,1,"2016/06/20 00:00:00",BBDISEL1,0,"2016/06/19 23:55:04"
D,METER_DATA,GEN_DUID,1,"2016/06/20 00:00:00",BUTLERSG,7.799998,"2016/06/19 23:55:04"
D,METER_DATA,GEN_DUID,1,"2016/06/20 00:00:00",CALL_A_4,0,"2016/06/19 23:55:04"
D,METER_DATA,GEN_DUID,1,"2016/06/20 00:00:00",CAPTL_WF,38.4720,"2016/06/19 23:55:04"
D,METER_DATA,GEN_DUID,1,"2016/06/20 00:00:00",CATAGUN1,0,"2016/06/19 23:55:04"
D,METER_DATA,GEN_DUID,1,"2016/06/20 00:00:00",CATHROCK,0,"2016/06/19 23:55:04"
D,METER_DATA,GEN_DUID,1,"2016/06/20 00:00:00",CHALLHWF,20.200001,"2016/06/19 23:55:04"
D,METER_DATA,GEN_DUID,1,"2016/06/20 00:00:00",CLOVER,24.849998,"2016/06/19 23:55:04"
D,METER_DATA,GEN_DUID,1,"2016/06/20 00:00:00",CLUNY,9.560010,"2016/06/19 23:55:04"
D,METER_DATA,GEN_DUID,1,"2016/06/20 00:00:00",CNUNDAWF,6.908059,"2016/06/19 23:55:04"
D,METER_DATA,GEN_DUID,1,"2016/06/20 00:00:00",CULLRGWF,7.53,"2016/06/19 23:55:04"
D,METER_DATA,GEN_DUID,1,"2016/06/20 00:00:00",ERGT01,0,"2016/06/19 23:55:04"
D,METER_DATA,GEN_DUID,1,"2016/06/20 00:00:00",GB01,0.141804,"2016/06/19 23:55:04"
D,METER_DATA,GEN_DUID,1,"2016/06/20 00:00:00",GEORGTN1,0,"2016/06/19 23:55:04"
D,METER_DATA,GEN_DUID,1,"2016/06/20 00:00:00",GEORGTN2,0,"2016/06/19 23:55:04"
D,METER_DATA,GEN_DUID,1,"2016/06/20 00:00:00",GERMCRK,39.400002,"2016/06/19 23:55:04"
D,METER_DATA,GEN_DUID,1,"2016/06/20 00:00:00",INVICTA,36.825001,"2016/06/19 23:55:04"
D,METER_DATA,GEN_DUID,1,"2016/06/20 00:00:00",LKBONNY1,14.825355,"2016/06/19 23:55:04"
D,METER_DATA,GEN_DUID,1,"2016/06/20 00:00:00",MBAHNTH,59.756252,"2016/06/19 23:55:04"
D,METER_DATA,GEN_DUID,1,"2016/06/20 00:00:00",MEADOWB2,0,"2016/06/19 23:55:04"
D,METER_DATA,GEN_DUID,1,"2016/06/20 00:00:00",MLWF1,3.54,"2016/06/19 23:55:04"
D,METER_DATA,GEN_DUID,1,"2016/06/20 00:00:00",MTMILLAR,5.060092,"2016/06/19 23:55:04"
D,METER_DATA,GEN_DUID,1,"2016/06/20 00:00:00",PALOONA,23.41,"2016/06/19 23:55:04"
D,METER_DATA,GEN_DUID,1,"2016/06/20 00:00:00",PORTLAT1,0,"2016/06/19 23:55:04"
D,METER_DATA,GEN_DUID,1,"2016/06/20 00:00:00",PORTWF,50,"2016/06/19 23:55:04"
D,METER_DATA,GEN_DUID,1,"2016/06/20 00:00:00",QUERIVE1,-0.12,"2016/06/19 23:55:04"
D,METER_DATA,GEN_DUID,1,"2016/06/20 00:00:00",REPULSE,14.920065,"2016/06/19 23:55:04"
D,METER_DATA,GEN_DUID,1,"2016/06/20 00:00:00",ROWALLAN,10.2169,"2016/06/19 23:55:04"
D,METER_DATA,GEN_DUID,1,"2016/06/20 00:00:00",ROYALLA1,0,"2016/06/19 23:55:04"
D,METER_DATA,GEN_DUID,1,"2016/06/20 00:00:00",RPCG,-0.20,"2016/06/19 23:55:04"
D,METER_DATA,GEN_DUID,1,"2016/06/20 00:00:00",RUBICON,0,"2016/06/19 23:55:04"
D,METER_DATA,GEN_DUID,1,"2016/06/20 00:00:00",STARHLWF,2.3993,"2016/06/19 23:55:04"
D,METER_DATA,GEN_DUID,1,"2016/06/20 00:00:00",WAUBRAWF,161.488998,"2016/06/19 23:55:04"
D,METER_DATA,GEN_DUID,1,"2016/06/20 00:00:00",WOOLNTH1,29.040016,"2016/06/19 23:55:04"
D,METER_DATA,GEN_DUID,1,"2016/06/20 00:00:00",WPWF,0,"2016/06/19 23:55:04"
D,METER_DATA,GEN_DUID,1,"2016/06/20 00:00:00",YAMBUKWF,-0.10,"2016/06/19 23:55:04"
D,METER_DATA,GEN_DUID,1,"2016/06/20 00:05:00",BBDISEL1,0,"2016/06/20 00:00:04"
D,METER_DATA,GEN_DUID,1,"2016/06/20 00:05:00",BUTLERSG,7.799998,"2016/06/20 00:00:04"
D,METER_DATA,GEN_DUID,1,"2016/06/20 00:05:00",CALL_A_4,0,"2016/06/20 00:00:04"
D,METER_DATA,GEN_DUID,1,"2016/06/20 00:05:00",CAPTL_WF,28.379997,"2016/06/20 00:00:04"
D,METER_DATA,GEN_DUID,1,"2016/06/20 00:05:00",CATAGUN1,0,"2016/06/20 00:00:04"
D,METER_DATA,GEN_DUID,1,"2016/06/20 00:05:00",CATHROCK,0,"2016/06/20 00:00:04"
D,METER_DATA,GEN_DUID,1,"2016/06/20 00:05:00",CHALLHWF,18.40,"2016/06/20 00:00:04"
D,METER_DATA,GEN_DUID,1,"2016/06/20 00:05:00",CLOVER,24.509998,"2016/06/20 00:00:04"
D,METER_DATA,GEN_DUID,1,"2016/06/20 00:05:00",CLUNY,8.788350,"2016/06/20 00:00:04"
D,METER_DATA,GEN_DUID,1,"2016/06/20 00:05:00",CNUNDAWF,6.908058,"2016/06/20 00:00:04"
D,METER_DATA,GEN_DUID,1,"2016/06/20 00:05:00",CULLRGWF,6.17,"2016/06/20 00:00:04"
D,METER_DATA,GEN_DUID,1,"2016/06/20 00:05:00",ERGT01,0,"2016/06/20 00:00:04"
D,METER_DATA,GEN_DUID,1,"2016/06/20 00:05:00",GB01,0.141804,"2016/06/20 00:00:04"
D,METER_DATA,GEN_DUID,1,"2016/06/20 00:05:00",GEORGTN1,0,"2016/06/20 00:00:04"
D,METER_DATA,GEN_DUID,1,"2016/06/20 00:05:00",GEORGTN2,0,"2016/06/20 00:00:04"
D,METER_DATA,GEN_DUID,1,"2016/06/20 00:05:00",GERMCRK,39.099998,"2016/06/20 00:00:04"
D,METER_DATA,GEN_DUID,1,"2016/06/20 00:05:00",INVICTA,36.825001,"2016/06/20 00:00:04"
D,METER_DATA,GEN_DUID,1,"2016/06/20 00:05:00",LKBONNY1,16.790161,"2016/06/20 00:00:04"
D,METER_DATA,GEN_DUID,1,"2016/06/20 00:05:00",MBAHNTH,59.756252,"2016/06/20 00:00:04"
D,METER_DATA,GEN_DUID,1,"2016/06/20 00:05:00",MEADOWB2,0,"2016/06/20 00:00:04"
D,METER_DATA,GEN_DUID,1,"2016/06/20 00:05:00",MLWF1,3.7650,"2016/06/20 00:00:04"
D,METER_DATA,GEN_DUID,1,"2016/06/20 00:05:00",MTMILLAR,5.268448,"2016/06/20 00:00:04"
D,METER_DATA,GEN_DUID,1,"2016/06/20 00:05:00",PALOONA,23.68,"2016/06/20 00:00:04"
D,METER_DATA,GEN_DUID,1,"2016/06/20 00:05:00",PORTLAT1,0,"2016/06/20 00:00:04"
D,METER_DATA,GEN_DUID,1,"2016/06/20 00:05:00",PORTWF,51,"2016/06/20 00:00:04"
D,METER_DATA,GEN_DUID,1,"2016/06/20 00:05:00",QUERIVE1,-0.12,"2016/06/20 00:00:04"
D,METER_DATA,GEN_DUID,1,"2016/06/20 00:05:00",REPULSE,13.700544,"2016/06/20 00:00:04"
D,METER_DATA,GEN_DUID,1,"2016/06/20 00:05:00",ROWALLAN,10.195601,"2016/06/20 00:00:04"
D,METER_DATA,GEN_DUID,1,"2016/06/20 00:05:00",ROYALLA1,0,"2016/06/20 00:00:04"
D,METER_DATA,GEN_DUID,1,"2016/06/20 00:05:00",RPCG,-0.20,"2016/06/20 00:00:04"
D,METER_DATA,GEN_DUID,1,"2016/06/20 00:05:00",RUBICON,0,"2016/06/20 00:00:04"
D,METER_DATA,GEN_DUID,1,"2016/06/20 00:05:00",STARHLWF,1.999417,"2016/06/20 00:00:04"
D,METER_DATA,GEN_DUID,1,"2016/06/20 00:05:00",WAUBRAWF,163.039001,"2016/06/20 00:00:04"
D,METER_DATA,GEN_DUID,1,"2016/06/20 00:05:00",WOOLNTH1,28.810017,"2016/06/20 00:00:04"
D,METER_DATA,GEN_DUID,1,"2016/06/20 00:05:00",WPWF,0,"2016/06/20 00:00:04"
D,METER_DATA,GEN_DUID,1,"2016/06/20 00:05:00",YAMBUKWF,-0.10,"2016/06/20 00:00:04"
D,METER_DATA,GEN_DUID,1,"2016/06/20 00:10:00",BBDISEL1,0,"2016/06/20 00:05:05"
D,METER_DATA,GEN_DUID,1,"2016/06/20 00:10:00",BUTLERSG,7.799998,"2016/06/20 00:05:05"
D,METER_DATA,GEN_DUID,1,"2016/06/20 00:10:00",CALL_A_4,0,"2016/06/20 00:05:05"
D,METER_DATA,GEN_DUID,1,"2016/06/20 00:10:00",CAPTL_WF,16.452003,"2016/06/20 00:05:05"
D,METER_DATA,GEN_DUID,1,"2016/06/20 00:10:00",CATAGUN1,0,"2016/06/20 00:05:05"
D,METER_DATA,GEN_DUID,1,"2016/06/20 00:10:00",CATHROCK,0,"2016/06/20 00:05:05"
D,METER_DATA,GEN_DUID,1,"2016/06/20 00:10:00",CHALLHWF,16.799999,"2016/06/20 00:05:05"
D,METER_DATA,GEN_DUID,1,"2016/06/20 00:10:00",CLOVER,24.51,"2016/06/20 00:05:05"
D,METER_DATA,GEN_DUID,1,"2016/06/20 00:10:00",CLUNY,8.831221,"2016/06/20 00:05:05"
D,METER_DATA,GEN_DUID,1,"2016/06/20 00:10:00",CNUNDAWF,6.507591,"2016/06/20 00:05:05"
D,METER_DATA,GEN_DUID,1,"2016/06/20 00:10:00",CULLRGWF,3.78,"2016/06/20 00:05:05"
D,METER_DATA,GEN_DUID,1,"2016/06/20 00:10:00",ERGT01,0,"2016/06/20 00:05:05"
D,METER_DATA,GEN_DUID,1,"2016/06/20 00:10:00",GB01,0.138706,"2016/06/20 00:05:05"
D,METER_DATA,GEN_DUID,1,"2016/06/20 00:10:00",GEORGTN1,0,"2016/06/20 00:05:05"
D,METER_DATA,GEN_DUID,1,"2016/06/20 00:10:00",GEORGTN2,0,"2016/06/20 00:05:05"
D,METER_DATA,GEN_DUID,1,"2016/06/20 00:10:00",GERMCRK,38.599998,"2016/06/20 00:05:05"
D,METER_DATA,GEN_DUID,1,"2016/06/20 00:10:00",INVICTA,36.825001,"2016/06/20 00:05:05"
D,METER_DATA,GEN_DUID,1,"2016/06/20 00:10:00",LKBONNY1,16.790161,"2016/06/20 00:05:05"
D,METER_DATA,GEN_DUID,1,"2016/06/20 00:10:00",MBAHNTH,59.756252,"2016/06/20 00:05:05"
D,METER_DATA,GEN_DUID,1,"2016/06/20 00:10:00",MEADOWB2,0,"2016/06/20 00:05:05"
D,METER_DATA,GEN_DUID,1,"2016/06/20 00:10:00",MLWF1,3.36,"2016/06/20 00:05:05"
D,METER_DATA,GEN_DUID,1,"2016/06/20 00:10:00",MTMILLAR,4.621054,"2016/06/20 00:05:05"
D,METER_DATA,GEN_DUID,1,"2016/06/20 00:10:00",PALOONA,23.67,"2016/06/20 00:05:05"
D,METER_DATA,GEN_DUID,1,"2016/06/20 00:10:00",PORTLAT1,0,"2016/06/20 00:05:05"
D,METER_DATA,GEN_DUID,1,"2016/06/20 00:10:00",PORTWF,52.299999,"2016/06/20 00:05:05"
D,METER_DATA,GEN_DUID,1,"2016/06/20 00:10:00",QUERIVE1,-0.12,"2016/06/20 00:05:05"
D,METER_DATA,GEN_DUID,1,"2016/06/20 00:10:00",REPULSE,14.157865,"2016/06/20 00:05:05"
D,METER_DATA,GEN_DUID,1,"2016/06/20 00:10:00",ROWALLAN,10.1033,"2016/06/20 00:05:05"
D,METER_DATA,GEN_DUID,1,"2016/06/20 00:10:00",ROYALLA1,0,"2016/06/20 00:05:05"
D,METER_DATA,GEN_DUID,1,"2016/06/20 00:10:00",RPCG,-0.20,"2016/06/20 00:05:05"
D,METER_DATA,GEN_DUID,1,"2016/06/20 00:10:00",RUBICON,0,"2016/06/20 00:05:05"
D,METER_DATA,GEN_DUID,1,"2016/06/20 00:10:00",STARHLWF,1.999417,"2016/06/20 00:05:05"
D,METER_DATA,GEN_DUID,1,"2016/06/20 00:10:00",WAUBRAWF,164.326004,"2016/06/20 00:05:05"
D,METER_DATA,GEN_DUID,1,"2016/06/20 00:10:00",WOOLNTH1,31.240017,"2016/06/20 00:05:05"
D,METER_DATA,GEN_DUID,1,"2016/06/20 00:10:00",WPWF,0,"2016/06/20 00:05:05"
D,METER_DATA,GEN_DUID,1,"2016/06/20 00:10:00",YAMBUKWF,-0.10,"2016/06/20 00:05:05"
D,METER_DATA,GEN_DUID,1,"2016/06/20 00:15:00",BBDISEL1,0,"2016/06/20 00:10:04"
D,METER_DATA,GEN_DUID,1,"2016/06/20 00:15:00",BUTLERSG,7.799998,"2016/06/20 00:10:04"
D,METER_DATA,GEN_DUID,1,"2016/06/20 00:15:00",CALL_A_4,0,"2016/06/20 00:10:04"
D,METER_DATA,GEN_DUID,1,"2016/06/20 00:15:00",CAPTL_WF,22.019997,"2016/06/20 00:10:04"
D,METER_DATA,GEN_DUID,1,"2016/06/20 00:15:00",CATAGUN1,0,"2016/06/20 00:10:04"
D,METER_DATA,GEN_DUID,1,"2016/06/20 00:15:00",CATHROCK,0,"2016/06/20 00:10:04"
D,METER_DATA,GEN_DUID,1,"2016/06/20 00:15:00",CHALLHWF,17,"2016/06/20 00:10:04"
D,METER_DATA,GEN_DUID,1,"2016/06/20 00:15:00",CLOVER,24.650002,"2016/06/20 00:10:04"
D,METER_DATA,GEN_DUID,1,"2016/06/20 00:15:00",CLUNY,8.931251,"2016/06/20 00:10:04"
D,METER_DATA,GEN_DUID,1,"2016/06/20 00:15:00",CNUNDAWF,6.207241,"2016/06/20 00:10:04"
D,METER_DATA,GEN_DUID,1,"2016/06/20 00:15:00",CULLRGWF,3.83,"2016/06/20 00:10:04"
D,METER_DATA,GEN_DUID,1,"2016/06/20 00:15:00",ERGT01,0,"2016/06/20 00:10:04"
D,METER_DATA,GEN_DUID,1,"2016/06/20 00:15:00",GB01,0.138706,"2016/06/20 00:10:04"
D,METER_DATA,GEN_DUID,1,"2016/06/20 00:15:00",GEORGTN1,0,"2016/06/20 00:10:04"
D,METER_DATA,GEN_DUID,1,"2016/06/20 00:15:00",GEORGTN2,0,"2016/06/20 00:10:04"
D,METER_DATA,GEN_DUID,1,"2016/06/20 00:15:00",GERMCRK,39.099998,"2016/06/20 00:10:04"
D,METER_DATA,GEN_DUID,1,"2016/06/20 00:15:00",INVICTA,36.825001,"2016/06/20 00:10:04"
D,METER_DATA,GEN_DUID,1,"2016/06/20 00:15:00",LKBONNY1,15.718448,"2016/06/20 00:10:04"
D,METER_DATA,GEN_DUID,1,"2016/06/20 00:15:00",MBAHNTH,59.756252,"2016/06/20 00:10:04"
D,METER_DATA,GEN_DUID,1,"2016/06/20 00:15:00",MEADOWB2,0,"2016/06/20 00:10:04"
D,METER_DATA,GEN_DUID,1,"2016/06/20 00:15:00",MLWF1,3.36,"2016/06/20 00:10:04"
D,METER_DATA,GEN_DUID,1,"2016/06/20 00:15:00",MTMILLAR,3.698332,"2016/06/20 00:10:04"
D,METER_DATA,GEN_DUID,1,"2016/06/20 00:15:00",PALOONA,23.50,"2016/06/20 00:10:04"
D,METER_DATA,GEN_DUID,1,"2016/06/20 00:15:00",PORTLAT1,0,"2016/06/20 00:10:04"
D,METER_DATA,GEN_DUID,1,"2016/06/20 00:15:00",PORTWF,55.200001,"2016/06/20 00:10:04"
D,METER_DATA,GEN_DUID,1,"2016/06/20 00:15:00",QUERIVE1,-0.11,"2016/06/20 00:10:04"
D,METER_DATA,GEN_DUID,1,"2016/06/20 00:15:00",REPULSE,14.367470,"2016/06/20 00:10:04"
D,METER_DATA,GEN_DUID,1,"2016/06/20 00:15:00",ROWALLAN,10.1175,"2016/06/20 00:10:04"
D,METER_DATA,GEN_DUID,1,"2016/06/20 00:15:00",ROYALLA1,0,"2016/06/20 00:10:04"
D,METER_DATA,GEN_DUID,1,"2016/06/20 00:15:00",RPCG,-0.20,"2016/06/20 00:10:04"
D,METER_DATA,GEN_DUID,1,"2016/06/20 00:15:00",RUBICON,0,"2016/06/20 00:10:04"
D,METER_DATA,GEN_DUID,1,"2016/06/20 00:15:00",STARHLWF,2.199359,"2016/06/20 00:10:04"
D,METER_DATA,GEN_DUID,1,"2016/06/20 00:15:00",WAUBRAWF,165.082993,"2016/06/20 00:10:04"
D,METER_DATA,GEN_DUID,1,"2016/06/20 00:15:00",WOOLNTH1,28.370014,"2016/06/20 00:10:04"
D,METER_DATA,GEN_DUID,1,"2016/06/20 00:15:00",WPWF,0,"2016/06/20 00:10:04"
D,METER_DATA,GEN_DUID,1,"2016/06/20 00:15:00",YAMBUKWF,-0.10,"2016/06/20 00:10:04"
D,METER_DATA,GEN_DUID,1,"2016/06/20 00:20:00",BBDISEL1,0,"2016/06/20 00:15:04"
D,METER_DATA,GEN_DUID,1,"2016/06/20 00:20:00",BUTLERSG,7.799998,"2016/06/20 00:15:04"
D,METER_DATA,GEN_DUID,1,"2016/06/20 00:20:00",CALL_A_4,0,"2016/06/20 00:15:04"
D,METER_DATA,GEN_DUID,1,"2016/06/20 00:20:00",CAPTL_WF,38.795998,"2016/06/20 00:15:04"
D,METER_DATA,GEN_DUID,1,"2016/06/20 00:20:00",CATAGUN1,0,"2016/06/20 00:15:04"
D,METER_DATA,GEN_DUID,1,"2016/06/20 00:20:00",CATHROCK,0,"2016/06/20 00:15:04"
D,METER_DATA,GEN_DUID,1,"2016/06/20 00:20:00",CHALLHWF,19.40,"2016/06/20 00:15:04"
D,METER_DATA,GEN_DUID,1,"2016/06/20 00:20:00",CLOVER,24.60,"2016/06/20 00:15:04"
D,METER_DATA,GEN_DUID,1,"2016/06/20 00:20:00",CLUNY,8.845510,"2016/06/20 00:15:04"
D,METER_DATA,GEN_DUID,1,"2016/06/20 00:20:00",CNUNDAWF,6.607708,"2016/06/20 00:15:04"
D,METER_DATA,GEN_DUID,1,"2016/06/20 00:20:00",CULLRGWF,5.46,"2016/06/20 00:15:04"
D,METER_DATA,GEN_DUID,1,"2016/06/20 00:20:00",ERGT01,0,"2016/06/20 00:15:04"
D,METER_DATA,GEN_DUID,1,"2016/06/20 00:20:00",GB01,0.138706,"2016/06/20 00:15:04"
D,METER_DATA,GEN_DUID,1,"2016/06/20 00:20:00",GEORGTN1,0,"2016/06/20 00:15:04"
D,METER_DATA,GEN_DUID,1,"2016/06/20 00:20:00",GEORGTN2,0,"2016/06/20 00:15:04"
D,METER_DATA,GEN_DUID,1,"2016/06/20 00:20:00",GERMCRK,39.299999,"2016/06/20 00:15:04"
D,METER_DATA,GEN_DUID,1,"2016/06/20 00:20:00",INVICTA,36.825001,"2016/06/20 00:15:04"
D,METER_DATA,GEN_DUID,1,"2016/06/20 00:20:00",LKBONNY1,16.879469,"2016/06/20 00:15:04"
D,METER_DATA,GEN_DUID,1,"2016/06/20 00:20:00",MBAHNTH,59.756252,"2016/06/20 00:15:04"
D,METER_DATA,GEN_DUID,1,"2016/06/20 00:20:00",MEADOWB2,0,"2016/06/20 00:15:04"
D,METER_DATA,GEN_DUID,1,"2016/06/20 00:20:00",MLWF1,3.5550,"2016/06/20 00:15:04"
D,METER_DATA,GEN_DUID,1,"2016/06/20 00:20:00",MTMILLAR,2.872346,"2016/06/20 00:15:04"
D,METER_DATA,GEN_DUID,1,"2016/06/20 00:20:00",PALOONA,23.50,"2016/06/20 00:15:04"
D,METER_DATA,GEN_DUID,1,"2016/06/20 00:20:00",PORTLAT1,0,"2016/06/20 00:15:04"
D,METER_DATA,GEN_DUID,1,"2016/06/20 00:20:00",PORTWF,57.099998,"2016/06/20 00:15:04"
D,METER_DATA,GEN_DUID,1,"2016/06/20 00:20:00",QUERIVE1,-0.12,"2016/06/20 00:15:04"
D,METER_DATA,GEN_DUID,1,"2016/06/20 00:20:00",REPULSE,14.176920,"2016/06/20 00:15:04"
D,METER_DATA,GEN_DUID,1,"2016/06/20 00:20:00",ROWALLAN,10.0607,"2016/06/20 00:15:04"
D,METER_DATA,GEN_DUID,1,"2016/06/20 00:20:00",ROYALLA1,0,"2016/06/20 00:15:04"
D,METER_DATA,GEN_DUID,1,"2016/06/20 00:20:00",RPCG,-0.20,"2016/06/20 00:15:04"
D,METER_DATA,GEN_DUID,1,"2016/06/20 00:20:00",RUBICON,0,"2016/06/20 00:15:04"
D,METER_DATA,GEN_DUID,1,"2016/06/20 00:20:00",STARHLWF,1.699504,"2016/06/20 00:15:04"
D,METER_DATA,GEN_DUID,1,"2016/06/20 00:20:00",WAUBRAWF,161.453003,"2016/06/20 00:15:04"
D,METER_DATA,GEN_DUID,1,"2016/06/20 00:20:00",WOOLNTH1,29.440018,"2016/06/20 00:15:04"
D,METER_DATA,GEN_DUID,1,"2016/06/20 00:20:00",WPWF,0,"2016/06/20 00:15:04"
D,METER_DATA,GEN_DUID,1,"2016/06/20 00:20:00",YAMBUKWF,-0.10,"2016/06/20 00:15:04"
D,METER_DATA,GEN_DUID,1,"2016/06/20 00:25:00",BBDISEL1,0,"2016/06/20 00:20:05"
D,METER_DATA,GEN_DUID,1,"2016/06/20 00:25:00",BUTLERSG,7.799998,"2016/06/20 00:20:05"
D,METER_DATA,GEN_DUID,1,"2016/06/20 00:25:00",CALL_A_4,0,"2016/06/20 00:20:05"
D,METER_DATA,GEN_DUID,1,"2016/06/20 00:25:00",CAPTL_WF,47.248001,"2016/06/20 00:20:05"
D,METER_DATA,GEN_DUID,1,"2016/06/20 00:25:00",CATAGUN1,0,"2016/06/20 00:20:05"
D,METER_DATA,GEN_DUID,1,"2016/06/20 00:25:00",CATHROCK,0,"2016/06/20 00:20:05"
D,METER_DATA,GEN_DUID,1,"2016/06/20 00:25:00",CHALLHWF,19,"2016/06/20 00:20:05"
D,METER_DATA,GEN_DUID,1,"2016/06/20 00:25:00",CLOVER,24.529999,"2016/06/20 00:20:05"
D,METER_DATA,GEN_DUID,1,"2016/06/20 00:25:00",CLUNY,8.802640,"2016/06/20 00:20:05"
D,METER_DATA,GEN_DUID,1,"2016/06/20 00:25:00",CNUNDAWF,7.008175,"2016/06/20 00:20:05"
D,METER_DATA,GEN_DUID,1,"2016/06/20 00:25:00",CULLRGWF,3.64,"2016/06/20 00:20:05"
D,METER_DATA,GEN_DUID,1,"2016/06/20 00:25:00",ERGT01,0,"2016/06/20 00:20:05"
D,METER_DATA,GEN_DUID,1,"2016/06/20 00:25:00",GB01,0.138706,"2016/06/20 00:20:05"
D,METER_DATA,GEN_DUID,1,"2016/06/20 00:25:00",GEORGTN1,0,"2016/06/20 00:20:05"
D,METER_DATA,GEN_DUID,1,"2016/06/20 00:25:00",GEORGTN2,0,"2016/06/20 00:20:05"
D,METER_DATA,GEN_DUID,1,"2016/06/20 00:25:00",GERMCRK,38.50,"2016/06/20 00:20:05"
D,METER_DATA,GEN_DUID,1,"2016/06/20 00:25:00",INVICTA,35.825001,"2016/06/20 00:20:05"
D,METER_DATA,GEN_DUID,1,"2016/06/20 00:25:00",LKBONNY1,17.058088,"2016/06/20 00:20:05"
D,METER_DATA,GEN_DUID,1,"2016/06/20 00:25:00",MBAHNTH,59.756252,"2016/06/20 00:20:05"
D,METER_DATA,GEN_DUID,1,"2016/06/20 00:25:00",MEADOWB2,0,"2016/06/20 00:20:05"
D,METER_DATA,GEN_DUID,1,"2016/06/20 00:25:00",MLWF1,3.96,"2016/06/20 00:20:05"
D,METER_DATA,GEN_DUID,1,"2016/06/20 00:25:00",MTMILLAR,1.979389,"2016/06/20 00:20:05"
D,METER_DATA,GEN_DUID,1,"2016/06/20 00:25:00",PALOONA,23.59,"2016/06/20 00:20:05"
D,METER_DATA,GEN_DUID,1,"2016/06/20 00:25:00",PORTLAT1,0,"2016/06/20 00:20:05"
D,METER_DATA,GEN_DUID,1,"2016/06/20 00:25:00",PORTWF,58.299999,"2016/06/20 00:20:05"
D,METER_DATA,GEN_DUID,1,"2016/06/20 00:25:00",QUERIVE1,-0.11,"2016/06/20 00:20:05"
D,METER_DATA,GEN_DUID,1,"2016/06/20 00:25:00",REPULSE,14.157865,"2016/06/20 00:20:05"
D,METER_DATA,GEN_DUID,1,"2016/06/20 00:25:00",ROWALLAN,9.8406,"2016/06/20 00:20:05"
D,METER_DATA,GEN_DUID,1,"2016/06/20 00:25:00",ROYALLA1,0,"2016/06/20 00:20:05"
D,METER_DATA,GEN_DUID,1,"2016/06/20 00:25:00",RPCG,-0.20,"2016/06/20 00:20:05"
D,METER_DATA,GEN_DUID,1,"2016/06/20 00:25:00",RUBICON,0,"2016/06/20 00:20:05"
D,METER_DATA,GEN_DUID,1,"2016/06/20 00:25:00",STARHLWF,1.699504,"2016/06/20 00:20:05"
D,METER_DATA,GEN_DUID,1,"2016/06/20 00:25:00",WAUBRAWF,159.994003,"2016/06/20 00:20:05"
D,METER_DATA,GEN_DUID,1,"2016/06/20 00:25:00",WOOLNTH1,28.240017,"2016/06/20 00:20:05"
D,METER_DATA,GEN_DUID,1,"2016/06/20 00:25:00",WPWF,0,"2016/06/20 00:20:05"
D,METER_DATA,GEN_DUID,1,"2016/06/20 00:25:00",YAMBUKWF,0.30,"2016/06/20 00:20:05"
D,METER_DATA,GEN_DUID,1,"2016/06/20 00:30:00",BBDISEL1,0,"2016/06/20 00:25:05"
D,METER_DATA,GEN_DUID,1,"2016/06/20 00:30:00",BUTLERSG,7.799998,"2016/06/20 00:25:05"
D,METER_DATA,GEN_DUID,1,"2016/06/20 00:30:00",CALL_A_4,0,"2016/06/20 00:25:05"
D,METER_DATA,GEN_DUID,1,"2016/06/20 00:30:00",CAPTL_WF,33.228004,"2016/06/20 00:25:05"
D,METER_DATA,GEN_DUID,1,"2016/06/20 00:30:00",CATAGUN1,0,"2016/06/20 00:25:05"
D,METER_DATA,GEN_DUID,1,"2016/06/20 00:30:00",CATHROCK,0,"2016/06/20 00:25:05"
D,METER_DATA,GEN_DUID,1,"2016/06/20 00:30:00",CHALLHWF,18.90,"2016/06/20 00:25:05"
D,METER_DATA,GEN_DUID,1,"2016/06/20 00:30:00",CLOVER,25.309999,"2016/06/20 00:25:05"
D,METER_DATA,GEN_DUID,1,"2016/06/20 00:30:00",CLUNY,9.417110,"2016/06/20 00:25:05"
D,METER_DATA,GEN_DUID,1,"2016/06/20 00:30:00",CNUNDAWF,6.207241,"2016/06/20 00:25:05"
D,METER_DATA,GEN_DUID,1,"2016/06/20 00:30:00",CULLRGWF,3.10,"2016/06/20 00:25:05"
D,METER_DATA,GEN_DUID,1,"2016/06/20 00:30:00",ERGT01,0,"2016/06/20 00:25:05"
D,METER_DATA,GEN_DUID,1,"2016/06/20 00:30:00",GB01,0.138706,"2016/06/20 00:25:05"
D,METER_DATA,GEN_DUID,1,"2016/06/20 00:30:00",GEORGTN1,0,"2016/06/20 00:25:05"
D,METER_DATA,GEN_DUID,1,"2016/06/20 00:30:00",GEORGTN2,0,"2016/06/20 00:25:05"
D,METER_DATA,GEN_DUID,1,"2016/06/20 00:30:00",GERMCRK,38.700001,"2016/06/20 00:25:05"
D,METER_DATA,GEN_DUID,1,"2016/06/20 00:30:00",INVICTA,37.049999,"2016/06/20 00:25:05"
D,METER_DATA,GEN_DUID,1,"2016/06/20 00:30:00",LKBONNY1,16.254305,"2016/06/20 00:25:05"
D,METER_DATA,GEN_DUID,1,"2016/06/20 00:30:00",MBAHNTH,59.756252,"2016/06/20 00:25:05"
D,METER_DATA,GEN_DUID,1,"2016/06/20 00:30:00",MEADOWB2,0,"2016/06/20 00:25:05"
D,METER_DATA,GEN_DUID,1,"2016/06/20 00:30:00",MLWF1,4.5150,"2016/06/20 00:25:05"
D,METER_DATA,GEN_DUID,1,"2016/06/20 00:30:00",MTMILLAR,1.451056,"2016/06/20 00:25:05"
D,METER_DATA,GEN_DUID,1,"2016/06/20 00:30:00",PALOONA,23.59,"2016/06/20 00:25:05"
D,METER_DATA,GEN_DUID,1,"2016/06/20 00:30:00",PORTLAT1,0,"2016/06/20 00:25:05"
D,METER_DATA,GEN_DUID,1,"2016/06/20 00:30:00",PORTWF,58.50,"2016/06/20 00:25:05"
D,METER_DATA,GEN_DUID,1,"2016/06/20 00:30:00",QUERIVE1,-0.11,"2016/06/20 00:25:05"
D,METER_DATA,GEN_DUID,1,"2016/06/20 00:30:00",REPULSE,14.4818,"2016/06/20 00:25:05"
D,METER_DATA,GEN_DUID,1,"2016/06/20 00:30:00",ROWALLAN,10.1743,"2016/06/20 00:25:05"
D,METER_DATA,GEN_DUID,1,"2016/06/20 00:30:00",ROYALLA1,0,"2016/06/20 00:25:05"
D,METER_DATA,GEN_DUID,1,"2016/06/20 00:30:00",RPCG,-0.20,"2016/06/20 00:25:05"
D,METER_DATA,GEN_DUID,1,"2016/06/20 00:30:00",RUBICON,0,"2016/06/20 00:25:05"
D,METER_DATA,GEN_DUID,1,"2016/06/20 00:30:00",STARHLWF,1.699504,"2016/06/20 00:25:05"
D,METER_DATA,GEN_DUID,1,"2016/06/20 00:30:00",WAUBRAWF,155.518005,"2016/06/20 00:25:05"
D,METER_DATA,GEN_DUID,1,"2016/06/20 00:30:00",WOOLNTH1,28.040016,"2016/06/20 00:25:05"
D,METER_DATA,GEN_DUID,1,"2016/06/20 00:30:00",WPWF,0,"2016/06/20 00:25:05"
D,METER_DATA,GEN_DUID,1,"2016/06/20 00:30:00",YAMBUKWF,2.10,"2016/06/20 00:25:05"
D,METER_DATA,GEN_DUID,1,"2016/06/20 00:35:00",BBDISEL1,0,"2016/06/20 00:30:04"
D,METER_DATA,GEN_DUID,1,"2016/06/20 00:35:00",BUTLERSG,7.799998,"2016/06/20 00:30:04"
D,METER_DATA,GEN_DUID,1,"2016/06/20 00:35:00",CALL_A_4,0,"2016/06/20 00:30:04"
D,METER_DATA,GEN_DUID,1,"2016/06/20 00:35:00",CAPTL_WF,11.139999,"2016/06/20 00:30:04"
D,METER_DATA,GEN_DUID,1,"2016/06/20 00:35:00",CATAGUN1,0,"2016/06/20 00:30:04"
D,METER_DATA,GEN_DUID,1,"2016/06/20 00:35:00",CATHROCK,0,"2016/06/20 00:30:04"
D,METER_DATA,GEN_DUID,1,"2016/06/20 00:35:00",CHALLHWF,16.299999,"2016/06/20 00:30:04"
D,METER_DATA,GEN_DUID,1,"2016/06/20 00:35:00",CLOVER,25.17,"2016/06/20 00:30:04"
D,METER_DATA,GEN_DUID,1,"2016/06/20 00:35:00",CLUNY,9.031281,"2016/06/20 00:30:04"
D,METER_DATA,GEN_DUID,1,"2016/06/20 00:35:00",CNUNDAWF,7.508759,"2016/06/20 00:30:04"
D,METER_DATA,GEN_DUID,1,"2016/06/20 00:35:00",CULLRGWF,2.48,"2016/06/20 00:30:04"
D,METER_DATA,GEN_DUID,1,"2016/06/20 00:35:00",ERGT01,0,"2016/06/20 00:30:04"
D,METER_DATA,GEN_DUID,1,"2016/06/20 00:35:00",GB01,0.138706,"2016/06/20 00:30:04"
D,METER_DATA,GEN_DUID,1,"2016/06/20 00:35:00",GEORGTN1,0,"2016/06/20 00:30:04"
D,METER_DATA,GEN_DUID,1,"2016/06/20 00:35:00",GEORGTN2,0,"2016/06/20 00:30:04"
D,METER_DATA,GEN_DUID,1,"2016/06/20 00:35:00",GERMCRK,39.099998,"2016/06/20 00:30:04"
D,METER_DATA,GEN_DUID,1,"2016/06/20 00:35:00",INVICTA,37.049999,"2016/06/20 00:30:04"
D,METER_DATA,GEN_DUID,1,"2016/06/20 00:35:00",LKBONNY1,15.539829,"2016/06/20 00:30:04"
D,METER_DATA,GEN_DUID,1,"2016/06/20 00:35:00",MBAHNTH,59.756252,"2016/06/20 00:30:04"
D,METER_DATA,GEN_DUID,1,"2016/06/20 00:35:00",MEADOWB2,0,"2016/06/20 00:30:04"
D,METER_DATA,GEN_DUID,1,"2016/06/20 00:35:00",MLWF1,4.41,"2016/06/20 00:30:04"
D,METER_DATA,GEN_DUID,1,"2016/06/20 00:35:00",MTMILLAR,1.168286,"2016/06/20 00:30:04"
D,METER_DATA,GEN_DUID,1,"2016/06/20 00:35:00",PALOONA,23.48,"2016/06/20 00:30:04"
D,METER_DATA,GEN_DUID,1,"2016/06/20 00:35:00",PORTLAT1,0,"2016/06/20 00:30:04"
D,METER_DATA,GEN_DUID,1,"2016/06/20 00:35:00",PORTWF,56.50,"2016/06/20 00:30:04"
D,METER_DATA,GEN_DUID,1,"2016/06/20 00:35:00",QUERIVE1,-0.11,"2016/06/20 00:30:04"
D,METER_DATA,GEN_DUID,1,"2016/06/20 00:35:00",REPULSE,13.567160,"2016/06/20 00:30:04"
D,METER_DATA,GEN_DUID,1,"2016/06/20 00:35:00",ROWALLAN,10.3234,"2016/06/20 00:30:04"
D,METER_DATA,GEN_DUID,1,"2016/06/20 00:35:00",ROYALLA1,0,"2016/06/20 00:30:04"
D,METER_DATA,GEN_DUID,1,"2016/06/20 00:35:00",RPCG,-0.20,"2016/06/20 00:30:04"
D,METER_DATA,GEN_DUID,1,"2016/06/20 00:35:00",RUBICON,0,"2016/06/20 00:30:04"
D,METER_DATA,GEN_DUID,1,"2016/06/20 00:35:00",STARHLWF,2.499271,"2016/06/20 00:30:04"
D,METER_DATA,GEN_DUID,1,"2016/06/20 00:35:00",WAUBRAWF,156.787003,"2016/06/20 00:30:04"
D,METER_DATA,GEN_DUID,1,"2016/06/20 00:35:00",WOOLNTH1,27.850016,"2016/06/20 00:30:04"
D,METER_DATA,GEN_DUID,1,"2016/06/20 00:35:00",WPWF,0,"2016/06/20 00:30:04"
D,METER_DATA,GEN_DUID,1,"2016/06/20 00:35:00",YAMBUKWF,1.80,"2016/06/20 00:30:04"
D,METER_DATA,GEN_DUID,1,"2016/06/20 00:40:00",BBDISEL1,0,"2016/06/20 00:35:04"
D,METER_DATA,GEN_DUID,1,"2016/06/20 00:40:00",BUTLERSG,7.799998,"2016/06/20 00:35:04"
D,METER_DATA,GEN_DUID,1,"2016/06/20 00:40:00",CALL_A_4,0,"2016/06/20 00:35:04"
D,METER_DATA,GEN_DUID,1,"2016/06/20 00:40:00",CAPTL_WF,0,"2016/06/20 00:35:04"
D,METER_DATA,GEN_DUID,1,"2016/06/20 00:40:00",CATAGUN1,0,"2016/06/20 00:35:04"
D,METER_DATA,GEN_DUID,1,"2016/06/20 00:40:00",CATHROCK,0,"2016/06/20 00:35:04"
D,METER_DATA,GEN_DUID,1,"2016/06/20 00:40:00",CHALLHWF,18.299999,"2016/06/20 00:35:04"
D,METER_DATA,GEN_DUID,1,"2016/06/20 00:40:00",CLOVER,25.130001,"2016/06/20 00:35:04"
D,METER_DATA,GEN_DUID,1,"2016/06/20 00:40:00",CLUNY,8.816930,"2016/06/20 00:35:04"
D,METER_DATA,GEN_DUID,1,"2016/06/20 00:40:00",CNUNDAWF,9.611212,"2016/06/20 00:35:04"
D,METER_DATA,GEN_DUID,1,"2016/06/20 00:40:00",CULLRGWF,0.97,"2016/06/20 00:35:04"
D,METER_DATA,GEN_DUID,1,"2016/06/20 00:40:00",ERGT01,0,"2016/06/20 00:35:04"
D,METER_DATA,GEN_DUID,1,"2016/06/20 00:40:00",GB01,0.138706,"2016/06/20 00:35:04"
D,METER_DATA,GEN_DUID,1,"2016/06/20 00:40:00",GEORGTN1,0,"2016/06/20 00:35:04"
D,METER_DATA,GEN_DUID,1,"2016/06/20 00:40:00",GEORGTN2,0,"2016/06/20 00:35:04"
D,METER_DATA,GEN_DUID,1,"2016/06/20 00:40:00",GERMCRK,38.599998,"2016/06/20 00:35:04"
D,METER_DATA,GEN_DUID,1,"2016/06/20 00:40:00",INVICTA,37.049999,"2016/06/20 00:35:04"
D,METER_DATA,GEN_DUID,1,"2016/06/20 00:40:00",LKBONNY1,15.986376,"2016/06/20 00:35:04"
D,METER_DATA,GEN_DUID,1,"2016/06/20 00:40:00",MBAHNTH,59.756252,"2016/06/20 00:35:04"
D,METER_DATA,GEN_DUID,1,"2016/06/20 00:40:00",MEADOWB2,0,"2016/06/20 00:35:04"
D,METER_DATA,GEN_DUID,1,"2016/06/20 00:40:00",MLWF1,4.62,"2016/06/20 00:35:04"
D,METER_DATA,GEN_DUID,1,"2016/06/20 00:40:00",MTMILLAR,1.324553,"2016/06/20 00:35:04"
D,METER_DATA,GEN_DUID,1,"2016/06/20 00:40:00",PALOONA,23.50,"2016/06/20 00:35:04"
D,METER_DATA,GEN_DUID,1,"2016/06/20 00:40:00",PORTLAT1,0,"2016/06/20 00:35:04"
D,METER_DATA,GEN_DUID,1,"2016/06/20 00:40:00",PORTWF,58.299999,"2016/06/20 00:35:04"
D,METER_DATA,GEN_DUID,1,"2016/06/20 00:40:00",QUERIVE1,-0.11,"2016/06/20 00:35:04"
D,METER_DATA,GEN_DUID,1,"2016/06/20 00:40:00",REPULSE,14.081645,"2016/06/20 00:35:04"
D,METER_DATA,GEN_DUID,1,"2016/06/20 00:40:00",ROWALLAN,10.1743,"2016/06/20 00:35:04"
D,METER_DATA,GEN_DUID,1,"2016/06/20 00:40:00",ROYALLA1,0,"2016/06/20 00:35:04"
D,METER_DATA,GEN_DUID,1,"2016/06/20 00:40:00",RPCG,-0.20,"2016/06/20 00:35:04"
D,METER_DATA,GEN_DUID,1,"2016/06/20 00:40:00",RUBICON,0,"2016/06/20 00:35:04"
D,METER_DATA,GEN_DUID,1,"2016/06/20 00:40:00",STARHLWF,2.499271,"2016/06/20 00:35:04"
D,METER_DATA,GEN_DUID,1,"2016/06/20 00:40:00",WAUBRAWF,155.822006,"2016/06/20 00:35:04"
D,METER_DATA,GEN_DUID,1,"2016/06/20 00:40:00",WOOLNTH1,28.720016,"2016/06/20 00:35:04"
D,METER_DATA,GEN_DUID,1,"2016/06/20 00:40:00",WPWF,0,"2016/06/20 00:35:04"
D,METER_DATA,GEN_DUID,1,"2016/06/20 00:40:00",YAMBUKWF,1.10,"2016/06/20 00:35:04"
D,METER_DATA,GEN_DUID,1,"2016/06/20 00:45:00",BBDISEL1,0,"2016/06/20 00:40:05"
D,METER_DATA,GEN_DUID,1,"2016/06/20 00:45:00",BUTLERSG,7.799998,"2016/06/20 00:40:05"
D,METER_DATA,GEN_DUID,1,"2016/06/20 00:45:00",CALL_A_4,0,"2016/06/20 00:40:05"
D,METER_DATA,GEN_DUID,1,"2016/06/20 00:45:00",CAPTL_WF,0,"2016/06/20 00:40:05"
D,METER_DATA,GEN_DUID,1,"2016/06/20 00:45:00",CATAGUN1,0,"2016/06/20 00:40:05"
D,METER_DATA,GEN_DUID,1,"2016/06/20 00:45:00",CATHROCK,0,"2016/06/20 00:40:05"
D,METER_DATA,GEN_DUID,1,"2016/06/20 00:45:00",CHALLHWF,20.200001,"2016/06/20 00:40:05"
D,METER_DATA,GEN_DUID,1,"2016/06/20 00:45:00",CLOVER,24.549999,"2016/06/20 00:40:05"
D,METER_DATA,GEN_DUID,1,"2016/06/20 00:45:00",CLUNY,8.545421,"2016/06/20 00:40:05"
D,METER_DATA,GEN_DUID,1,"2016/06/20 00:45:00",CNUNDAWF,10.812613,"2016/06/20 00:40:05"
D,METER_DATA,GEN_DUID,1,"2016/06/20 00:45:00",CULLRGWF,0.97,"2016/06/20 00:40:05"
D,METER_DATA,GEN_DUID,1,"2016/06/20 00:45:00",ERGT01,0,"2016/06/20 00:40:05"
D,METER_DATA,GEN_DUID,1,"2016/06/20 00:45:00",GB01,0.138706,"2016/06/20 00:40:05"
D,METER_DATA,GEN_DUID,1,"2016/06/20 00:45:00",GEORGTN1,0,"2016/06/20 00:40:05"
D,METER_DATA,GEN_DUID,1,"2016/06/20 00:45:00",GEORGTN2,0,"2016/06/20 00:40:05"
D,METER_DATA,GEN_DUID,1,"2016/06/20 00:45:00",GERMCRK,38.900002,"2016/06/20 00:40:05"
D,METER_DATA,GEN_DUID,1,"2016/06/20 00:45:00",INVICTA,38.075001,"2016/06/20 00:40:05"
D,METER_DATA,GEN_DUID,1,"2016/06/20 00:45:00",LKBONNY1,16.790161,"2016/06/20 00:40:05"
D,METER_DATA,GEN_DUID,1,"2016/06/20 00:45:00",MBAHNTH,59.756252,"2016/06/20 00:40:05"
D,METER_DATA,GEN_DUID,1,"2016/06/20 00:45:00",MEADOWB2,0,"2016/06/20 00:40:05"
D,METER_DATA,GEN_DUID,1,"2016/06/20 00:45:00",MLWF1,4.65,"2016/06/20 00:40:05"
D,METER_DATA,GEN_DUID,1,"2016/06/20 00:45:00",MTMILLAR,2.433309,"2016/06/20 00:40:05"
D,METER_DATA,GEN_DUID,1,"2016/06/20 00:45:00",PALOONA,23.50,"2016/06/20 00:40:05"
D,METER_DATA,GEN_DUID,1,"2016/06/20 00:45:00",PORTLAT1,0,"2016/06/20 00:40:05"
D,METER_DATA,GEN_DUID,1,"2016/06/20 00:45:00",PORTWF,66.800003,"2016/06/20 00:40:05"
D,METER_DATA,GEN_DUID,1,"2016/06/20 00:45:00",QUERIVE1,-0.11,"2016/06/20 00:40:05"
D,METER_DATA,GEN_DUID,1,"2016/06/20 00:45:00",REPULSE,13.471885,"2016/06/20 00:40:05"
D,METER_DATA,GEN_DUID,1,"2016/06/20 00:45:00",ROWALLAN,10.0891,"2016/06/20 00:40:05"
D,METER_DATA,GEN_DUID,1,"2016/06/20 00:45:00",ROYALLA1,0,"2016/06/20 00:40:05"
D,METER_DATA,GEN_DUID,1,"2016/06/20 00:45:00",RPCG,-0.20,"2016/06/20 00:40:05"
D,METER_DATA,GEN_DUID,1,"2016/06/20 00:45:00",RUBICON,0,"2016/06/20 00:40:05"
D,METER_DATA,GEN_DUID,1,"2016/06/20 00:45:00",STARHLWF,1.799475,"2016/06/20 00:40:05"
D,METER_DATA,GEN_DUID,1,"2016/06/20 00:45:00",WAUBRAWF,158.294006,"2016/06/20 00:40:05"
D,METER_DATA,GEN_DUID,1,"2016/06/20 00:45:00",WOOLNTH1,28.230017,"2016/06/20 00:40:05"
D,METER_DATA,GEN_DUID,1,"2016/06/20 00:45:00",WPWF,0,"2016/06/20 00:40:05"
D,METER_DATA,GEN_DUID,1,"2016/06/20 00:45:00",YAMBUKWF,1.20,"2016/06/20 00:40:05"
D,METER_DATA,GEN_DUID,1,"2016/06/20 00:50:00",BBDISEL1,0,"2016/06/20 00:45:05"
D,METER_DATA,GEN_DUID,1,"2016/06/20 00:50:00",BUTLERSG,7.799998,"2016/06/20 00:45:05"
D,METER_DATA,GEN_DUID,1,"2016/06/20 00:50:00",CALL_A_4,0,"2016/06/20 00:45:05"
D,METER_DATA,GEN_DUID,1,"2016/06/20 00:50:00",CAPTL_WF,0,"2016/06/20 00:45:05"
D,METER_DATA,GEN_DUID,1,"2016/06/20 00:50:00",CATAGUN1,0,"2016/06/20 00:45:05"
D,METER_DATA,GEN_DUID,1,"2016/06/20 00:50:00",CATHROCK,0,"2016/06/20 00:45:05"
D,METER_DATA,GEN_DUID,1,"2016/06/20 00:50:00",CHALLHWF,19.200001,"2016/06/20 00:45:05"
D,METER_DATA,GEN_DUID,1,"2016/06/20 00:50:00",CLOVER,24.619999,"2016/06/20 00:45:05"
D,METER_DATA,GEN_DUID,1,"2016/06/20 00:50:00",CLUNY,9.117021,"2016/06/20 00:45:05"
D,METER_DATA,GEN_DUID,1,"2016/06/20 00:50:00",CNUNDAWF,11.713665,"2016/06/20 00:45:05"
D,METER_DATA,GEN_DUID,1,"2016/06/20 00:50:00",CULLRGWF,1.18,"2016/06/20 00:45:05"
D,METER_DATA,GEN_DUID,1,"2016/06/20 00:50:00",ERGT01,0,"2016/06/20 00:45:05"
D,METER_DATA,GEN_DUID,1,"2016/06/20 00:50:00",GB01,0.138706,"2016/06/20 00:45:05"
D,METER_DATA,GEN_DUID,1,"2016/06/20 00:50:00",GEORGTN1,0,"2016/06/20 00:45:05"
D,METER_DATA,GEN_DUID,1,"2016/06/20 00:50:00",GEORGTN2,0,"2016/06/20 00:45:05"
D,METER_DATA,GEN_DUID,1,"2016/06/20 00:50:00",GERMCRK,39,"2016/06/20 00:45:05"
D,METER_DATA,GEN_DUID,1,"2016/06/20 00:50:00",INVICTA,38.075001,"2016/06/20 00:45:05"
D,METER_DATA,GEN_DUID,1,"2016/06/20 00:50:00",LKBONNY1,18.397728,"2016/06/20 00:45:05"
D,METER_DATA,GEN_DUID,1,"2016/06/20 00:50:00",MBAHNTH,59.756252,"2016/06/20 00:45:05"
D,METER_DATA,GEN_DUID,1,"2016/06/20 00:50:00",MEADOWB2,0,"2016/06/20 00:45:05"
D,METER_DATA,GEN_DUID,1,"2016/06/20 00:50:00",MLWF1,4.4250,"2016/06/20 00:45:05"
D,METER_DATA,GEN_DUID,1,"2016/06/20 00:50:00",MTMILLAR,2.835140,"2016/06/20 00:45:05"
D,METER_DATA,GEN_DUID,1,"2016/06/20 00:50:00",PALOONA,23.549999,"2016/06/20 00:45:05"
D,METER_DATA,GEN_DUID,1,"2016/06/20 00:50:00",PORTLAT1,0,"2016/06/20 00:45:05"
D,METER_DATA,GEN_DUID,1,"2016/06/20 00:50:00",PORTWF,63.599998,"2016/06/20 00:45:05"
D,METER_DATA,GEN_DUID,1,"2016/06/20 00:50:00",QUERIVE1,-0.12,"2016/06/20 00:45:05"
D,METER_DATA,GEN_DUID,1,"2016/06/20 00:50:00",REPULSE,14.215030,"2016/06/20 00:45:05"
D,METER_DATA,GEN_DUID,1,"2016/06/20 00:50:00",ROWALLAN,10.0607,"2016/06/20 00:45:05"
D,METER_DATA,GEN_DUID,1,"2016/06/20 00:50:00",ROYALLA1,0,"2016/06/20 00:45:05"
D,METER_DATA,GEN_DUID,1,"2016/06/20 00:50:00",RPCG,-0.20,"2016/06/20 00:45:05"
D,METER_DATA,GEN_DUID,1,"2016/06/20 00:50:00",RUBICON,0,"2016/06/20 00:45:05"
D,METER_DATA,GEN_DUID,1,"2016/06/20 00:50:00",STARHLWF,1.399592,"2016/06/20 00:45:05"
D,METER_DATA,GEN_DUID,1,"2016/06/20 00:50:00",WAUBRAWF,157.397003,"2016/06/20 00:45:05"
D,METER_DATA,GEN_DUID,1,"2016/06/20 00:50:00",WOOLNTH1,26.810017,"2016/06/20 00:45:05"
D,METER_DATA,GEN_DUID,1,"2016/06/20 00:50:00",WPWF,0,"2016/06/20 00:45:05"
D,METER_DATA,GEN_DUID,1,"2016/06/20 00:50:00",YAMBUKWF,1.10,"2016/06/20 00:45:05"
D,METER_DATA,GEN_DUID,1,"2016/06/20 00:55:00",BBDISEL1,0,"2016/06/20 00:50:05"
D,METER_DATA,GEN_DUID,1,"2016/06/20 00:55:00",BUTLERSG,7.799998,"2016/06/20 00:50:05"
D,METER_DATA,GEN_DUID,1,"2016/06/20 00:55:00",CALL_A_4,0,"2016/06/20 00:50:05"
D,METER_DATA,GEN_DUID,1,"2016/06/20 00:55:00",CAPTL_WF,0,"2016/06/20 00:50:05"
D,METER_DATA,GEN_DUID,1,"2016/06/20 00:55:00",CATAGUN1,0,"2016/06/20 00:50:05"
D,METER_DATA,GEN_DUID,1,"2016/06/20 00:55:00",CATHROCK,0,"2016/06/20 00:50:05"
D,METER_DATA,GEN_DUID,1,"2016/06/20 00:55:00",CHALLHWF,19.50,"2016/06/20 00:50:05"
D,METER_DATA,GEN_DUID,1,"2016/06/20 00:55:00",CLOVER,25,"2016/06/20 00:50:05"
D,METER_DATA,GEN_DUID,1,"2016/06/20 00:55:00",CLUNY,9.502851,"2016/06/20 00:50:05"
D,METER_DATA,GEN_DUID,1,"2016/06/20 00:55:00",CNUNDAWF,11.313198,"2016/06/20 00:50:05"
D,METER_DATA,GEN_DUID,1,"2016/06/20 00:55:00",CULLRGWF,0.76,"2016/06/20 00:50:05"
D,METER_DATA,GEN_DUID,1,"2016/06/20 00:55:00",ERGT01,0,"2016/06/20 00:50:05"
D,METER_DATA,GEN_DUID,1,"2016/06/20 00:55:00",GB01,0.144474,"2016/06/20 00:50:05"
D,METER_DATA,GEN_DUID,1,"2016/06/20 00:55:00",GEORGTN1,0,"2016/06/20 00:50:05"
D,METER_DATA,GEN_DUID,1,"2016/06/20 00:55:00",GEORGTN2,0,"2016/06/20 00:50:05"
D,METER_DATA,GEN_DUID,1,"2016/06/20 00:55:00",GERMCRK,39.099998,"2016/06/20 00:50:05"
D,METER_DATA,GEN_DUID,1,"2016/06/20 00:55:00",INVICTA,38.075001,"2016/06/20 00:50:05"
D,METER_DATA,GEN_DUID,1,"2016/06/20 00:55:00",LKBONNY1,19.290823,"2016/06/20 00:50:05"
D,METER_DATA,GEN_DUID,1,"2016/06/20 00:55:00",MBAHNTH,59.756252,"2016/06/20 00:50:05"
D,METER_DATA,GEN_DUID,1,"2016/06/20 00:55:00",MEADOWB2,0,"2016/06/20 00:50:05"
D,METER_DATA,GEN_DUID,1,"2016/06/20 00:55:00",MLWF1,4.20,"2016/06/20 00:50:05"
D,METER_DATA,GEN_DUID,1,"2016/06/20 00:55:00",MTMILLAR,2.217511,"2016/06/20 00:50:05"
D,METER_DATA,GEN_DUID,1,"2016/06/20 00:55:00",PALOONA,23.549999,"2016/06/20 00:50:05"
D,METER_DATA,GEN_DUID,1,"2016/06/20 00:55:00",PORTLAT1,0,"2016/06/20 00:50:05"
D,METER_DATA,GEN_DUID,1,"2016/06/20 00:55:00",PORTWF,60.400002,"2016/06/20 00:50:05"
D,METER_DATA,GEN_DUID,1,"2016/06/20 00:55:00",QUERIVE1,-0.12,"2016/06/20 00:50:05"
D,METER_DATA,GEN_DUID,1,"2016/06/20 00:55:00",REPULSE,14.881954,"2016/06/20 00:50:05"
D,METER_DATA,GEN_DUID,1,"2016/06/20 00:55:00",ROWALLAN,10.1033,"2016/06/20 00:50:05"
D,METER_DATA,GEN_DUID,1,"2016/06/20 00:55:00",ROYALLA1,0,"2016/06/20 00:50:05"
D,METER_DATA,GEN_DUID,1,"2016/06/20 00:55:00",RPCG,-0.20,"2016/06/20 00:50:05"
D,METER_DATA,GEN_DUID,1,"2016/06/20 00:55:00",RUBICON,0,"2016/06/20 00:50:05"
D,METER_DATA,GEN_DUID,1,"2016/06/20 00:55:00",STARHLWF,1.799475,"2016/06/20 00:50:05"
D,METER_DATA,GEN_DUID,1,"2016/06/20 00:55:00",WAUBRAWF,154.309006,"2016/06/20 00:50:05"
D,METER_DATA,GEN_DUID,1,"2016/06/20 00:55:00",WOOLNTH1,26.770016,"2016/06/20 00:50:05"
D,METER_DATA,GEN_DUID,1,"2016/06/20 00:55:00",WPWF,0,"2016/06/20 00:50:05"
D,METER_DATA,GEN_DUID,1,"2016/06/20 00:55:00",YAMBUKWF,1.10,"2016/06/20 00:50:05"
D,METER_DATA,GEN_DUID,1,"2016/06/20 01:00:00",BBDISEL1,0,"2016/06/20 00:55:04"
D,METER_DATA,GEN_DUID,1,"2016/06/20 01:00:00",BUTLERSG,7.799998,"2016/06/20 00:55:04"
D,METER_DATA,GEN_DUID,1,"2016/06/20 01:00:00",CALL_A_4,0,"2016/06/20 00:55:04"
D,METER_DATA,GEN_DUID,1,"2016/06/20 01:00:00",CAPTL_WF,0,"2016/06/20 00:55:04"
D,METER_DATA,GEN_DUID,1,"2016/06/20 01:00:00",CATAGUN1,0,"2016/06/20 00:55:04"
D,METER_DATA,GEN_DUID,1,"2016/06/20 01:00:00",CATHROCK,0,"2016/06/20 00:55:04"
D,METER_DATA,GEN_DUID,1,"2016/06/20 01:00:00",CHALLHWF,18.099998,"2016/06/20 00:55:04"
D,METER_DATA,GEN_DUID,1,"2016/06/20 01:00:00",CLOVER,25.01,"2016/06/20 00:55:04"
D,METER_DATA,GEN_DUID,1,"2016/06/20 01:00:00",CLUNY,8.916960,"2016/06/20 00:55:04"
D,METER_DATA,GEN_DUID,1,"2016/06/20 01:00:00",CNUNDAWF,9.110628,"2016/06/20 00:55:04"
D,METER_DATA,GEN_DUID,1,"2016/06/20 01:00:00",CULLRGWF,0.54,"2016/06/20 00:55:04"
D,METER_DATA,GEN_DUID,1,"2016/06/20 01:00:00",ERGT01,0,"2016/06/20 00:55:04"
D,METER_DATA,GEN_DUID,1,"2016/06/20 01:00:00",GB01,0.144474,"2016/06/20 00:55:04"
D,METER_DATA,GEN_DUID,1,"2016/06/20 01:00:00",GEORGTN1,0,"2016/06/20 00:55:04"
D,METER_DATA,GEN_DUID,1,"2016/06/20 01:00:00",GEORGTN2,0,"2016/06/20 00:55:04"
D,METER_DATA,GEN_DUID,1,"2016/06/20 01:00:00",GERMCRK,38.400002,"2016/06/20 00:55:04"
D,METER_DATA,GEN_DUID,1,"2016/06/20 01:00:00",INVICTA,38.075001,"2016/06/20 00:55:04"
D,METER_DATA,GEN_DUID,1,"2016/06/20 01:00:00",LKBONNY1,19.201513,"2016/06/20 00:55:04"
D,METER_DATA,GEN_DUID,1,"2016/06/20 01:00:00",MBAHNTH,59.756252,"2016/06/20 00:55:04"
D,METER_DATA,GEN_DUID,1,"2016/06/20 01:00:00",MEADOWB2,0,"2016/06/20 00:55:04"
D,METER_DATA,GEN_DUID,1,"2016/06/20 01:00:00",MLWF1,4.32,"2016/06/20 00:55:04"
D,METER_DATA,GEN_DUID,1,"2016/06/20 01:00:00",MTMILLAR,1.852887,"2016/06/20 00:55:04"
D,METER_DATA,GEN_DUID,1,"2016/06/20 01:00:00",PALOONA,23.549999,"2016/06/20 00:55:04"
D,METER_DATA,GEN_DUID,1,"2016/06/20 01:00:00",PORTLAT1,0,"2016/06/20 00:55:04"
D,METER_DATA,GEN_DUID,1,"2016/06/20 01:00:00",PORTWF,62.200001,"2016/06/20 00:55:04"
D,METER_DATA,GEN_DUID,1,"2016/06/20 01:00:00",QUERIVE1,-0.12,"2016/06/20 00:55:04"
D,METER_DATA,GEN_DUID,1,"2016/06/20 01:00:00",REPULSE,13.757710,"2016/06/20 00:55:04"
D,METER_DATA,GEN_DUID,1,"2016/06/20 01:00:00",ROWALLAN,10.0536,"2016/06/20 00:55:04"
D,METER_DATA,GEN_DUID,1,"2016/06/20 01:00:00",ROYALLA1,0,"2016/06/20 00:55:04"
D,METER_DATA,GEN_DUID,1,"2016/06/20 01:00:00",RPCG,-0.20,"2016/06/20 00:55:04"
D,METER_DATA,GEN_DUID,1,"2016/06/20 01:00:00",RUBICON,0,"2016/06/20 00:55:04"
D,METER_DATA,GEN_DUID,1,"2016/06/20 01:00:00",STARHLWF,1.899446,"2016/06/20 00:55:04"
D,METER_DATA,GEN_DUID,1,"2016/06/20 01:00:00",WAUBRAWF,153.229996,"2016/06/20 00:55:04"
D,METER_DATA,GEN_DUID,1,"2016/06/20 01:00:00",WOOLNTH1,27.360016,"2016/06/20 00:55:04"
D,METER_DATA,GEN_DUID,1,"2016/06/20 01:00:00",WPWF,0,"2016/06/20 00:55:04"
D,METER_DATA,GEN_DUID,1,"2016/06/20 01:00:00",YAMBUKWF,0.90,"2016/06/20 00:55:04"
D,METER_DATA,GEN_DUID,1,"2016/06/20 01:05:00",BBDISEL1,0,"2016/06/20 01:00:04"
D,METER_DATA,GEN_DUID,1,"2016/06/20 01:05:00",BUTLERSG,7.799998,"2016/06/20 01:00:04"
D,METER_DATA,GEN_DUID,1,"2016/06/20 01:05:00",CALL_A_4,0,"2016/06/20 01:00:04"
D,METER_DATA,GEN_DUID,1,"2016/06/20 01:05:00",CAPTL_WF,0,"2016/06/20 01:00:04"
D,METER_DATA,GEN_DUID,1,"2016/06/20 01:05:00",CATAGUN1,0,"2016/06/20 01:00:04"
D,METER_DATA,GEN_DUID,1,"2016/06/20 01:05:00",CATHROCK,0,"2016/06/20 01:00:04"
D,METER_DATA,GEN_DUID,1,"2016/06/20 01:05:00",CHALLHWF,17.700001,"2016/06/20 01:00:04"
D,METER_DATA,GEN_DUID,1,"2016/06/20 01:05:00",CLOVER,24.610001,"2016/06/20 01:00:04"
D,METER_DATA,GEN_DUID,1,"2016/06/20 01:05:00",CLUNY,8.473970,"2016/06/20 01:00:04"
D,METER_DATA,GEN_DUID,1,"2016/06/20 01:05:00",CNUNDAWF,9.711329,"2016/06/20 01:00:04"
D,METER_DATA,GEN_DUID,1,"2016/06/20 01:05:00",CULLRGWF,0.54,"2016/06/20 01:00:04"
D,METER_DATA,GEN_DUID,1,"2016/06/20 01:05:00",ERGT01,0,"2016/06/20 01:00:04"
D,METER_DATA,GEN_DUID,1,"2016/06/20 01:05:00",GB01,0.144474,"2016/06/20 01:00:04"
D,METER_DATA,GEN_DUID,1,"2016/06/20 01:05:00",GEORGTN1,0,"2016/06/20 01:00:04"
D,METER_DATA,GEN_DUID,1,"2016/06/20 01:05:00",GEORGTN2,0,"2016/06/20 01:00:04"
D,METER_DATA,GEN_DUID,1,"2016/06/20 01:05:00",GERMCRK,38.900002,"2016/06/20 01:00:04"
D,METER_DATA,GEN_DUID,1,"2016/06/20 01:05:00",INVICTA,38.075001,"2016/06/20 01:00:04"
D,METER_DATA,GEN_DUID,1,"2016/06/20 01:05:00",LKBONNY1,19.915989,"2016/06/20 01:00:04"
D,METER_DATA,GEN_DUID,1,"2016/06/20 01:05:00",MBAHNTH,59.756252,"2016/06/20 01:00:04"
D,METER_DATA,GEN_DUID,1,"2016/06/20 01:05:00",MEADOWB2,0,"2016/06/20 01:00:04"
D,METER_DATA,GEN_DUID,1,"2016/06/20 01:05:00",MLWF1,4.2150,"2016/06/20 01:00:04"
D,METER_DATA,GEN_DUID,1,"2016/06/20 01:05:00",MTMILLAR,1.733826,"2016/06/20 01:00:04"
D,METER_DATA,GEN_DUID,1,"2016/06/20 01:05:00",PALOONA,23.549999,"2016/06/20 01:00:04"
D,METER_DATA,GEN_DUID,1,"2016/06/20 01:05:00",PORTLAT1,0,"2016/06/20 01:00:04"
D,METER_DATA,GEN_DUID,1,"2016/06/20 01:05:00",PORTWF,62.200001,"2016/06/20 01:00:04"
D,METER_DATA,GEN_DUID,1,"2016/06/20 01:05:00",QUERIVE1,-0.12,"2016/06/20 01:00:04"
D,METER_DATA,GEN_DUID,1,"2016/06/20 01:05:00",REPULSE,14.081645,"2016/06/20 01:00:04"
D,METER_DATA,GEN_DUID,1,"2016/06/20 01:05:00",ROWALLAN,10.067801,"2016/06/20 01:00:04"
D,METER_DATA,GEN_DUID,1,"2016/06/20 01:05:00",ROYALLA1,0,"2016/06/20 01:00:04"
D,METER_DATA,GEN_DUID,1,"2016/06/20 01:05:00",RPCG,-0.20,"2016/06/20 01:00:04"
D,METER_DATA,GEN_DUID,1,"2016/06/20 01:05:00",RUBICON,0,"2016/06/20 01:00:04"
D,METER_DATA,GEN_DUID,1,"2016/06/20 01:05:00",STARHLWF,1.499563,"2016/06/20 01:00:04"
D,METER_DATA,GEN_DUID,1,"2016/06/20 01:05:00",WAUBRAWF,152.445007,"2016/06/20 01:00:04"
D,METER_DATA,GEN_DUID,1,"2016/06/20 01:05:00",WOOLNTH1,29.940016,"2016/06/20 01:00:04"
D,METER_DATA,GEN_DUID,1,"2016/06/20 01:05:00",WPWF,0,"2016/06/20 01:00:04"
D,METER_DATA,GEN_DUID,1,"2016/06/20 01:05:00",YAMBUKWF,0.50,"2016/06/20 01:00:04"
D,METER_DATA,GEN_DUID,1,"2016/06/20 01:10:00",BBDISEL1,0,"2016/06/20 01:05:05"
D,METER_DATA,GEN_DUID,1,"2016/06/20 01:10:00",BUTLERSG,7.799998,"2016/06/20 01:05:05"
D,METER_DATA,GEN_DUID,1,"2016/06/20 01:10:00",CALL_A_4,0,"2016/06/20 01:05:05"
D,METER_DATA,GEN_DUID,1,"2016/06/20 01:10:00",CAPTL_WF,0,"2016/06/20 01:05:05"
D,METER_DATA,GEN_DUID,1,"2016/06/20 01:10:00",CATAGUN1,0,"2016/06/20 01:05:05"
D,METER_DATA,GEN_DUID,1,"2016/06/20 01:10:00",CATHROCK,0,"2016/06/20 01:05:05"
D,METER_DATA,GEN_DUID,1,"2016/06/20 01:10:00",CHALLHWF,18.299999,"2016/06/20 01:05:05"
D,METER_DATA,GEN_DUID,1,"2016/06/20 01:10:00",CLOVER,25.16,"2016/06/20 01:05:05"
D,METER_DATA,GEN_DUID,1,"2016/06/20 01:10:00",CLUNY,9.231340,"2016/06/20 01:05:05"
D,METER_DATA,GEN_DUID,1,"2016/06/20 01:10:00",CNUNDAWF,9.611212,"2016/06/20 01:05:05"
D,METER_DATA,GEN_DUID,1,"2016/06/20 01:10:00",CULLRGWF,0.52,"2016/06/20 01:05:05"
D,METER_DATA,GEN_DUID,1,"2016/06/20 01:10:00",ERGT01,0,"2016/06/20 01:05:05"
D,METER_DATA,GEN_DUID,1,"2016/06/20 01:10:00",GB01,0.144474,"2016/06/20 01:05:05"
D,METER_DATA,GEN_DUID,1,"2016/06/20 01:10:00",GEORGTN1,0,"2016/06/20 01:05:05"
D,METER_DATA,GEN_DUID,1,"2016/06/20 01:10:00",GEORGTN2,0,"2016/06/20 01:05:05"
D,METER_DATA,GEN_DUID,1,"2016/06/20 01:10:00",GERMCRK,38.799999,"2016/06/20 01:05:05"
D,METER_DATA,GEN_DUID,1,"2016/06/20 01:10:00",INVICTA,38.075001,"2016/06/20 01:05:05"
D,METER_DATA,GEN_DUID,1,"2016/06/20 01:10:00",LKBONNY1,20.9877,"2016/06/20 01:05:05"
D,METER_DATA,GEN_DUID,1,"2016/06/20 01:10:00",MBAHNTH,59.756252,"2016/06/20 01:05:05"
D,METER_DATA,GEN_DUID,1,"2016/06/20 01:10:00",MEADOWB2,0,"2016/06/20 01:05:05"
D,METER_DATA,GEN_DUID,1,"2016/06/20 01:10:00",MLWF1,4.7250,"2016/06/20 01:05:05"
D,METER_DATA,GEN_DUID,1,"2016/06/20 01:10:00",MTMILLAR,2.530046,"2016/06/20 01:05:05"
D,METER_DATA,GEN_DUID,1,"2016/06/20 01:10:00",PALOONA,23.549999,"2016/06/20 01:05:05"
D,METER_DATA,GEN_DUID,1,"2016/06/20 01:10:00",PORTLAT1,0,"2016/06/20 01:05:05"
D,METER_DATA,GEN_DUID,1,"2016/06/20 01:10:00",PORTWF,65.800003,"2016/06/20 01:05:05"
D,METER_DATA,GEN_DUID,1,"2016/06/20 01:10:00",QUERIVE1,-0.11,"2016/06/20 01:05:05"
D,METER_DATA,GEN_DUID,1,"2016/06/20 01:10:00",REPULSE,13.548104,"2016/06/20 01:05:05"
D,METER_DATA,GEN_DUID,1,"2016/06/20 01:10:00",ROWALLAN,10.2666,"2016/06/20 01:05:05"
D,METER_DATA,GEN_DUID,1,"2016/06/20 01:10:00",ROYALLA1,0,"2016/06/20 01:05:05"
D,METER_DATA,GEN_DUID,1,"2016/06/20 01:10:00",RPCG,-0.20,"2016/06/20 01:05:05"
D,METER_DATA,GEN_DUID,1,"2016/06/20 01:10:00",RUBICON,0,"2016/06/20 01:05:05"
D,METER_DATA,GEN_DUID,1,"2016/06/20 01:10:00",STARHLWF,0.299913,"2016/06/20 01:05:05"
D,METER_DATA,GEN_DUID,1,"2016/06/20 01:10:00",WAUBRAWF,153.205994,"2016/06/20 01:05:05"
D,METER_DATA,GEN_DUID,1,"2016/06/20 01:10:00",WOOLNTH1,29.940018,"2016/06/20 01:05:05"
D,METER_DATA,GEN_DUID,1,"2016/06/20 01:10:00",WPWF,0,"2016/06/20 01:05:05"
D,METER_DATA,GEN_DUID,1,"2016/06/20 01:10:00",YAMBUKWF,0.70,"2016/06/20 01:05:05"
D,METER_DATA,GEN_DUID,1,"2016/06/20 01:15:00",BBDISEL1,0,"2016/06/20 01:10:05"
D,METER_DATA,GEN_DUID,1,"2016/06/20 01:15:00",BUTLERSG,7.799998,"2016/06/20 01:10:05"
D,METER_DATA,GEN_DUID,1,"2016/06/20 01:15:00",CALL_A_4,0,"2016/06/20 01:10:05"
D,METER_DATA,GEN_DUID,1,"2016/06/20 01:15:00",CAPTL_WF,0,"2016/06/20 01:10:05"
D,METER_DATA,GEN_DUID,1,"2016/06/20 01:15:00",CATAGUN1,0,"2016/06/20 01:10:05"
D,METER_DATA,GEN_DUID,1,"2016/06/20 01:15:00",CATHROCK,0,"2016/06/20 01:10:05"
D,METER_DATA,GEN_DUID,1,"2016/06/20 01:15:00",CHALLHWF,21.599998,"2016/06/20 01:10:05"
D,METER_DATA,GEN_DUID,1,"2016/06/20 01:15:00",CLOVER,24.940001,"2016/06/20 01:10:05"
D,METER_DATA,GEN_DUID,1,"2016/06/20 01:15:00",CLUNY,9.016991,"2016/06/20 01:10:05"
D,METER_DATA,GEN_DUID,1,"2016/06/20 01:15:00",CNUNDAWF,8.409810,"2016/06/20 01:10:05"
D,METER_DATA,GEN_DUID,1,"2016/06/20 01:15:00",CULLRGWF,0.07,"2016/06/20 01:10:05"
D,METER_DATA,GEN_DUID,1,"2016/06/20 01:15:00",ERGT01,0,"2016/06/20 01:10:05"
D,METER_DATA,GEN_DUID,1,"2016/06/20 01:15:00",GB01,0.144474,"2016/06/20 01:10:05"
D,METER_DATA,GEN_DUID,1,"2016/06/20 01:15:00",GEORGTN1,0,"2016/06/20 01:10:05"
D,METER_DATA,GEN_DUID,1,"2016/06/20 01:15:00",GEORGTN2,0,"2016/06/20 01:10:05"
D,METER_DATA,GEN_DUID,1,"2016/06/20 01:15:00",GERMCRK,39.200001,"2016/06/20 01:10:05"
D,METER_DATA,GEN_DUID,1,"2016/06/20 01:15:00",INVICTA,38.075001,"2016/06/20 01:10:05"
D,METER_DATA,GEN_DUID,1,"2016/06/20 01:15:00",LKBONNY1,20.541153,"2016/06/20 01:10:05"
D,METER_DATA,GEN_DUID,1,"2016/06/20 01:15:00",MBAHNTH,59.756252,"2016/06/20 01:10:05"
D,METER_DATA,GEN_DUID,1,"2016/06/20 01:15:00",MEADOWB2,0,"2016/06/20 01:10:05"
D,METER_DATA,GEN_DUID,1,"2016/06/20 01:15:00",MLWF1,5.2650,"2016/06/20 01:10:05"
D,METER_DATA,GEN_DUID,1,"2016/06/20 01:15:00",MTMILLAR,2.827698,"2016/06/20 01:10:05"
D,METER_DATA,GEN_DUID,1,"2016/06/20 01:15:00",PALOONA,23.549999,"2016/06/20 01:10:05"
D,METER_DATA,GEN_DUID,1,"2016/06/20 01:15:00",PORTLAT1,0,"2016/06/20 01:10:05"
D,METER_DATA,GEN_DUID,1,"2016/06/20 01:15:00",PORTWF,61.50,"2016/06/20 01:10:05"
D,METER_DATA,GEN_DUID,1,"2016/06/20 01:15:00",QUERIVE1,-0.12,"2016/06/20 01:10:05"
D,METER_DATA,GEN_DUID,1,"2016/06/20 01:15:00",REPULSE,14.405580,"2016/06/20 01:10:05"
D,METER_DATA,GEN_DUID,1,"2016/06/20 01:15:00",ROWALLAN,10.1672,"2016/06/20 01:10:05"
D,METER_DATA,GEN_DUID,1,"2016/06/20 01:15:00",ROYALLA1,0,"2016/06/20 01:10:05"
D,METER_DATA,GEN_DUID,1,"2016/06/20 01:15:00",RPCG,-0.20,"2016/06/20 01:10:05"
D,METER_DATA,GEN_DUID,1,"2016/06/20 01:15:00",RUBICON,0,"2016/06/20 01:10:05"
D,METER_DATA,GEN_DUID,1,"2016/06/20 01:15:00",STARHLWF,0.299913,"2016/06/20 01:10:05"
D,METER_DATA,GEN_DUID,1,"2016/06/20 01:15:00",WAUBRAWF,151.876007,"2016/06/20 01:10:05"
D,METER_DATA,GEN_DUID,1,"2016/06/20 01:15:00",WOOLNTH1,29.880016,"2016/06/20 01:10:05"
D,METER_DATA,GEN_DUID,1,"2016/06/20 01:15:00",WPWF,0,"2016/06/20 01:10:05"
D,METER_DATA,GEN_DUID,1,"2016/06/20 01:15:00",YAMBUKWF,1,"2016/06/20 01:10:05"
D,METER_DATA,GEN_DUID,1,"2016/06/20 01:20:00",BBDISEL1,0,"2016/06/20 01:15:05"
D,METER_DATA,GEN_DUID,1,"2016/06/20 01:20:00",BUTLERSG,7.799998,"2016/06/20 01:15:05"
D,METER_DATA,GEN_DUID,1,"2016/06/20 01:20:00",CALL_A_4,0,"2016/06/20 01:15:05"
D,METER_DATA,GEN_DUID,1,"2016/06/20 01:20:00",CAPTL_WF,0,"2016/06/20 01:15:05"
D,METER_DATA,GEN_DUID,1,"2016/06/20 01:20:00",CATAGUN1,0,"2016/06/20 01:15:05"
D,METER_DATA,GEN_DUID,1,"2016/06/20 01:20:00",CATHROCK,0,"2016/06/20 01:15:05"
D,METER_DATA,GEN_DUID,1,"2016/06/20 01:20:00",CHALLHWF,19.400002,"2016/06/20 01:15:05"
D,METER_DATA,GEN_DUID,1,"2016/06/20 01:20:00",CLOVER,24.940001,"2016/06/20 01:15:05"
D,METER_DATA,GEN_DUID,1,"2016/06/20 01:20:00",CLUNY,8.945540,"2016/06/20 01:15:05"
D,METER_DATA,GEN_DUID,1,"2016/06/20 01:20:00",CNUNDAWF,8.910395,"2016/06/20 01:15:05"
D,METER_DATA,GEN_DUID,1,"2016/06/20 01:20:00",CULLRGWF,0.27,"2016/06/20 01:15:05"
D,METER_DATA,GEN_DUID,1,"2016/06/20 01:20:00",ERGT01,0,"2016/06/20 01:15:05"
D,METER_DATA,GEN_DUID,1,"2016/06/20 01:20:00",GB01,0.144474,"2016/06/20 01:15:05"
D,METER_DATA,GEN_DUID,1,"2016/06/20 01:20:00",GEORGTN1,0,"2016/06/20 01:15:05"
D,METER_DATA,GEN_DUID,1,"2016/06/20 01:20:00",GEORGTN2,0,"2016/06/20 01:15:05"
D,METER_DATA,GEN_DUID,1,"2016/06/20 01:20:00",GERMCRK,38.700001,"2016/06/20 01:15:05"
D,METER_DATA,GEN_DUID,1,"2016/06/20 01:20:00",INVICTA,38.075001,"2016/06/20 01:15:05"
D,METER_DATA,GEN_DUID,1,"2016/06/20 01:20:00",LKBONNY1,19.737370,"2016/06/20 01:15:05"
D,METER_DATA,GEN_DUID,1,"2016/06/20 01:20:00",MBAHNTH,59.756252,"2016/06/20 01:15:05"
D,METER_DATA,GEN_DUID,1,"2016/06/20 01:20:00",MEADOWB2,0,"2016/06/20 01:15:05"
D,METER_DATA,GEN_DUID,1,"2016/06/20 01:20:00",MLWF1,5.58,"2016/06/20 01:15:05"
D,METER_DATA,GEN_DUID,1,"2016/06/20 01:20:00",MTMILLAR,2.730961,"2016/06/20 01:15:05"
D,METER_DATA,GEN_DUID,1,"2016/06/20 01:20:00",PALOONA,23.549999,"2016/06/20 01:15:05"
D,METER_DATA,GEN_DUID,1,"2016/06/20 01:20:00",PORTLAT1,0,"2016/06/20 01:15:05"
D,METER_DATA,GEN_DUID,1,"2016/06/20 01:20:00",PORTWF,57.200001,"2016/06/20 01:15:05"
D,METER_DATA,GEN_DUID,1,"2016/06/20 01:20:00",QUERIVE1,-0.13,"2016/06/20 01:15:05"
D,METER_DATA,GEN_DUID,1,"2016/06/20 01:20:00",REPULSE,13.681490,"2016/06/20 01:15:05"
D,METER_DATA,GEN_DUID,1,"2016/06/20 01:20:00",ROWALLAN,10.1388,"2016/06/20 01:15:05"
D,METER_DATA,GEN_DUID,1,"2016/06/20 01:20:00",ROYALLA1,0,"2016/06/20 01:15:05"
D,METER_DATA,GEN_DUID,1,"2016/06/20 01:20:00",RPCG,-0.20,"2016/06/20 01:15:05"
D,METER_DATA,GEN_DUID,1,"2016/06/20 01:20:00",RUBICON,0,"2016/06/20 01:15:05"
D,METER_DATA,GEN_DUID,1,"2016/06/20 01:20:00",STARHLWF,0.699796,"2016/06/20 01:15:05"
D,METER_DATA,GEN_DUID,1,"2016/06/20 01:20:00",WAUBRAWF,155.117004,"2016/06/20 01:15:05"
D,METER_DATA,GEN_DUID,1,"2016/06/20 01:20:00",WOOLNTH1,30.370016,"2016/06/20 01:15:05"
D,METER_DATA,GEN_DUID,1,"2016/06/20 01:20:00",WPWF,1,"2016/06/20 01:15:05"
D,METER_DATA,GEN_DUID,1,"2016/06/20 01:20:00",YAMBUKWF,1.30,"2016/06/20 01:15:05"
D,METER_DATA,GEN_DUID,1,"2016/06/20 01:25:00",BBDISEL1,0,"2016/06/20 01:20:04"
D,METER_DATA,GEN_DUID,1,"2016/06/20 01:25:00",BUTLERSG,7.799998,"2016/06/20 01:20:04"
D,METER_DATA,GEN_DUID,1,"2016/06/20 01:25:00",CALL_A_4,0,"2016/06/20 01:20:04"
D,METER_DATA,GEN_DUID,1,"2016/06/20 01:25:00",CAPTL_WF,0,"2016/06/20 01:20:04"
D,METER_DATA,GEN_DUID,1,"2016/06/20 01:25:00",CATAGUN1,0,"2016/06/20 01:20:04"
D,METER_DATA,GEN_DUID,1,"2016/06/20 01:25:00",CATHROCK,2.82,"2016/06/20 01:20:04"
D,METER_DATA,GEN_DUID,1,"2016/06/20 01:25:00",CHALLHWF,22.700001,"2016/06/20 01:20:04"
D,METER_DATA,GEN_DUID,1,"2016/06/20 01:25:00",CLOVER,24.57,"2016/06/20 01:20:04"
D,METER_DATA,GEN_DUID,1,"2016/06/20 01:25:00",CLUNY,8.616870,"2016/06/20 01:20:04"
D,METER_DATA,GEN_DUID,1,"2016/06/20 01:25:00",CNUNDAWF,9.110628,"2016/06/20 01:20:04"
D,METER_DATA,GEN_DUID,1,"2016/06/20 01:25:00",CULLRGWF,0.65,"2016/06/20 01:20:04"
D,METER_DATA,GEN_DUID,1,"2016/06/20 01:25:00",ERGT01,0,"2016/06/20 01:20:04"
D,METER_DATA,GEN_DUID,1,"2016/06/20 01:25:00",GB01,0.144474,"2016/06/20 01:20:04"
D,METER_DATA,GEN_DUID,1,"2016/06/20 01:25:00",GEORGTN1,0,"2016/06/20 01:20:04"
D,METER_DATA,GEN_DUID,1,"2016/06/20 01:25:00",GEORGTN2,0,"2016/06/20 01:20:04"
D,METER_DATA,GEN_DUID,1,"2016/06/20 01:25:00",GERMCRK,39.299999,"2016/06/20 01:20:04"
D,METER_DATA,GEN_DUID,1,"2016/06/20 01:25:00",INVICTA,36.825001,"2016/06/20 01:20:04"
D,METER_DATA,GEN_DUID,1,"2016/06/20 01:25:00",LKBONNY1,18.397728,"2016/06/20 01:20:04"
D,METER_DATA,GEN_DUID,1,"2016/06/20 01:25:00",MBAHNTH,59.756252,"2016/06/20 01:20:04"
D,METER_DATA,GEN_DUID,1,"2016/06/20 01:25:00",MEADOWB2,0,"2016/06/20 01:20:04"
D,METER_DATA,GEN_DUID,1,"2016/06/20 01:25:00",MLWF1,6.18,"2016/06/20 01:20:04"
D,METER_DATA,GEN_DUID,1,"2016/06/20 01:25:00",MTMILLAR,3.006290,"2016/06/20 01:20:04"
D,METER_DATA,GEN_DUID,1,"2016/06/20 01:25:00",PALOONA,23.549999,"2016/06/20 01:20:04"
D,METER_DATA,GEN_DUID,1,"2016/06/20 01:25:00",PORTLAT1,0,"2016/06/20 01:20:04"
D,METER_DATA,GEN_DUID,1,"2016/06/20 01:25:00",PORTWF,60.50,"2016/06/20 01:20:04"
D,METER_DATA,GEN_DUID,1,"2016/06/20 01:25:00",QUERIVE1,-0.11,"2016/06/20 01:20:04"
D,METER_DATA,GEN_DUID,1,"2016/06/20 01:25:00",REPULSE,14.081645,"2016/06/20 01:20:04"
D,METER_DATA,GEN_DUID,1,"2016/06/20 01:25:00",ROWALLAN,10.0465,"2016/06/20 01:20:04"
D,METER_DATA,GEN_DUID,1,"2016/06/20 01:25:00",ROYALLA1,0,"2016/06/20 01:20:04"
D,METER_DATA,GEN_DUID,1,"2016/06/20 01:25:00",RPCG,-0.20,"2016/06/20 01:20:04"
D,METER_DATA,GEN_DUID,1,"2016/06/20 01:25:00",RUBICON,0,"2016/06/20 01:20:04"
D,METER_DATA,GEN_DUID,1,"2016/06/20 01:25:00",STARHLWF,0.699796,"2016/06/20 01:20:04"
D,METER_DATA,GEN_DUID,1,"2016/06/20 01:25:00",WAUBRAWF,152.4160,"2016/06/20 01:20:04"
D,METER_DATA,GEN_DUID,1,"2016/06/20 01:25:00",WOOLNTH1,30.750015,"2016/06/20 01:20:04"
D,METER_DATA,GEN_DUID,1,"2016/06/20 01:25:00",WPWF,0,"2016/06/20 01:20:04"
D,METER_DATA,GEN_DUID,1,"2016/06/20 01:25:00",YAMBUKWF,1.20,"2016/06/20 01:20:04"
D,METER_DATA,GEN_DUID,1,"2016/06/20 01:30:00",BBDISEL1,0,"2016/06/20 01:25:05"
D,METER_DATA,GEN_DUID,1,"2016/06/20 01:30:00",BUTLERSG,7.799998,"2016/06/20 01:25:05"
D,METER_DATA,GEN_DUID,1,"2016/06/20 01:30:00",CALL_A_4,0,"2016/06/20 01:25:05"
D,METER_DATA,GEN_DUID,1,"2016/06/20 01:30:00",CAPTL_WF,0,"2016/06/20 01:25:05"
D,METER_DATA,GEN_DUID,1,"2016/06/20 01:30:00",CATAGUN1,0,"2016/06/20 01:25:05"
D,METER_DATA,GEN_DUID,1,"2016/06/20 01:30:00",CATHROCK,11.36,"2016/06/20 01:25:05"
D,METER_DATA,GEN_DUID,1,"2016/06/20 01:30:00",CHALLHWF,24.799999,"2016/06/20 01:25:05"
D,METER_DATA,GEN_DUID,1,"2016/06/20 01:30:00",CLOVER,24.939999,"2016/06/20 01:25:05"
D,METER_DATA,GEN_DUID,1,"2016/06/20 01:30:00",CLUNY,9.088440,"2016/06/20 01:25:05"
D,METER_DATA,GEN_DUID,1,"2016/06/20 01:30:00",CNUNDAWF,11.913898,"2016/06/20 01:25:05"
D,METER_DATA,GEN_DUID,1,"2016/06/20 01:30:00",CULLRGWF,0.84,"2016/06/20 01:25:05"
D,METER_DATA,GEN_DUID,1,"2016/06/20 01:30:00",ERGT01,0,"2016/06/20 01:25:05"
D,METER_DATA,GEN_DUID,1,"2016/06/20 01:30:00",GB01,0.144474,"2016/06/20 01:25:05"
D,METER_DATA,GEN_DUID,1,"2016/06/20 01:30:00",GEORGTN1,0,"2016/06/20 01:25:05"
D,METER_DATA,GEN_DUID,1,"2016/06/20 01:30:00",GEORGTN2,0,"2016/06/20 01:25:05"
D,METER_DATA,GEN_DUID,1,"2016/06/20 01:30:00",GERMCRK,38.599998,"2016/06/20 01:25:05"
D,METER_DATA,GEN_DUID,1,"2016/06/20 01:30:00",INVICTA,36.825001,"2016/06/20 01:25:05"
D,METER_DATA,GEN_DUID,1,"2016/06/20 01:30:00",LKBONNY1,18.219110,"2016/06/20 01:25:05"
D,METER_DATA,GEN_DUID,1,"2016/06/20 01:30:00",MBAHNTH,59.756252,"2016/06/20 01:25:05"
D,METER_DATA,GEN_DUID,1,"2016/06/20 01:30:00",MEADOWB2,0,"2016/06/20 01:25:05"
D,METER_DATA,GEN_DUID,1,"2016/06/20 01:30:00",MLWF1,6.4950,"2016/06/20 01:25:05"
D,METER_DATA,GEN_DUID,1,"2016/06/20 01:30:00",MTMILLAR,3.259295,"2016/06/20 01:25:05"
D,METER_DATA,GEN_DUID,1,"2016/06/20 01:30:00",PALOONA,23.549999,"2016/06/20 01:25:05"
D,METER_DATA,GEN_DUID,1,"2016/06/20 01:30:00",PORTLAT1,0,"2016/06/20 01:25:05"
D,METER_DATA,GEN_DUID,1,"2016/06/20 01:30:00",PORTWF,60.200001,"2016/06/20 01:25:05"
D,METER_DATA,GEN_DUID,1,"2016/06/20 01:30:00",QUERIVE1,-0.11,"2016/06/20 01:25:05"
D,METER_DATA,GEN_DUID,1,"2016/06/20 01:30:00",REPULSE,13.681490,"2016/06/20 01:25:05"
D,METER_DATA,GEN_DUID,1,"2016/06/20 01:30:00",ROWALLAN,10.0962,"2016/06/20 01:25:05"
D,METER_DATA,GEN_DUID,1,"2016/06/20 01:30:00",ROYALLA1,0,"2016/06/20 01:25:05"
D,METER_DATA,GEN_DUID,1,"2016/06/20 01:30:00",RPCG,-0.20,"2016/06/20 01:25:05"
D,METER_DATA,GEN_DUID,1,"2016/06/20 01:30:00",RUBICON,0,"2016/06/20 01:25:05"
D,METER_DATA,GEN_DUID,1,"2016/06/20 01:30:00",STARHLWF,0.299913,"2016/06/20 01:25:05"
D,METER_DATA,GEN_DUID,1,"2016/06/20 01:30:00",WAUBRAWF,157.5690,"2016/06/20 01:25:05"
D,METER_DATA,GEN_DUID,1,"2016/06/20 01:30:00",WOOLNTH1,31.410015,"2016/06/20 01:25:05"
D,METER_DATA,GEN_DUID,1,"2016/06/20 01:30:00",WPWF,0,"2016/06/20 01:25:05"
D,METER_DATA,GEN_DUID,1,"2016/06/20 01:30:00",YAMBUKWF,1.20,"2016/06/20 01:25:05"
D,METER_DATA,GEN_DUID,1,"2016/06/20 01:35:00",BBDISEL1,0,"2016/06/20 01:30:05"
D,METER_DATA,GEN_DUID,1,"2016/06/20 01:35:00",BUTLERSG,7.799998,"2016/06/20 01:30:05"
D,METER_DATA,GEN_DUID,1,"2016/06/20 01:35:00",CALL_A_4,0,"2016/06/20 01:30:05"
D,METER_DATA,GEN_DUID,1,"2016/06/20 01:35:00",CAPTL_WF,0,"2016/06/20 01:30:05"
D,METER_DATA,GEN_DUID,1,"2016/06/20 01:35:00",CATAGUN1,0,"2016/06/20 01:30:05"
D,METER_DATA,GEN_DUID,1,"2016/06/20 01:35:00",CATHROCK,13.049999,"2016/06/20 01:30:05"
D,METER_DATA,GEN_DUID,1,"2016/06/20 01:35:00",CHALLHWF,25.50,"2016/06/20 01:30:05"
D,METER_DATA,GEN_DUID,1,"2016/06/20 01:35:00",CLOVER,24.65,"2016/06/20 01:30:05"
D,METER_DATA,GEN_DUID,1,"2016/06/20 01:35:00",CLUNY,8.802640,"2016/06/20 01:30:05"
D,METER_DATA,GEN_DUID,1,"2016/06/20 01:35:00",CNUNDAWF,14.416819,"2016/06/20 01:30:05"
D,METER_DATA,GEN_DUID,1,"2016/06/20 01:35:00",CULLRGWF,0.25,"2016/06/20 01:30:05"
D,METER_DATA,GEN_DUID,1,"2016/06/20 01:35:00",ERGT01,0,"2016/06/20 01:30:05"
D,METER_DATA,GEN_DUID,1,"2016/06/20 01:35:00",GB01,0.144474,"2016/06/20 01:30:05"
D,METER_DATA,GEN_DUID,1,"2016/06/20 01:35:00",GEORGTN1,0,"2016/06/20 01:30:05"
D,METER_DATA,GEN_DUID,1,"2016/06/20 01:35:00",GEORGTN2,0,"2016/06/20 01:30:05"
D,METER_DATA,GEN_DUID,1,"2016/06/20 01:35:00",GERMCRK,39.099998,"2016/06/20 01:30:05"
D,METER_DATA,GEN_DUID,1,"2016/06/20 01:35:00",INVICTA,38.075001,"2016/06/20 01:30:05"
D,METER_DATA,GEN_DUID,1,"2016/06/20 01:35:00",LKBONNY1,20.541153,"2016/06/20 01:30:05"
D,METER_DATA,GEN_DUID,1,"2016/06/20 01:35:00",MBAHNTH,59.756252,"2016/06/20 01:30:05"
D,METER_DATA,GEN_DUID,1,"2016/06/20 01:35:00",MEADOWB2,0,"2016/06/20 01:30:05"
D,METER_DATA,GEN_DUID,1,"2016/06/20 01:35:00",MLWF1,6.4950,"2016/06/20 01:30:05"
D,METER_DATA,GEN_DUID,1,"2016/06/20 01:35:00",MTMILLAR,3.378356,"2016/06/20 01:30:05"
D,METER_DATA,GEN_DUID,1,"2016/06/20 01:35:00",PALOONA,23.549999,"2016/06/20 01:30:05"
D,METER_DATA,GEN_DUID,1,"2016/06/20 01:35:00",PORTLAT1,0,"2016/06/20 01:30:05"
D,METER_DATA,GEN_DUID,1,"2016/06/20 01:35:00",PORTWF,61,"2016/06/20 01:30:05"
D,METER_DATA,GEN_DUID,1,"2016/06/20 01:35:00",QUERIVE1,-0.12,"2016/06/20 01:30:05"
D,METER_DATA,GEN_DUID,1,"2016/06/20 01:35:00",REPULSE,13.567160,"2016/06/20 01:30:05"
D,METER_DATA,GEN_DUID,1,"2016/06/20 01:35:00",ROWALLAN,10.1388,"2016/06/20 01:30:05"
D,METER_DATA,GEN_DUID,1,"2016/06/20 01:35:00",ROYALLA1,0,"2016/06/20 01:30:05"
D,METER_DATA,GEN_DUID,1,"2016/06/20 01:35:00",RPCG,-0.20,"2016/06/20 01:30:05"
D,METER_DATA,GEN_DUID,1,"2016/06/20 01:35:00",RUBICON,0,"2016/06/20 01:30:05"
D,METER_DATA,GEN_DUID,1,"2016/06/20 01:35:00",STARHLWF,0,"2016/06/20 01:30:05"
D,METER_DATA,GEN_DUID,1,"2016/06/20 01:35:00",WAUBRAWF,157.970993,"2016/06/20 01:30:05"
D,METER_DATA,GEN_DUID,1,"2016/06/20 01:35:00",WOOLNTH1,30.730017,"2016/06/20 01:30:05"
D,METER_DATA,GEN_DUID,1,"2016/06/20 01:35:00",WPWF,1,"2016/06/20 01:30:05"
D,METER_DATA,GEN_DUID,1,"2016/06/20 01:35:00",YAMBUKWF,1.40,"2016/06/20 01:30:05"
D,METER_DATA,GEN_DUID,1,"2016/06/20 01:40:00",BBDISEL1,0,"2016/06/20 01:35:05"
D,METER_DATA,GEN_DUID,1,"2016/06/20 01:40:00",BUTLERSG,7.799998,"2016/06/20 01:35:05"
D,METER_DATA,GEN_DUID,1,"2016/06/20 01:40:00",CALL_A_4,0,"2016/06/20 01:35:05"
D,METER_DATA,GEN_DUID,1,"2016/06/20 01:40:00",CAPTL_WF,0,"2016/06/20 01:35:05"
D,METER_DATA,GEN_DUID,1,"2016/06/20 01:40:00",CATAGUN1,0,"2016/06/20 01:35:05"
D,METER_DATA,GEN_DUID,1,"2016/06/20 01:40:00",CATHROCK,13.839999,"2016/06/20 01:35:05"
D,METER_DATA,GEN_DUID,1,"2016/06/20 01:40:00",CHALLHWF,27.099998,"2016/06/20 01:35:05"
D,METER_DATA,GEN_DUID,1,"2016/06/20 01:40:00",CLOVER,24.799999,"2016/06/20 01:35:05"
D,METER_DATA,GEN_DUID,1,"2016/06/20 01:40:00",CLUNY,8.874090,"2016/06/20 01:35:05"
D,METER_DATA,GEN_DUID,1,"2016/06/20 01:40:00",CNUNDAWF,15.918570,"2016/06/20 01:35:05"
D,METER_DATA,GEN_DUID,1,"2016/06/20 01:40:00",CULLRGWF,1.84,"2016/06/20 01:35:05"
D,METER_DATA,GEN_DUID,1,"2016/06/20 01:40:00",ERGT01,0,"2016/06/20 01:35:05"
D,METER_DATA,GEN_DUID,1,"2016/06/20 01:40:00",GB01,0.137005,"2016/06/20 01:35:05"
D,METER_DATA,GEN_DUID,1,"2016/06/20 01:40:00",GEORGTN1,0,"2016/06/20 01:35:05"
D,METER_DATA,GEN_DUID,1,"2016/06/20 01:40:00",GEORGTN2,0,"2016/06/20 01:35:05"
D,METER_DATA,GEN_DUID,1,"2016/06/20 01:40:00",GERMCRK,38.799999,"2016/06/20 01:35:05"
D,METER_DATA,GEN_DUID,1,"2016/06/20 01:40:00",INVICTA,38.075001,"2016/06/20 01:35:05"
D,METER_DATA,GEN_DUID,1,"2016/06/20 01:40:00",LKBONNY1,22.416651,"2016/06/20 01:35:05"
D,METER_DATA,GEN_DUID,1,"2016/06/20 01:40:00",MBAHNTH,59.756252,"2016/06/20 01:35:05"
D,METER_DATA,GEN_DUID,1,"2016/06/20 01:40:00",MEADOWB2,0,"2016/06/20 01:35:05"
D,METER_DATA,GEN_DUID,1,"2016/06/20 01:40:00",MLWF1,7.35,"2016/06/20 01:35:05"
D,METER_DATA,GEN_DUID,1,"2016/06/20 01:40:00",MTMILLAR,3.236970,"2016/06/20 01:35:05"
D,METER_DATA,GEN_DUID,1,"2016/06/20 01:40:00",PALOONA,23.85,"2016/06/20 01:35:05"
D,METER_DATA,GEN_DUID,1,"2016/06/20 01:40:00",PORTLAT1,0,"2016/06/20 01:35:05"
D,METER_DATA,GEN_DUID,1,"2016/06/20 01:40:00",PORTWF,56.200001,"2016/06/20 01:35:05"
D,METER_DATA,GEN_DUID,1,"2016/06/20 01:40:00",QUERIVE1,-0.12,"2016/06/20 01:35:05"
D,METER_DATA,GEN_DUID,1,"2016/06/20 01:40:00",REPULSE,14.119755,"2016/06/20 01:35:05"
D,METER_DATA,GEN_DUID,1,"2016/06/20 01:40:00",ROWALLAN,10.1175,"2016/06/20 01:35:05"
D,METER_DATA,GEN_DUID,1,"2016/06/20 01:40:00",ROYALLA1,0,"2016/06/20 01:35:05"
D,METER_DATA,GEN_DUID,1,"2016/06/20 01:40:00",RPCG,-0.20,"2016/06/20 01:35:05"
D,METER_DATA,GEN_DUID,1,"2016/06/20 01:40:00",RUBICON,0,"2016/06/20 01:35:05"
D,METER_DATA,GEN_DUID,1,"2016/06/20 01:40:00",STARHLWF,0.399883,"2016/06/20 01:35:05"
D,METER_DATA,GEN_DUID,1,"2016/06/20 01:40:00",WAUBRAWF,160.0130,"2016/06/20 01:35:05"
D,METER_DATA,GEN_DUID,1,"2016/06/20 01:40:00",WOOLNTH1,29.580017,"2016/06/20 01:35:05"
D,METER_DATA,GEN_DUID,1,"2016/06/20 01:40:00",WPWF,2,"2016/06/20 01:35:05"
D,METER_DATA,GEN_DUID,1,"2016/06/20 01:40:00",YAMBUKWF,1.30,"2016/06/20 01:35:05"
D,METER_DATA,GEN_DUID,1,"2016/06/20 01:45:00",BBDISEL1,0,"2016/06/20 01:40:04"
D,METER_DATA,GEN_DUID,1,"2016/06/20 01:45:00",BUTLERSG,7.799998,"2016/06/20 01:40:04"
D,METER_DATA,GEN_DUID,1,"2016/06/20 01:45:00",CALL_A_4,0,"2016/06/20 01:40:04"
D,METER_DATA,GEN_DUID,1,"2016/06/20 01:45:00",CAPTL_WF,0,"2016/06/20 01:40:04"
D,METER_DATA,GEN_DUID,1,"2016/06/20 01:45:00",CATAGUN1,0,"2016/06/20 01:40:04"
D,METER_DATA,GEN_DUID,1,"2016/06/20 01:45:00",CATHROCK,9.129999,"2016/06/20 01:40:04"
D,METER_DATA,GEN_DUID,1,"2016/06/20 01:45:00",CHALLHWF,28.700001,"2016/06/20 01:40:04"
D,METER_DATA,GEN_DUID,1,"2016/06/20 01:45:00",CLOVER,24.48,"2016/06/20 01:40:04"
D,METER_DATA,GEN_DUID,1,"2016/06/20 01:45:00",CLUNY,8.502550,"2016/06/20 01:40:04"
D,METER_DATA,GEN_DUID,1,"2016/06/20 01:45:00",CNUNDAWF,13.515767,"2016/06/20 01:40:04"
D,METER_DATA,GEN_DUID,1,"2016/06/20 01:45:00",CULLRGWF,3.79,"2016/06/20 01:40:04"
D,METER_DATA,GEN_DUID,1,"2016/06/20 01:45:00",ERGT01,0,"2016/06/20 01:40:04"
D,METER_DATA,GEN_DUID,1,"2016/06/20 01:45:00",GB01,0.137005,"2016/06/20 01:40:04"
D,METER_DATA,GEN_DUID,1,"2016/06/20 01:45:00",GEORGTN1,0,"2016/06/20 01:40:04"
D,METER_DATA,GEN_DUID,1,"2016/06/20 01:45:00",GEORGTN2,0,"2016/06/20 01:40:04"
D,METER_DATA,GEN_DUID,1,"2016/06/20 01:45:00",GERMCRK,38.50,"2016/06/20 01:40:04"
D,METER_DATA,GEN_DUID,1,"2016/06/20 01:45:00",INVICTA,38.075001,"2016/06/20 01:40:04"
D,METER_DATA,GEN_DUID,1,"2016/06/20 01:45:00",LKBONNY1,24.381456,"2016/06/20 01:40:04"
D,METER_DATA,GEN_DUID,1,"2016/06/20 01:45:00",MBAHNTH,59.756252,"2016/06/20 01:40:04"
D,METER_DATA,GEN_DUID,1,"2016/06/20 01:45:00",MEADOWB2,0,"2016/06/20 01:40:04"
D,METER_DATA,GEN_DUID,1,"2016/06/20 01:45:00",MLWF1,7.44,"2016/06/20 01:40:04"
D,METER_DATA,GEN_DUID,1,"2016/06/20 01:45:00",MTMILLAR,3.564388,"2016/06/20 01:40:04"
D,METER_DATA,GEN_DUID,1,"2016/06/20 01:45:00",PALOONA,23.85,"2016/06/20 01:40:04"
D,METER_DATA,GEN_DUID,1,"2016/06/20 01:45:00",PORTLAT1,0,"2016/06/20 01:40:04"
D,METER_DATA,GEN_DUID,1,"2016/06/20 01:45:00",PORTWF,51.700001,"2016/06/20 01:40:04"
D,METER_DATA,GEN_DUID,1,"2016/06/20 01:45:00",QUERIVE1,-0.11,"2016/06/20 01:40:04"
D,METER_DATA,GEN_DUID,1,"2016/06/20 01:45:00",REPULSE,13.452829,"2016/06/20 01:40:04"
D,METER_DATA,GEN_DUID,1,"2016/06/20 01:45:00",ROWALLAN,9.9542,"2016/06/20 01:40:04"
D,METER_DATA,GEN_DUID,1,"2016/06/20 01:45:00",ROYALLA1,0,"2016/06/20 01:40:04"
D,METER_DATA,GEN_DUID,1,"2016/06/20 01:45:00",RPCG,-0.20,"2016/06/20 01:40:04"
D,METER_DATA,GEN_DUID,1,"2016/06/20 01:45:00",RUBICON,0,"2016/06/20 01:40:04"
D,METER_DATA,GEN_DUID,1,"2016/06/20 01:45:00",STARHLWF,1.099679,"2016/06/20 01:40:04"
D,METER_DATA,GEN_DUID,1,"2016/06/20 01:45:00",WAUBRAWF,157.514008,"2016/06/20 01:40:04"
D,METER_DATA,GEN_DUID,1,"2016/06/20 01:45:00",WOOLNTH1,29.450016,"2016/06/20 01:40:04"
D,METER_DATA,GEN_DUID,1,"2016/06/20 01:45:00",WPWF,2,"2016/06/20 01:40:04"
D,METER_DATA,GEN_DUID,1,"2016/06/20 01:45:00",YAMBUKWF,1,"2016/06/20 01:40:04"
D,METER_DATA,GEN_DUID,1,"2016/06/20 01:50:00",BBDISEL1,0,"2016/06/20 01:45:04"
D,METER_DATA,GEN_DUID,1,"2016/06/20 01:50:00",BUTLERSG,7.799998,"2016/06/20 01:45:04"
D,METER_DATA,GEN_DUID,1,"2016/06/20 01:50:00",CALL_A_4,0,"2016/06/20 01:45:04"
D,METER_DATA,GEN_DUID,1,"2016/06/20 01:50:00",CAPTL_WF,0,"2016/06/20 01:45:04"
D,METER_DATA,GEN_DUID,1,"2016/06/20 01:50:00",CATAGUN1,0,"2016/06/20 01:45:04"
D,METER_DATA,GEN_DUID,1,"2016/06/20 01:50:00",CATHROCK,7.059999,"2016/06/20 01:45:04"
D,METER_DATA,GEN_DUID,1,"2016/06/20 01:50:00",CHALLHWF,28.099998,"2016/06/20 01:45:04"
D,METER_DATA,GEN_DUID,1,"2016/06/20 01:50:00",CLOVER,24.73,"2016/06/20 01:45:04"
D,METER_DATA,GEN_DUID,1,"2016/06/20 01:50:00",CLUNY,9.488561,"2016/06/20 01:45:04"
D,METER_DATA,GEN_DUID,1,"2016/06/20 01:50:00",CNUNDAWF,13.816116,"2016/06/20 01:45:04"
D,METER_DATA,GEN_DUID,1,"2016/06/20 01:50:00",CULLRGWF,6.59,"2016/06/20 01:45:04"
D,METER_DATA,GEN_DUID,1,"2016/06/20 01:50:00",ERGT01,0,"2016/06/20 01:45:04"
D,METER_DATA,GEN_DUID,1,"2016/06/20 01:50:00",GB01,0.137005,"2016/06/20 01:45:04"
D,METER_DATA,GEN_DUID,1,"2016/06/20 01:50:00",GEORGTN1,0,"2016/06/20 01:45:04"
D,METER_DATA,GEN_DUID,1,"2016/06/20 01:50:00",GEORGTN2,0,"2016/06/20 01:45:04"
D,METER_DATA,GEN_DUID,1,"2016/06/20 01:50:00",GERMCRK,38.599998,"2016/06/20 01:45:04"
D,METER_DATA,GEN_DUID,1,"2016/06/20 01:50:00",INVICTA,38.075001,"2016/06/20 01:45:04"
D,METER_DATA,GEN_DUID,1,"2016/06/20 01:50:00",LKBONNY1,24.202837,"2016/06/20 01:45:04"
D,METER_DATA,GEN_DUID,1,"2016/06/20 01:50:00",MBAHNTH,59.756252,"2016/06/20 01:45:04"
D,METER_DATA,GEN_DUID,1,"2016/06/20 01:50:00",MEADOWB2,0,"2016/06/20 01:45:04"
D,METER_DATA,GEN_DUID,1,"2016/06/20 01:50:00",MLWF1,8.1750,"2016/06/20 01:45:04"
D,METER_DATA,GEN_DUID,1,"2016/06/20 01:50:00",MTMILLAR,5.335420,"2016/06/20 01:45:04"
D,METER_DATA,GEN_DUID,1,"2016/06/20 01:50:00",PALOONA,23.85,"2016/06/20 01:45:04"
D,METER_DATA,GEN_DUID,1,"2016/06/20 01:50:00",PORTLAT1,0,"2016/06/20 01:45:04"
D,METER_DATA,GEN_DUID,1,"2016/06/20 01:50:00",PORTWF,53.200001,"2016/06/20 01:45:04"
D,METER_DATA,GEN_DUID,1,"2016/06/20 01:50:00",QUERIVE1,-0.12,"2016/06/20 01:45:04"
D,METER_DATA,GEN_DUID,1,"2016/06/20 01:50:00",REPULSE,14.596129,"2016/06/20 01:45:04"
D,METER_DATA,GEN_DUID,1,"2016/06/20 01:50:00",ROWALLAN,10.2169,"2016/06/20 01:45:04"
D,METER_DATA,GEN_DUID,1,"2016/06/20 01:50:00",ROYALLA1,0,"2016/06/20 01:45:04"
D,METER_DATA,GEN_DUID,1,"2016/06/20 01:50:00",RPCG,-0.20,"2016/06/20 01:45:04"
D,METER_DATA,GEN_DUID,1,"2016/06/20 01:50:00",RUBICON,0,"2016/06/20 01:45:04"
D,METER_DATA,GEN_DUID,1,"2016/06/20 01:50:00",STARHLWF,1.899446,"2016/06/20 01:45:04"
D,METER_DATA,GEN_DUID,1,"2016/06/20 01:50:00",WAUBRAWF,155.766998,"2016/06/20 01:45:04"
D,METER_DATA,GEN_DUID,1,"2016/06/20 01:50:00",WOOLNTH1,28.680016,"2016/06/20 01:45:04"
D,METER_DATA,GEN_DUID,1,"2016/06/20 01:50:00",WPWF,2,"2016/06/20 01:45:04"
D,METER_DATA,GEN_DUID,1,"2016/06/20 01:50:00",YAMBUKWF,1.20,"2016/06/20 01:45:04"
D,METER_DATA,GEN_DUID,1,"2016/06/20 01:55:00",BBDISEL1,0,"2016/06/20 01:50:04"
D,METER_DATA,GEN_DUID,1,"2016/06/20 01:55:00",BUTLERSG,7.799998,"2016/06/20 01:50:04"
D,METER_DATA,GEN_DUID,1,"2016/06/20 01:55:00",CALL_A_4,0,"2016/06/20 01:50:04"
D,METER_DATA,GEN_DUID,1,"2016/06/20 01:55:00",CAPTL_WF,0,"2016/06/20 01:50:04"
D,METER_DATA,GEN_DUID,1,"2016/06/20 01:55:00",CATAGUN1,0,"2016/06/20 01:50:04"
D,METER_DATA,GEN_DUID,1,"2016/06/20 01:55:00",CATHROCK,5.67,"2016/06/20 01:50:04"
D,METER_DATA,GEN_DUID,1,"2016/06/20 01:55:00",CHALLHWF,28.90,"2016/06/20 01:50:04"
D,METER_DATA,GEN_DUID,1,"2016/06/20 01:55:00",CLOVER,24.74,"2016/06/20 01:50:04"
D,METER_DATA,GEN_DUID,1,"2016/06/20 01:55:00",CLUNY,8.5740,"2016/06/20 01:50:04"
D,METER_DATA,GEN_DUID,1,"2016/06/20 01:55:00",CNUNDAWF,14.817286,"2016/06/20 01:50:04"
D,METER_DATA,GEN_DUID,1,"2016/06/20 01:55:00",CULLRGWF,4.66,"2016/06/20 01:50:04"
D,METER_DATA,GEN_DUID,1,"2016/06/20 01:55:00",ERGT01,0,"2016/06/20 01:50:04"
D,METER_DATA,GEN_DUID,1,"2016/06/20 01:55:00",GB01,0.137005,"2016/06/20 01:50:04"
D,METER_DATA,GEN_DUID,1,"2016/06/20 01:55:00",GEORGTN1,0,"2016/06/20 01:50:04"
D,METER_DATA,GEN_DUID,1,"2016/06/20 01:55:00",GEORGTN2,0,"2016/06/20 01:50:04"
D,METER_DATA,GEN_DUID,1,"2016/06/20 01:55:00",GERMCRK,38.599998,"2016/06/20 01:50:04"
D,METER_DATA,GEN_DUID,1,"2016/06/20 01:55:00",INVICTA,38.075001,"2016/06/20 01:50:04"
D,METER_DATA,GEN_DUID,1,"2016/06/20 01:55:00",LKBONNY1,26.078335,"2016/06/20 01:50:04"
D,METER_DATA,GEN_DUID,1,"2016/06/20 01:55:00",MBAHNTH,59.756252,"2016/06/20 01:50:04"
D,METER_DATA,GEN_DUID,1,"2016/06/20 01:55:00",MEADOWB2,0,"2016/06/20 01:50:04"
D,METER_DATA,GEN_DUID,1,"2016/06/20 01:55:00",MLWF1,7.89,"2016/06/20 01:50:04"
D,METER_DATA,GEN_DUID,1,"2016/06/20 01:55:00",MTMILLAR,9.003987,"2016/06/20 01:50:04"
D,METER_DATA,GEN_DUID,1,"2016/06/20 01:55:00",PALOONA,23.98,"2016/06/20 01:50:04"
D,METER_DATA,GEN_DUID,1,"2016/06/20 01:55:00",PORTLAT1,0,"2016/06/20 01:50:04"
D,METER_DATA,GEN_DUID,1,"2016/06/20 01:55:00",PORTWF,49.50,"2016/06/20 01:50:04"
D,METER_DATA,GEN_DUID,1,"2016/06/20 01:55:00",QUERIVE1,-0.11,"2016/06/20 01:50:04"
D,METER_DATA,GEN_DUID,1,"2016/06/20 01:55:00",REPULSE,13.586215,"2016/06/20 01:50:04"
D,METER_DATA,GEN_DUID,1,"2016/06/20 01:55:00",ROWALLAN,10.0465,"2016/06/20 01:50:04"
D,METER_DATA,GEN_DUID,1,"2016/06/20 01:55:00",ROYALLA1,0,"2016/06/20 01:50:04"
D,METER_DATA,GEN_DUID,1,"2016/06/20 01:55:00",RPCG,-0.20,"2016/06/20 01:50:04"
D,METER_DATA,GEN_DUID,1,"2016/06/20 01:55:00",RUBICON,0,"2016/06/20 01:50:04"
D,METER_DATA,GEN_DUID,1,"2016/06/20 01:55:00",STARHLWF,1.899446,"2016/06/20 01:50:04"
D,METER_DATA,GEN_DUID,1,"2016/06/20 01:55:00",WAUBRAWF,154.761993,"2016/06/20 01:50:04"
D,METER_DATA,GEN_DUID,1,"2016/06/20 01:55:00",WOOLNTH1,30.450016,"2016/06/20 01:50:04"
D,METER_DATA,GEN_DUID,1,"2016/06/20 01:55:00",WPWF,2,"2016/06/20 01:50:04"
D,METER_DATA,GEN_DUID,1,"2016/06/20 01:55:00",YAMBUKWF,1.10,"2016/06/20 01:50:04"
D,METER_DATA,GEN_DUID,1,"2016/06/20 02:00:00",BBDISEL1,0,"2016/06/20 01:55:05"
D,METER_DATA,GEN_DUID,1,"2016/06/20 02:00:00",BUTLERSG,7.799998,"2016/06/20 01:55:05"
D,METER_DATA,GEN_DUID,1,"2016/06/20 02:00:00",CALL_A_4,0,"2016/06/20 01:55:05"
D,METER_DATA,GEN_DUID,1,"2016/06/20 02:00:00",CAPTL_WF,0,"2016/06/20 01:55:05"
D,METER_DATA,GEN_DUID,1,"2016/06/20 02:00:00",CATAGUN1,0,"2016/06/20 01:55:05"
D,METER_DATA,GEN_DUID,1,"2016/06/20 02:00:00",CATHROCK,3.85,"2016/06/20 01:55:05"
D,METER_DATA,GEN_DUID,1,"2016/06/20 02:00:00",CHALLHWF,31.299999,"2016/06/20 01:55:05"
D,METER_DATA,GEN_DUID,1,"2016/06/20 02:00:00",CLOVER,24.66,"2016/06/20 01:55:05"
D,METER_DATA,GEN_DUID,1,"2016/06/20 02:00:00",CLUNY,8.488260,"2016/06/20 01:55:05"
D,METER_DATA,GEN_DUID,1,"2016/06/20 02:00:00",CNUNDAWF,15.217752,"2016/06/20 01:55:05"
D,METER_DATA,GEN_DUID,1,"2016/06/20 02:00:00",CULLRGWF,3.10,"2016/06/20 01:55:05"
D,METER_DATA,GEN_DUID,1,"2016/06/20 02:00:00",ERGT01,0,"2016/06/20 01:55:05"
D,METER_DATA,GEN_DUID,1,"2016/06/20 02:00:00",GB01,0.137005,"2016/06/20 01:55:05"
D,METER_DATA,GEN_DUID,1,"2016/06/20 02:00:00",GEORGTN1,0,"2016/06/20 01:55:05"
D,METER_DATA,GEN_DUID,1,"2016/06/20 02:00:00",GEORGTN2,0,"2016/06/20 01:55:05"
D,METER_DATA,GEN_DUID,1,"2016/06/20 02:00:00",GERMCRK,37.799999,"2016/06/20 01:55:05"
D,METER_DATA,GEN_DUID,1,"2016/06/20 02:00:00",INVICTA,38.075001,"2016/06/20 01:55:05"
D,METER_DATA,GEN_DUID,1,"2016/06/20 02:00:00",LKBONNY1,29.114853,"2016/06/20 01:55:05"
D,METER_DATA,GEN_DUID,1,"2016/06/20 02:00:00",MBAHNTH,59.756252,"2016/06/20 01:55:05"
D,METER_DATA,GEN_DUID,1,"2016/06/20 02:00:00",MEADOWB2,0,"2016/06/20 01:55:05"
D,METER_DATA,GEN_DUID,1,"2016/06/20 02:00:00",MLWF1,7.4850,"2016/06/20 01:55:05"
D,METER_DATA,GEN_DUID,1,"2016/06/20 02:00:00",MTMILLAR,7.813377,"2016/06/20 01:55:05"
D,METER_DATA,GEN_DUID,1,"2016/06/20 02:00:00",PALOONA,23.92,"2016/06/20 01:55:05"
D,METER_DATA,GEN_DUID,1,"2016/06/20 02:00:00",PORTLAT1,0,"2016/06/20 01:55:05"
D,METER_DATA,GEN_DUID,1,"2016/06/20 02:00:00",PORTWF,47.599998,"2016/06/20 01:55:05"
D,METER_DATA,GEN_DUID,1,"2016/06/20 02:00:00",QUERIVE1,-0.11,"2016/06/20 01:55:05"
D,METER_DATA,GEN_DUID,1,"2016/06/20 02:00:00",REPULSE,13.529050,"2016/06/20 01:55:05"
D,METER_DATA,GEN_DUID,1,"2016/06/20 02:00:00",ROWALLAN,9.9968,"2016/06/20 01:55:05"
D,METER_DATA,GEN_DUID,1,"2016/06/20 02:00:00",ROYALLA1,0,"2016/06/20 01:55:05"
D,METER_DATA,GEN_DUID,1,"2016/06/20 02:00:00",RPCG,-0.20,"2016/06/20 01:55:05"
D,METER_DATA,GEN_DUID,1,"2016/06/20 02:00:00",RUBICON,0,"2016/06/20 01:55:05"
D,METER_DATA,GEN_DUID,1,"2016/06/20 02:00:00",STARHLWF,1.899446,"2016/06/20 01:55:05"
D,METER_DATA,GEN_DUID,1,"2016/06/20 02:00:00",WAUBRAWF,152.024994,"2016/06/20 01:55:05"
D,METER_DATA,GEN_DUID,1,"2016/06/20 02:00:00",WOOLNTH1,29.000015,"2016/06/20 01:55:05"
D,METER_DATA,GEN_DUID,1,"2016/06/20 02:00:00",WPWF,2,"2016/06/20 01:55:05"
D,METER_DATA,GEN_DUID,1,"2016/06/20 02:00:00",YAMBUKWF,1.50,"2016/06/20 01:55:05"
D,METER_DATA,GEN_DUID,1,"2016/06/20 02:05:00",BBDISEL1,0,"2016/06/20 02:00:04"
D,METER_DATA,GEN_DUID,1,"2016/06/20 02:05:00",BUTLERSG,7.799998,"2016/06/20 02:00:04"
D,METER_DATA,GEN_DUID,1,"2016/06/20 02:05:00",CALL_A_4,0,"2016/06/20 02:00:04"
D,METER_DATA,GEN_DUID,1,"2016/06/20 02:05:00",CAPTL_WF,0,"2016/06/20 02:00:04"
D,METER_DATA,GEN_DUID,1,"2016/06/20 02:05:00",CATAGUN1,0,"2016/06/20 02:00:04"
D,METER_DATA,GEN_DUID,1,"2016/06/20 02:05:00",CATHROCK,2.57,"2016/06/20 02:00:04"
D,METER_DATA,GEN_DUID,1,"2016/06/20 02:05:00",CHALLHWF,30.60,"2016/06/20 02:00:04"
D,METER_DATA,GEN_DUID,1,"2016/06/20 02:05:00",CLOVER,24.709999,"2016/06/20 02:00:04"
D,METER_DATA,GEN_DUID,1,"2016/06/20 02:05:00",CLUNY,8.902670,"2016/06/20 02:00:04"
D,METER_DATA,GEN_DUID,1,"2016/06/20 02:05:00",CNUNDAWF,12.514599,"2016/06/20 02:00:04"
D,METER_DATA,GEN_DUID,1,"2016/06/20 02:05:00",CULLRGWF,2.40,"2016/06/20 02:00:04"
D,METER_DATA,GEN_DUID,1,"2016/06/20 02:05:00",ERGT01,0,"2016/06/20 02:00:04"
D,METER_DATA,GEN_DUID,1,"2016/06/20 02:05:00",GB01,0.137005,"2016/06/20 02:00:04"
D,METER_DATA,GEN_DUID,1,"2016/06/20 02:05:00",GEORGTN1,0,"2016/06/20 02:00:04"
D,METER_DATA,GEN_DUID,1,"2016/06/20 02:05:00",GEORGTN2,0,"2016/06/20 02:00:04"
D,METER_DATA,GEN_DUID,1,"2016/06/20 02:05:00",GERMCRK,38.099998,"2016/06/20 02:00:04"
D,METER_DATA,GEN_DUID,1,"2016/06/20 02:05:00",INVICTA,38.075001,"2016/06/20 02:00:04"
D,METER_DATA,GEN_DUID,1,"2016/06/20 02:05:00",LKBONNY1,26.703499,"2016/06/20 02:00:04"
D,METER_DATA,GEN_DUID,1,"2016/06/20 02:05:00",MBAHNTH,59.756252,"2016/06/20 02:00:04"
D,METER_DATA,GEN_DUID,1,"2016/06/20 02:05:00",MEADOWB2,0,"2016/06/20 02:00:04"
D,METER_DATA,GEN_DUID,1,"2016/06/20 02:05:00",MLWF1,7.7250,"2016/06/20 02:00:04"
D,METER_DATA,GEN_DUID,1,"2016/06/20 02:05:00",MTMILLAR,5.521453,"2016/06/20 02:00:04"
D,METER_DATA,GEN_DUID,1,"2016/06/20 02:05:00",PALOONA,23.92,"2016/06/20 02:00:04"
D,METER_DATA,GEN_DUID,1,"2016/06/20 02:05:00",PORTLAT1,0,"2016/06/20 02:00:04"
D,METER_DATA,GEN_DUID,1,"2016/06/20 02:05:00",PORTWF,48.50,"2016/06/20 02:00:04"
D,METER_DATA,GEN_DUID,1,"2016/06/20 02:05:00",QUERIVE1,-0.11,"2016/06/20 02:00:04"
D,METER_DATA,GEN_DUID,1,"2016/06/20 02:05:00",REPULSE,13.7196,"2016/06/20 02:00:04"
D,METER_DATA,GEN_DUID,1,"2016/06/20 02:05:00",ROWALLAN,10.0465,"2016/06/20 02:00:04"
D,METER_DATA,GEN_DUID,1,"2016/06/20 02:05:00",ROYALLA1,0,"2016/06/20 02:00:04"
D,METER_DATA,GEN_DUID,1,"2016/06/20 02:05:00",RPCG,-0.20,"2016/06/20 02:00:04"
D,METER_DATA,GEN_DUID,1,"2016/06/20 02:05:00",RUBICON,0,"2016/06/20 02:00:04"
D,METER_DATA,GEN_DUID,1,"2016/06/20 02:05:00",STARHLWF,1.499563,"2016/06/20 02:00:04"
D,METER_DATA,GEN_DUID,1,"2016/06/20 02:05:00",WAUBRAWF,148.949997,"2016/06/20 02:00:04"
D,METER_DATA,GEN_DUID,1,"2016/06/20 02:05:00",WOOLNTH1,26.200016,"2016/06/20 02:00:04"
D,METER_DATA,GEN_DUID,1,"2016/06/20 02:05:00",WPWF,2,"2016/06/20 02:00:04"
D,METER_DATA,GEN_DUID,1,"2016/06/20 02:05:00",YAMBUKWF,2.20,"2016/06/20 02:00:04"
D,METER_DATA,GEN_DUID,1,"2016/06/20 02:10:00",BBDISEL1,0,"2016/06/20 02:05:05"
D,METER_DATA,GEN_DUID,1,"2016/06/20 02:10:00",BUTLERSG,7.799998,"2016/06/20 02:05:05"
D,METER_DATA,GEN_DUID,1,"2016/06/20 02:10:00",CALL_A_4,0,"2016/06/20 02:05:05"
D,METER_DATA,GEN_DUID,1,"2016/06/20 02:10:00",CAPTL_WF,0,"2016/06/20 02:05:05"
D,METER_DATA,GEN_DUID,1,"2016/06/20 02:10:00",CATAGUN1,0,"2016/06/20 02:05:05"
D,METER_DATA,GEN_DUID,1,"2016/06/20 02:10:00",CATHROCK,2.37,"2016/06/20 02:05:05"
D,METER_DATA,GEN_DUID,1,"2016/06/20 02:10:00",CHALLHWF,31.200001,"2016/06/20 02:05:05"
D,METER_DATA,GEN_DUID,1,"2016/06/20 02:10:00",CLOVER,24.59,"2016/06/20 02:05:05"
D,METER_DATA,GEN_DUID,1,"2016/06/20 02:10:00",CLUNY,8.845510,"2016/06/20 02:05:05"
D,METER_DATA,GEN_DUID,1,"2016/06/20 02:10:00",CNUNDAWF,11.313197,"2016/06/20 02:05:05"
D,METER_DATA,GEN_DUID,1,"2016/06/20 02:10:00",CULLRGWF,1.45,"2016/06/20 02:05:05"
D,METER_DATA,GEN_DUID,1,"2016/06/20 02:10:00",ERGT01,0,"2016/06/20 02:05:05"
D,METER_DATA,GEN_DUID,1,"2016/06/20 02:10:00",GB01,0.137005,"2016/06/20 02:05:05"
D,METER_DATA,GEN_DUID,1,"2016/06/20 02:10:00",GEORGTN1,0,"2016/06/20 02:05:05"
D,METER_DATA,GEN_DUID,1,"2016/06/20 02:10:00",GEORGTN2,0,"2016/06/20 02:05:05"
D,METER_DATA,GEN_DUID,1,"2016/06/20 02:10:00",GERMCRK,38.400002,"2016/06/20 02:05:05"
D,METER_DATA,GEN_DUID,1,"2016/06/20 02:10:00",INVICTA,36.950001,"2016/06/20 02:05:05"
D,METER_DATA,GEN_DUID,1,"2016/06/20 02:10:00",LKBONNY1,22.595268,"2016/06/20 02:05:05"
D,METER_DATA,GEN_DUID,1,"2016/06/20 02:10:00",MBAHNTH,59.756252,"2016/06/20 02:05:05"
D,METER_DATA,GEN_DUID,1,"2016/06/20 02:10:00",MEADOWB2,0,"2016/06/20 02:05:05"
D,METER_DATA,GEN_DUID,1,"2016/06/20 02:10:00",MLWF1,7.9950,"2016/06/20 02:05:05"
D,METER_DATA,GEN_DUID,1,"2016/06/20 02:10:00",MTMILLAR,5.625631,"2016/06/20 02:05:05"
D,METER_DATA,GEN_DUID,1,"2016/06/20 02:10:00",PALOONA,24.41,"2016/06/20 02:05:05"
D,METER_DATA,GEN_DUID,1,"2016/06/20 02:10:00",PORTLAT1,0,"2016/06/20 02:05:05"
D,METER_DATA,GEN_DUID,1,"2016/06/20 02:10:00",PORTWF,46.50,"2016/06/20 02:05:05"
D,METER_DATA,GEN_DUID,1,"2016/06/20 02:10:00",QUERIVE1,-0.12,"2016/06/20 02:05:05"
D,METER_DATA,GEN_DUID,1,"2016/06/20 02:10:00",REPULSE,13.624325,"2016/06/20 02:05:05"
D,METER_DATA,GEN_DUID,1,"2016/06/20 02:10:00",ROWALLAN,10.067801,"2016/06/20 02:05:05"
D,METER_DATA,GEN_DUID,1,"2016/06/20 02:10:00",ROYALLA1,0,"2016/06/20 02:05:05"
D,METER_DATA,GEN_DUID,1,"2016/06/20 02:10:00",RPCG,-0.20,"2016/06/20 02:05:05"
D,METER_DATA,GEN_DUID,1,"2016/06/20 02:10:00",RUBICON,0,"2016/06/20 02:05:05"
D,METER_DATA,GEN_DUID,1,"2016/06/20 02:10:00",STARHLWF,2.699213,"2016/06/20 02:05:05"
D,METER_DATA,GEN_DUID,1,"2016/06/20 02:10:00",WAUBRAWF,141.731995,"2016/06/20 02:05:05"
D,METER_DATA,GEN_DUID,1,"2016/06/20 02:10:00",WOOLNTH1,22.720016,"2016/06/20 02:05:05"
D,METER_DATA,GEN_DUID,1,"2016/06/20 02:10:00",WPWF,2,"2016/06/20 02:05:05"
D,METER_DATA,GEN_DUID,1,"2016/06/20 02:10:00",YAMBUKWF,1.90,"2016/06/20 02:05:05"
D,METER_DATA,GEN_DUID,1,"2016/06/20 02:15:00",BBDISEL1,0,"2016/06/20 02:10:04"
D,METER_DATA,GEN_DUID,1,"2016/06/20 02:15:00",BUTLERSG,7.799998,"2016/06/20 02:10:04"
D,METER_DATA,GEN_DUID,1,"2016/06/20 02:15:00",CALL_A_4,0,"2016/06/20 02:10:04"
D,METER_DATA,GEN_DUID,1,"2016/06/20 02:15:00",CAPTL_WF,0,"2016/06/20 02:10:04"
D,METER_DATA,GEN_DUID,1,"2016/06/20 02:15:00",CATAGUN1,0,"2016/06/20 02:10:04"
D,METER_DATA,GEN_DUID,1,"2016/06/20 02:15:00",CATHROCK,2.36,"2016/06/20 02:10:04"
D,METER_DATA,GEN_DUID,1,"2016/06/20 02:15:00",CHALLHWF,30.90,"2016/06/20 02:10:04"
D,METER_DATA,GEN_DUID,1,"2016/06/20 02:15:00",CLOVER,24.700001,"2016/06/20 02:10:04"
D,METER_DATA,GEN_DUID,1,"2016/06/20 02:15:00",CLUNY,8.874090,"2016/06/20 02:10:04"
D,METER_DATA,GEN_DUID,1,"2016/06/20 02:15:00",CNUNDAWF,10.011679,"2016/06/20 02:10:04"
D,METER_DATA,GEN_DUID,1,"2016/06/20 02:15:00",CULLRGWF,1.02,"2016/06/20 02:10:04"
D,METER_DATA,GEN_DUID,1,"2016/06/20 02:15:00",ERGT01,0,"2016/06/20 02:10:04"
D,METER_DATA,GEN_DUID,1,"2016/06/20 02:15:00",GB01,0.137005,"2016/06/20 02:10:04"
D,METER_DATA,GEN_DUID,1,"2016/06/20 02:15:00",GEORGTN1,0,"2016/06/20 02:10:04"
D,METER_DATA,GEN_DUID,1,"2016/06/20 02:15:00",GEORGTN2,0,"2016/06/20 02:10:04"
D,METER_DATA,GEN_DUID,1,"2016/06/20 02:15:00",GERMCRK,38.50,"2016/06/20 02:10:04"
D,METER_DATA,GEN_DUID,1,"2016/06/20 02:15:00",INVICTA,36.950001,"2016/06/20 02:10:04"
D,METER_DATA,GEN_DUID,1,"2016/06/20 02:15:00",LKBONNY1,22.505960,"2016/06/20 02:10:04"
D,METER_DATA,GEN_DUID,1,"2016/06/20 02:15:00",MBAHNTH,59.756252,"2016/06/20 02:10:04"
D,METER_DATA,GEN_DUID,1,"2016/06/20 02:15:00",MEADOWB2,0,"2016/06/20 02:10:04"
D,METER_DATA,GEN_DUID,1,"2016/06/20 02:15:00",MLWF1,8.3850,"2016/06/20 02:10:04"
D,METER_DATA,GEN_DUID,1,"2016/06/20 02:15:00",MTMILLAR,9.182578,"2016/06/20 02:10:04"
D,METER_DATA,GEN_DUID,1,"2016/06/20 02:15:00",PALOONA,24.16,"2016/06/20 02:10:04"
D,METER_DATA,GEN_DUID,1,"2016/06/20 02:15:00",PORTLAT1,0,"2016/06/20 02:10:04"
D,METER_DATA,GEN_DUID,1,"2016/06/20 02:15:00",PORTWF,42,"2016/06/20 02:10:04"
D,METER_DATA,GEN_DUID,1,"2016/06/20 02:15:00",QUERIVE1,-0.12,"2016/06/20 02:10:04"
D,METER_DATA,GEN_DUID,1,"2016/06/20 02:15:00",REPULSE,14.519910,"2016/06/20 02:10:04"
D,METER_DATA,GEN_DUID,1,"2016/06/20 02:15:00",ROWALLAN,10.131701,"2016/06/20 02:10:04"
D,METER_DATA,GEN_DUID,1,"2016/06/20 02:15:00",ROYALLA1,0,"2016/06/20 02:10:04"
D,METER_DATA,GEN_DUID,1,"2016/06/20 02:15:00",RPCG,-0.20,"2016/06/20 02:10:04"
D,METER_DATA,GEN_DUID,1,"2016/06/20 02:15:00",RUBICON,0,"2016/06/20 02:10:04"
D,METER_DATA,GEN_DUID,1,"2016/06/20 02:15:00",STARHLWF,2.799184,"2016/06/20 02:10:04"
D,METER_DATA,GEN_DUID,1,"2016/06/20 02:15:00",WAUBRAWF,143.186996,"2016/06/20 02:10:04"
D,METER_DATA,GEN_DUID,1,"2016/06/20 02:15:00",WOOLNTH1,22.970016,"2016/06/20 02:10:04"
D,METER_DATA,GEN_DUID,1,"2016/06/20 02:15:00",WPWF,2,"2016/06/20 02:10:04"
D,METER_DATA,GEN_DUID,1,"2016/06/20 02:15:00",YAMBUKWF,1.70,"2016/06/20 02:10:04"
D,METER_DATA,GEN_DUID,1,"2016/06/20 02:20:00",BBDISEL1,0,"2016/06/20 02:15:04"
D,METER_DATA,GEN_DUID,1,"2016/06/20 02:20:00",BUTLERSG,7.799998,"2016/06/20 02:15:04"
D,METER_DATA,GEN_DUID,1,"2016/06/20 02:20:00",CALL_A_4,0,"2016/06/20 02:15:04"
D,METER_DATA,GEN_DUID,1,"2016/06/20 02:20:00",CAPTL_WF,0,"2016/06/20 02:15:04"
D,METER_DATA,GEN_DUID,1,"2016/06/20 02:20:00",CATAGUN1,0,"2016/06/20 02:15:04"
D,METER_DATA,GEN_DUID,1,"2016/06/20 02:20:00",CATHROCK,0,"2016/06/20 02:15:04"
D,METER_DATA,GEN_DUID,1,"2016/06/20 02:20:00",CHALLHWF,30.50,"2016/06/20 02:15:04"
D,METER_DATA,GEN_DUID,1,"2016/06/20 02:20:00",CLOVER,24.599998,"2016/06/20 02:15:04"
D,METER_DATA,GEN_DUID,1,"2016/06/20 02:20:00",CLUNY,8.845510,"2016/06/20 02:15:04"
D,METER_DATA,GEN_DUID,1,"2016/06/20 02:20:00",CNUNDAWF,10.712497,"2016/06/20 02:15:04"
D,METER_DATA,GEN_DUID,1,"2016/06/20 02:20:00",CULLRGWF,0.57,"2016/06/20 02:15:04"
D,METER_DATA,GEN_DUID,1,"2016/06/20 02:20:00",ERGT01,0,"2016/06/20 02:15:04"
D,METER_DATA,GEN_DUID,1,"2016/06/20 02:20:00",GB01,0.137005,"2016/06/20 02:15:04"
D,METER_DATA,GEN_DUID,1,"2016/06/20 02:20:00",GEORGTN1,0,"2016/06/20 02:15:04"
D,METER_DATA,GEN_DUID,1,"2016/06/20 02:20:00",GEORGTN2,0,"2016/06/20 02:15:04"
D,METER_DATA,GEN_DUID,1,"2016/06/20 02:20:00",GERMCRK,38.200001,"2016/06/20 02:15:04"
D,METER_DATA,GEN_DUID,1,"2016/06/20 02:20:00",INVICTA,36.950001,"2016/06/20 02:15:04"
D,METER_DATA,GEN_DUID,1,"2016/06/20 02:20:00",LKBONNY1,20.451843,"2016/06/20 02:15:04"
D,METER_DATA,GEN_DUID,1,"2016/06/20 02:20:00",MBAHNTH,59.756252,"2016/06/20 02:15:04"
D,METER_DATA,GEN_DUID,1,"2016/06/20 02:20:00",MEADOWB2,0,"2016/06/20 02:15:04"
D,METER_DATA,GEN_DUID,1,"2016/06/20 02:20:00",MLWF1,8.2050,"2016/06/20 02:15:04"
D,METER_DATA,GEN_DUID,1,"2016/06/20 02:20:00",MTMILLAR,8.847719,"2016/06/20 02:15:04"
D,METER_DATA,GEN_DUID,1,"2016/06/20 02:20:00",PALOONA,24.16,"2016/06/20 02:15:04"
D,METER_DATA,GEN_DUID,1,"2016/06/20 02:20:00",PORTLAT1,0,"2016/06/20 02:15:04"
D,METER_DATA,GEN_DUID,1,"2016/06/20 02:20:00",PORTWF,37.400002,"2016/06/20 02:15:04"
D,METER_DATA,GEN_DUID,1,"2016/06/20 02:20:00",QUERIVE1,-0.11,"2016/06/20 02:15:04"
D,METER_DATA,GEN_DUID,1,"2016/06/20 02:20:00",REPULSE,13.967315,"2016/06/20 02:15:04"
D,METER_DATA,GEN_DUID,1,"2016/06/20 02:20:00",ROWALLAN,10.003901,"2016/06/20 02:15:04"
D,METER_DATA,GEN_DUID,1,"2016/06/20 02:20:00",ROYALLA1,0,"2016/06/20 02:15:04"
D,METER_DATA,GEN_DUID,1,"2016/06/20 02:20:00",RPCG,-0.20,"2016/06/20 02:15:04"
D,METER_DATA,GEN_DUID,1,"2016/06/20 02:20:00",RUBICON,0,"2016/06/20 02:15:04"
D,METER_DATA,GEN_DUID,1,"2016/06/20 02:20:00",STARHLWF,2.699213,"2016/06/20 02:15:04"
D,METER_DATA,GEN_DUID,1,"2016/06/20 02:20:00",WAUBRAWF,145.826004,"2016/06/20 02:15:04"
D,METER_DATA,GEN_DUID,1,"2016/06/20 02:20:00",WOOLNTH1,22.340015,"2016/06/20 02:15:04"
D,METER_DATA,GEN_DUID,1,"2016/06/20 02:20:00",WPWF,3,"2016/06/20 02:15:04"
D,METER_DATA,GEN_DUID,1,"2016/06/20 02:20:00",YAMBUKWF,1.50,"2016/06/20 02:15:04"
D,METER_DATA,GEN_DUID,1,"2016/06/20 02:25:00",BBDISEL1,0,"2016/06/20 02:20:05"
D,METER_DATA,GEN_DUID,1,"2016/06/20 02:25:00",BUTLERSG,7.799998,"2016/06/20 02:20:05"
D,METER_DATA,GEN_DUID,1,"2016/06/20 02:25:00",CALL_A_4,0,"2016/06/20 02:20:05"
D,METER_DATA,GEN_DUID,1,"2016/06/20 02:25:00",CAPTL_WF,0,"2016/06/20 02:20:05"
D,METER_DATA,GEN_DUID,1,"2016/06/20 02:25:00",CATAGUN1,0,"2016/06/20 02:20:05"
D,METER_DATA,GEN_DUID,1,"2016/06/20 02:25:00",CATHROCK,0,"2016/06/20 02:20:05"
D,METER_DATA,GEN_DUID,1,"2016/06/20 02:25:00",CHALLHWF,29.700001,"2016/06/20 02:20:05"
D,METER_DATA,GEN_DUID,1,"2016/06/20 02:25:00",CLOVER,25.029999,"2016/06/20 02:20:05"
D,METER_DATA,GEN_DUID,1,"2016/06/20 02:25:00",CLUNY,9.274210,"2016/06/20 02:20:05"
D,METER_DATA,GEN_DUID,1,"2016/06/20 02:25:00",CNUNDAWF,10.111795,"2016/06/20 02:20:05"
D,METER_DATA,GEN_DUID,1,"2016/06/20 02:25:00",CULLRGWF,0,"2016/06/20 02:20:05"
D,METER_DATA,GEN_DUID,1,"2016/06/20 02:25:00",ERGT01,0,"2016/06/20 02:20:05"
D,METER_DATA,GEN_DUID,1,"2016/06/20 02:25:00",GB01,0.137417,"2016/06/20 02:20:05"
D,METER_DATA,GEN_DUID,1,"2016/06/20 02:25:00",GEORGTN1,0,"2016/06/20 02:20:05"
D,METER_DATA,GEN_DUID,1,"2016/06/20 02:25:00",GEORGTN2,0,"2016/06/20 02:20:05"
D,METER_DATA,GEN_DUID,1,"2016/06/20 02:25:00",GERMCRK,38.599998,"2016/06/20 02:20:05"
D,METER_DATA,GEN_DUID,1,"2016/06/20 02:25:00",INVICTA,36.950001,"2016/06/20 02:20:05"
D,METER_DATA,GEN_DUID,1,"2016/06/20 02:25:00",LKBONNY1,20.183916,"2016/06/20 02:20:05"
D,METER_DATA,GEN_DUID,1,"2016/06/20 02:25:00",MBAHNTH,59.756252,"2016/06/20 02:20:05"
D,METER_DATA,GEN_DUID,1,"2016/06/20 02:25:00",MEADOWB2,0,"2016/06/20 02:20:05"
D,METER_DATA,GEN_DUID,1,"2016/06/20 02:25:00",MLWF1,7.26,"2016/06/20 02:20:05"
D,METER_DATA,GEN_DUID,1,"2016/06/20 02:25:00",MTMILLAR,9.651381,"2016/06/20 02:20:05"
D,METER_DATA,GEN_DUID,1,"2016/06/20 02:25:00",PALOONA,24.16,"2016/06/20 02:20:05"
D,METER_DATA,GEN_DUID,1,"2016/06/20 02:25:00",PORTLAT1,0,"2016/06/20 02:20:05"
D,METER_DATA,GEN_DUID,1,"2016/06/20 02:25:00",PORTWF,38.400002,"2016/06/20 02:20:05"
D,METER_DATA,GEN_DUID,1,"2016/06/20 02:25:00",QUERIVE1,-0.12,"2016/06/20 02:20:05"
D,METER_DATA,GEN_DUID,1,"2016/06/20 02:25:00",REPULSE,14.615185,"2016/06/20 02:20:05"
D,METER_DATA,GEN_DUID,1,"2016/06/20 02:25:00",ROWALLAN,10.2524,"2016/06/20 02:20:05"
D,METER_DATA,GEN_DUID,1,"2016/06/20 02:25:00",ROYALLA1,0,"2016/06/20 02:20:05"
D,METER_DATA,GEN_DUID,1,"2016/06/20 02:25:00",RPCG,-0.20,"2016/06/20 02:20:05"
D,METER_DATA,GEN_DUID,1,"2016/06/20 02:25:00",RUBICON,0,"2016/06/20 02:20:05"
D,METER_DATA,GEN_DUID,1,"2016/06/20 02:25:00",STARHLWF,2.299330,"2016/06/20 02:20:05"
D,METER_DATA,GEN_DUID,1,"2016/06/20 02:25:00",WAUBRAWF,135.619995,"2016/06/20 02:20:05"
D,METER_DATA,GEN_DUID,1,"2016/06/20 02:25:00",WOOLNTH1,21.460014,"2016/06/20 02:20:05"
D,METER_DATA,GEN_DUID,1,"2016/06/20 02:25:00",WPWF,4,"2016/06/20 02:20:05"
D,METER_DATA,GEN_DUID,1,"2016/06/20 02:25:00",YAMBUKWF,1.30,"2016/06/20 02:20:05"
D,METER_DATA,GEN_DUID,1,"2016/06/20 02:30:00",BBDISEL1,0,"2016/06/20 02:25:05"
D,METER_DATA,GEN_DUID,1,"2016/06/20 02:30:00",BUTLERSG,7.799998,"2016/06/20 02:25:05"
D,METER_DATA,GEN_DUID,1,"2016/06/20 02:30:00",CALL_A_4,0,"2016/06/20 02:25:05"
D,METER_DATA,GEN_DUID,1,"2016/06/20 02:30:00",CATAGUN1,0,"2016/06/20 02:25:05"
D,METER_DATA,GEN_DUID,1,"2016/06/20 02:30:00",CATHROCK,0,"2016/06/20 02:25:05"
D,METER_DATA,GEN_DUID,1,"2016/06/20 02:30:00",CHALLHWF,27.900002,"2016/06/20 02:25:05"
D,METER_DATA,GEN_DUID,1,"2016/06/20 02:30:00",CLOVER,24.60,"2016/06/20 02:25:05"
D,METER_DATA,GEN_DUID,1,"2016/06/20 02:30:00",CLUNY,8.8598,"2016/06/20 02:25:05"
D,METER_DATA,GEN_DUID,1,"2016/06/20 02:30:00",CNUNDAWF,10.111795,"2016/06/20 02:25:05"
D,METER_DATA,GEN_DUID,1,"2016/06/20 02:30:00",CULLRGWF,-0.07,"2016/06/20 02:25:05"
D,METER_DATA,GEN_DUID,1,"2016/06/20 02:30:00",ERGT01,0,"2016/06/20 02:25:05"
D,METER_DATA,GEN_DUID,1,"2016/06/20 02:30:00",GB01,0.137417,"2016/06/20 02:25:05"
D,METER_DATA,GEN_DUID,1,"2016/06/20 02:30:00",GEORGTN1,0,"2016/06/20 02:25:05"
D,METER_DATA,GEN_DUID,1,"2016/06/20 02:30:00",GEORGTN2,0,"2016/06/20 02:25:05"
D,METER_DATA,GEN_DUID,1,"2016/06/20 02:30:00",GERMCRK,38.299999,"2016/06/20 02:25:05"
D,METER_DATA,GEN_DUID,1,"2016/06/20 02:30:00",INVICTA,36.950001,"2016/06/20 02:25:05"
D,METER_DATA,GEN_DUID,1,"2016/06/20 02:30:00",LKBONNY1,17.772564,"2016/06/20 02:25:05"
D,METER_DATA,GEN_DUID,1,"2016/06/20 02:30:00",MBAHNTH,59.756252,"2016/06/20 02:25:05"
D,METER_DATA,GEN_DUID,1,"2016/06/20 02:30:00",MEADOWB2,0,"2016/06/20 02:25:05"
D,METER_DATA,GEN_DUID,1,"2016/06/20 02:30:00",MLWF1,7.08,"2016/06/20 02:25:05"
D,METER_DATA,GEN_DUID,1,"2016/06/20 02:30:00",MTMILLAR,10.648517,"2016/06/20 02:25:05"
D,METER_DATA,GEN_DUID,1,"2016/06/20 02:30:00",PALOONA,24.08,"2016/06/20 02:25:05"
D,METER_DATA,GEN_DUID,1,"2016/06/20 02:30:00",PORTLAT1,0,"2016/06/20 02:25:05"
D,METER_DATA,GEN_DUID,1,"2016/06/20 02:30:00",PORTWF,34.099998,"2016/06/20 02:25:05"
D,METER_DATA,GEN_DUID,1,"2016/06/20 02:30:00",QUERIVE1,-0.11,"2016/06/20 02:25:05"
D,METER_DATA,GEN_DUID,1,"2016/06/20 02:30:00",REPULSE,13.262280,"2016/06/20 02:25:05"
D,METER_DATA,GEN_DUID,1,"2016/06/20 02:30:00",ROWALLAN,10.1175,"2016/06/20 02:25:05"
D,METER_DATA,GEN_DUID,1,"2016/06/20 02:30:00",ROYALLA1,0,"2016/06/20 02:25:05"
D,METER_DATA,GEN_DUID,1,"2016/06/20 02:30:00",RPCG,-0.20,"2016/06/20 02:25:05"
D,METER_DATA,GEN_DUID,1,"2016/06/20 02:30:00",RUBICON,0,"2016/06/20 02:25:05"
D,METER_DATA,GEN_DUID,1,"2016/06/20 02:30:00",STARHLWF,1.899446,"2016/06/20 02:25:05"
D,METER_DATA,GEN_DUID,1,"2016/06/20 02:30:00",WAUBRAWF,134.024002,"2016/06/20 02:25:05"
D,METER_DATA,GEN_DUID,1,"2016/06/20 02:30:00",WOOLNTH1,21.440016,"2016/06/20 02:25:05"
D,METER_DATA,GEN_DUID,1,"2016/06/20 02:30:00",WPWF,4,"2016/06/20 02:25:05"
D,METER_DATA,GEN_DUID,1,"2016/06/20 02:30:00",YAMBUKWF,1.40,"2016/06/20 02:25:05"
D,METER_DATA,GEN_DUID,1,"2016/06/20 02:35:00",BBDISEL1,0,"2016/06/20 02:30:05"
D,METER_DATA,GEN_DUID,1,"2016/06/20 02:35:00",BUTLERSG,7.799998,"2016/06/20 02:30:05"
D,METER_DATA,GEN_DUID,1,"2016/06/20 02:35:00",CALL_A_4,0,"2016/06/20 02:30:05"
D,METER_DATA,GEN_DUID,1,"2016/06/20 02:35:00",CAPTL_WF,0,"2016/06/20 02:30:05"
D,METER_DATA,GEN_DUID,1,"2016/06/20 02:35:00",CATAGUN1,0,"2016/06/20 02:30:05"
D,METER_DATA,GEN_DUID,1,"2016/06/20 02:35:00",CATHROCK,0,"2016/06/20 02:30:05"
D,METER_DATA,GEN_DUID,1,"2016/06/20 02:35:00",CHALLHWF,26.50,"2016/06/20 02:30:05"
D,METER_DATA,GEN_DUID,1,"2016/06/20 02:35:00",CLOVER,24.75,"2016/06/20 02:30:05"
D,METER_DATA,GEN_DUID,1,"2016/06/20 02:35:00",CLUNY,8.845510,"2016/06/20 02:30:05"
D,METER_DATA,GEN_DUID,1,"2016/06/20 02:35:00",CNUNDAWF,11.413315,"2016/06/20 02:30:05"
D,METER_DATA,GEN_DUID,1,"2016/06/20 02:35:00",CULLRGWF,-0.10,"2016/06/20 02:30:05"
D,METER_DATA,GEN_DUID,1,"2016/06/20 02:35:00",ERGT01,0,"2016/06/20 02:30:05"
D,METER_DATA,GEN_DUID,1,"2016/06/20 02:35:00",GB01,0.137417,"2016/06/20 02:30:05"
D,METER_DATA,GEN_DUID,1,"2016/06/20 02:35:00",GEORGTN1,0,"2016/06/20 02:30:05"
D,METER_DATA,GEN_DUID,1,"2016/06/20 02:35:00",GEORGTN2,0,"2016/06/20 02:30:05"
D,METER_DATA,GEN_DUID,1,"2016/06/20 02:35:00",GERMCRK,38.400002,"2016/06/20 02:30:05"
D,METER_DATA,GEN_DUID,1,"2016/06/20 02:35:00",INVICTA,36.950001,"2016/06/20 02:30:05"
D,METER_DATA,GEN_DUID,1,"2016/06/20 02:35:00",LKBONNY1,15.629139,"2016/06/20 02:30:05"
D,METER_DATA,GEN_DUID,1,"2016/06/20 02:35:00",MBAHNTH,59.756252,"2016/06/20 02:30:05"
D,METER_DATA,GEN_DUID,1,"2016/06/20 02:35:00",MEADOWB2,0,"2016/06/20 02:30:05"
D,METER_DATA,GEN_DUID,1,"2016/06/20 02:35:00",MLWF1,6.30,"2016/06/20 02:30:05"
D,METER_DATA,GEN_DUID,1,"2016/06/20 02:35:00",MTMILLAR,11.831685,"2016/06/20 02:30:05"
D,METER_DATA,GEN_DUID,1,"2016/06/20 02:35:00",PALOONA,24.139999,"2016/06/20 02:30:05"
D,METER_DATA,GEN_DUID,1,"2016/06/20 02:35:00",PORTLAT1,0,"2016/06/20 02:30:05"
D,METER_DATA,GEN_DUID,1,"2016/06/20 02:35:00",PORTWF,33,"2016/06/20 02:30:05"
D,METER_DATA,GEN_DUID,1,"2016/06/20 02:35:00",QUERIVE1,-0.11,"2016/06/20 02:30:05"
D,METER_DATA,GEN_DUID,1,"2016/06/20 02:35:00",REPULSE,15.072505,"2016/06/20 02:30:05"
D,METER_DATA,GEN_DUID,1,"2016/06/20 02:35:00",ROWALLAN,10.1743,"2016/06/20 02:30:05"
D,METER_DATA,GEN_DUID,1,"2016/06/20 02:35:00",ROYALLA1,0,"2016/06/20 02:30:05"
D,METER_DATA,GEN_DUID,1,"2016/06/20 02:35:00",RPCG,-0.20,"2016/06/20 02:30:05"
D,METER_DATA,GEN_DUID,1,"2016/06/20 02:35:00",RUBICON,0,"2016/06/20 02:30:05"
D,METER_DATA,GEN_DUID,1,"2016/06/20 02:35:00",STARHLWF,1.499563,"2016/06/20 02:30:05"
D,METER_DATA,GEN_DUID,1,"2016/06/20 02:35:00",WAUBRAWF,125.123001,"2016/06/20 02:30:05"
D,METER_DATA,GEN_DUID,1,"2016/06/20 02:35:00",WOOLNTH1,21.440016,"2016/06/20 02:30:05"
D,METER_DATA,GEN_DUID,1,"2016/06/20 02:35:00",WPWF,3,"2016/06/20 02:30:05"
D,METER_DATA,GEN_DUID,1,"2016/06/20 02:35:00",YAMBUKWF,1.70,"2016/06/20 02:30:05"
D,METER_DATA,GEN_DUID,1,"2016/06/20 02:40:00",BBDISEL1,0,"2016/06/20 02:35:04"
D,METER_DATA,GEN_DUID,1,"2016/06/20 02:40:00",BUTLERSG,7.799998,"2016/06/20 02:35:04"
D,METER_DATA,GEN_DUID,1,"2016/06/20 02:40:00",CALL_A_4,0,"2016/06/20 02:35:04"
D,METER_DATA,GEN_DUID,1,"2016/06/20 02:40:00",CAPTL_WF,0,"2016/06/20 02:35:04"
D,METER_DATA,GEN_DUID,1,"2016/06/20 02:40:00",CATAGUN1,0,"2016/06/20 02:35:04"
D,METER_DATA,GEN_DUID,1,"2016/06/20 02:40:00",CATHROCK,0,"2016/06/20 02:35:04"
D,METER_DATA,GEN_DUID,1,"2016/06/20 02:40:00",CHALLHWF,24.599998,"2016/06/20 02:35:04"
D,METER_DATA,GEN_DUID,1,"2016/06/20 02:40:00",CLOVER,24.93,"2016/06/20 02:35:04"
D,METER_DATA,GEN_DUID,1,"2016/06/20 02:40:00",CLUNY,9.016991,"2016/06/20 02:35:04"
D,METER_DATA,GEN_DUID,1,"2016/06/20 02:40:00",CNUNDAWF,12.414482,"2016/06/20 02:35:04"
D,METER_DATA,GEN_DUID,1,"2016/06/20 02:40:00",CULLRGWF,-0.06,"2016/06/20 02:35:04"
D,METER_DATA,GEN_DUID,1,"2016/06/20 02:40:00",ERGT01,0,"2016/06/20 02:35:04"
D,METER_DATA,GEN_DUID,1,"2016/06/20 02:40:00",GB01,0.137417,"2016/06/20 02:35:04"
D,METER_DATA,GEN_DUID,1,"2016/06/20 02:40:00",GEORGTN1,0,"2016/06/20 02:35:04"
D,METER_DATA,GEN_DUID,1,"2016/06/20 02:40:00",GEORGTN2,0,"2016/06/20 02:35:04"
D,METER_DATA,GEN_DUID,1,"2016/06/20 02:40:00",GERMCRK,37.799999,"2016/06/20 02:35:04"
D,METER_DATA,GEN_DUID,1,"2016/06/20 02:40:00",INVICTA,36.950001,"2016/06/20 02:35:04"
D,METER_DATA,GEN_DUID,1,"2016/06/20 02:40:00",LKBONNY1,16.254305,"2016/06/20 02:35:04"
D,METER_DATA,GEN_DUID,1,"2016/06/20 02:40:00",MBAHNTH,59.756252,"2016/06/20 02:35:04"
D,METER_DATA,GEN_DUID,1,"2016/06/20 02:40:00",MEADOWB2,0,"2016/06/20 02:35:04"
D,METER_DATA,GEN_DUID,1,"2016/06/20 02:40:00",MLWF1,6.0750,"2016/06/20 02:35:04"
D,METER_DATA,GEN_DUID,1,"2016/06/20 02:40:00",MTMILLAR,14.279877,"2016/06/20 02:35:04"
D,METER_DATA,GEN_DUID,1,"2016/06/20 02:40:00",PALOONA,24.139999,"2016/06/20 02:35:04"
D,METER_DATA,GEN_DUID,1,"2016/06/20 02:40:00",PORTLAT1,0,"2016/06/20 02:35:04"
D,METER_DATA,GEN_DUID,1,"2016/06/20 02:40:00",PORTWF,31.10,"2016/06/20 02:35:04"
D,METER_DATA,GEN_DUID,1,"2016/06/20 02:40:00",QUERIVE1,-0.11,"2016/06/20 02:35:04"
D,METER_DATA,GEN_DUID,1,"2016/06/20 02:40:00",REPULSE,13.700544,"2016/06/20 02:35:04"
D,METER_DATA,GEN_DUID,1,"2016/06/20 02:40:00",ROWALLAN,10.1885,"2016/06/20 02:35:04"
D,METER_DATA,GEN_DUID,1,"2016/06/20 02:40:00",ROYALLA1,0,"2016/06/20 02:35:04"
D,METER_DATA,GEN_DUID,1,"2016/06/20 02:40:00",RPCG,-0.20,"2016/06/20 02:35:04"
D,METER_DATA,GEN_DUID,1,"2016/06/20 02:40:00",RUBICON,0,"2016/06/20 02:35:04"
D,METER_DATA,GEN_DUID,1,"2016/06/20 02:40:00",STARHLWF,1.099679,"2016/06/20 02:35:04"
D,METER_DATA,GEN_DUID,1,"2016/06/20 02:40:00",WAUBRAWF,117.933998,"2016/06/20 02:35:04"
D,METER_DATA,GEN_DUID,1,"2016/06/20 02:40:00",WOOLNTH1,21.430016,"2016/06/20 02:35:04"
D,METER_DATA,GEN_DUID,1,"2016/06/20 02:40:00",WPWF,2,"2016/06/20 02:35:04"
D,METER_DATA,GEN_DUID,1,"2016/06/20 02:40:00",YAMBUKWF,2.40,"2016/06/20 02:35:04"
D,METER_DATA,GEN_DUID,1,"2016/06/20 02:45:00",BBDISEL1,0,"2016/06/20 02:40:04"
D,METER_DATA,GEN_DUID,1,"2016/06/20 02:45:00",BUTLERSG,7.799998,"2016/06/20 02:40:04"
D,METER_DATA,GEN_DUID,1,"2016/06/20 02:45:00",CALL_A_4,0,"2016/06/20 02:40:04"
D,METER_DATA,GEN_DUID,1,"2016/06/20 02:45:00",CAPTL_WF,0,"2016/06/20 02:40:04"
D,METER_DATA,GEN_DUID,1,"2016/06/20 02:45:00",CATAGUN1,0,"2016/06/20 02:40:04"
D,METER_DATA,GEN_DUID,1,"2016/06/20 02:45:00",CATHROCK,0,"2016/06/20 02:40:04"
D,METER_DATA,GEN_DUID,1,"2016/06/20 02:45:00",CHALLHWF,25,"2016/06/20 02:40:04"
D,METER_DATA,GEN_DUID,1,"2016/06/20 02:45:00",CLOVER,9.75,"2016/06/20 02:40:04"
D,METER_DATA,GEN_DUID,1,"2016/06/20 02:45:00",CLUNY,9.217051,"2016/06/20 02:40:04"
D,METER_DATA,GEN_DUID,1,"2016/06/20 02:45:00",CNUNDAWF,12.214249,"2016/06/20 02:40:04"
D,METER_DATA,GEN_DUID,1,"2016/06/20 02:45:00",CULLRGWF,-0.05,"2016/06/20 02:40:04"
D,METER_DATA,GEN_DUID,1,"2016/06/20 02:45:00",ERGT01,0,"2016/06/20 02:40:04"
D,METER_DATA,GEN_DUID,1,"2016/06/20 02:45:00",GB01,0.137417,"2016/06/20 02:40:04"
D,METER_DATA,GEN_DUID,1,"2016/06/20 02:45:00",GEORGTN1,0,"2016/06/20 02:40:04"
D,METER_DATA,GEN_DUID,1,"2016/06/20 02:45:00",GEORGTN2,0,"2016/06/20 02:40:04"
D,METER_DATA,GEN_DUID,1,"2016/06/20 02:45:00",GERMCRK,38.900002,"2016/06/20 02:40:04"
D,METER_DATA,GEN_DUID,1,"2016/06/20 02:45:00",INVICTA,35.924999,"2016/06/20 02:40:04"
D,METER_DATA,GEN_DUID,1,"2016/06/20 02:45:00",LKBONNY1,18.844276,"2016/06/20 02:40:04"
D,METER_DATA,GEN_DUID,1,"2016/06/20 02:45:00",MBAHNTH,59.756252,"2016/06/20 02:40:04"
D,METER_DATA,GEN_DUID,1,"2016/06/20 02:45:00",MEADOWB2,0,"2016/06/20 02:40:04"
D,METER_DATA,GEN_DUID,1,"2016/06/20 02:45:00",MLWF1,6.27,"2016/06/20 02:40:04"
D,METER_DATA,GEN_DUID,1,"2016/06/20 02:45:00",MTMILLAR,13.052060,"2016/06/20 02:40:04"
D,METER_DATA,GEN_DUID,1,"2016/06/20 02:45:00",PALOONA,24.219999,"2016/06/20 02:40:04"
D,METER_DATA,GEN_DUID,1,"2016/06/20 02:45:00",PORTLAT1,0,"2016/06/20 02:40:04"
D,METER_DATA,GEN_DUID,1,"2016/06/20 02:45:00",PORTWF,27.299999,"2016/06/20 02:40:04"
D,METER_DATA,GEN_DUID,1,"2016/06/20 02:45:00",QUERIVE1,-0.12,"2016/06/20 02:40:04"
D,METER_DATA,GEN_DUID,1,"2016/06/20 02:45:00",REPULSE,13.967315,"2016/06/20 02:40:04"
D,METER_DATA,GEN_DUID,1,"2016/06/20 02:45:00",ROWALLAN,10.1530,"2016/06/20 02:40:04"
D,METER_DATA,GEN_DUID,1,"2016/06/20 02:45:00",ROYALLA1,0,"2016/06/20 02:40:04"
D,METER_DATA,GEN_DUID,1,"2016/06/20 02:45:00",RPCG,-0.20,"2016/06/20 02:40:04"
D,METER_DATA,GEN_DUID,1,"2016/06/20 02:45:00",RUBICON,0,"2016/06/20 02:40:04"
D,METER_DATA,GEN_DUID,1,"2016/06/20 02:45:00",STARHLWF,1.099679,"2016/06/20 02:40:04"
D,METER_DATA,GEN_DUID,1,"2016/06/20 02:45:00",WAUBRAWF,119.148003,"2016/06/20 02:40:04"
D,METER_DATA,GEN_DUID,1,"2016/06/20 02:45:00",WOOLNTH1,21.020016,"2016/06/20 02:40:04"
D,METER_DATA,GEN_DUID,1,"2016/06/20 02:45:00",WPWF,1,"2016/06/20 02:40:04"
D,METER_DATA,GEN_DUID,1,"2016/06/20 02:45:00",YAMBUKWF,2.50,"2016/06/20 02:40:04"
D,METER_DATA,GEN_DUID,1,"2016/06/20 02:50:00",BBDISEL1,0,"2016/06/20 02:45:04"
D,METER_DATA,GEN_DUID,1,"2016/06/20 02:50:00",BUTLERSG,7.799998,"2016/06/20 02:45:04"
D,METER_DATA,GEN_DUID,1,"2016/06/20 02:50:00",CALL_A_4,0,"2016/06/20 02:45:04"
D,METER_DATA,GEN_DUID,1,"2016/06/20 02:50:00",CAPTL_WF,0,"2016/06/20 02:45:04"
D,METER_DATA,GEN_DUID,1,"2016/06/20 02:50:00",CATAGUN1,0,"2016/06/20 02:45:04"
D,METER_DATA,GEN_DUID,1,"2016/06/20 02:50:00",CATHROCK,0,"2016/06/20 02:45:04"
D,METER_DATA,GEN_DUID,1,"2016/06/20 02:50:00",CHALLHWF,23.799999,"2016/06/20 02:45:04"
D,METER_DATA,GEN_DUID,1,"2016/06/20 02:50:00",CLOVER,12.02,"2016/06/20 02:45:04"
D,METER_DATA,GEN_DUID,1,"2016/06/20 02:50:00",CLUNY,8.774060,"2016/06/20 02:45:04"
D,METER_DATA,GEN_DUID,1,"2016/06/20 02:50:00",CNUNDAWF,12.014015,"2016/06/20 02:45:04"
D,METER_DATA,GEN_DUID,1,"2016/06/20 02:50:00",CULLRGWF,-0.03,"2016/06/20 02:45:04"
D,METER_DATA,GEN_DUID,1,"2016/06/20 02:50:00",ERGT01,0,"2016/06/20 02:45:04"
D,METER_DATA,GEN_DUID,1,"2016/06/20 02:50:00",GB01,0.137417,"2016/06/20 02:45:04"
D,METER_DATA,GEN_DUID,1,"2016/06/20 02:50:00",GEORGTN1,0,"2016/06/20 02:45:04"
D,METER_DATA,GEN_DUID,1,"2016/06/20 02:50:00",GEORGTN2,0,"2016/06/20 02:45:04"
D,METER_DATA,GEN_DUID,1,"2016/06/20 02:50:00",GERMCRK,38.900002,"2016/06/20 02:45:04"
D,METER_DATA,GEN_DUID,1,"2016/06/20 02:50:00",INVICTA,37.1250,"2016/06/20 02:45:04"
D,METER_DATA,GEN_DUID,1,"2016/06/20 02:50:00",LKBONNY1,19.826679,"2016/06/20 02:45:04"
D,METER_DATA,GEN_DUID,1,"2016/06/20 02:50:00",MBAHNTH,59.756252,"2016/06/20 02:45:04"
D,METER_DATA,GEN_DUID,1,"2016/06/20 02:50:00",MEADOWB2,0,"2016/06/20 02:45:04"
D,METER_DATA,GEN_DUID,1,"2016/06/20 02:50:00",MLWF1,5.85,"2016/06/20 02:45:04"
D,METER_DATA,GEN_DUID,1,"2016/06/20 02:50:00",MTMILLAR,15.143068,"2016/06/20 02:45:04"
D,METER_DATA,GEN_DUID,1,"2016/06/20 02:50:00",PALOONA,24.219999,"2016/06/20 02:45:04"
D,METER_DATA,GEN_DUID,1,"2016/06/20 02:50:00",PORTLAT1,0,"2016/06/20 02:45:04"
D,METER_DATA,GEN_DUID,1,"2016/06/20 02:50:00",PORTWF,24,"2016/06/20 02:45:04"
D,METER_DATA,GEN_DUID,1,"2016/06/20 02:50:00",QUERIVE1,-0.12,"2016/06/20 02:45:04"
D,METER_DATA,GEN_DUID,1,"2016/06/20 02:50:00",REPULSE,13.281335,"2016/06/20 02:45:04"
D,METER_DATA,GEN_DUID,1,"2016/06/20 02:50:00",ROWALLAN,10.1459,"2016/06/20 02:45:04"
D,METER_DATA,GEN_DUID,1,"2016/06/20 02:50:00",ROYALLA1,0,"2016/06/20 02:45:04"
D,METER_DATA,GEN_DUID,1,"2016/06/20 02:50:00",RPCG,-0.20,"2016/06/20 02:45:04"
D,METER_DATA,GEN_DUID,1,"2016/06/20 02:50:00",RUBICON,0,"2016/06/20 02:45:04"
D,METER_DATA,GEN_DUID,1,"2016/06/20 02:50:00",STARHLWF,0.699796,"2016/06/20 02:45:04"
D,METER_DATA,GEN_DUID,1,"2016/06/20 02:50:00",WAUBRAWF,123.185997,"2016/06/20 02:45:04"
D,METER_DATA,GEN_DUID,1,"2016/06/20 02:50:00",WOOLNTH1,20.270016,"2016/06/20 02:45:04"
D,METER_DATA,GEN_DUID,1,"2016/06/20 02:50:00",WPWF,0,"2016/06/20 02:45:04"
D,METER_DATA,GEN_DUID,1,"2016/06/20 02:50:00",YAMBUKWF,1.70,"2016/06/20 02:45:04"
D,METER_DATA,GEN_DUID,1,"2016/06/20 02:55:00",BBDISEL1,0,"2016/06/20 02:50:04"
D,METER_DATA,GEN_DUID,1,"2016/06/20 02:55:00",BUTLERSG,7.799998,"2016/06/20 02:50:04"
D,METER_DATA,GEN_DUID,1,"2016/06/20 02:55:00",CALL_A_4,0,"2016/06/20 02:50:04"
D,METER_DATA,GEN_DUID,1,"2016/06/20 02:55:00",CAPTL_WF,0,"2016/06/20 02:50:04"
D,METER_DATA,GEN_DUID,1,"2016/06/20 02:55:00",CATAGUN1,0,"2016/06/20 02:50:04"
D,METER_DATA,GEN_DUID,1,"2016/06/20 02:55:00",CATHROCK,0,"2016/06/20 02:50:04"
D,METER_DATA,GEN_DUID,1,"2016/06/20 02:55:00",CHALLHWF,22.799999,"2016/06/20 02:50:04"
D,METER_DATA,GEN_DUID,1,"2016/06/20 02:55:00",CLOVER,12.15,"2016/06/20 02:50:04"
D,METER_DATA,GEN_DUID,1,"2016/06/20 02:55:00",CLUNY,8.674030,"2016/06/20 02:50:04"
D,METER_DATA,GEN_DUID,1,"2016/06/20 02:55:00",CNUNDAWF,10.612380,"2016/06/20 02:50:04"
D,METER_DATA,GEN_DUID,1,"2016/06/20 02:55:00",CULLRGWF,-0.08,"2016/06/20 02:50:04"
D,METER_DATA,GEN_DUID,1,"2016/06/20 02:55:00",ERGT01,0,"2016/06/20 02:50:04"
D,METER_DATA,GEN_DUID,1,"2016/06/20 02:55:00",GB01,0.137417,"2016/06/20 02:50:04"
D,METER_DATA,GEN_DUID,1,"2016/06/20 02:55:00",GEORGTN1,0,"2016/06/20 02:50:04"
D,METER_DATA,GEN_DUID,1,"2016/06/20 02:55:00",GEORGTN2,0,"2016/06/20 02:50:04"
D,METER_DATA,GEN_DUID,1,"2016/06/20 02:55:00",GERMCRK,39.599998,"2016/06/20 02:50:04"
D,METER_DATA,GEN_DUID,1,"2016/06/20 02:55:00",INVICTA,37.1250,"2016/06/20 02:50:04"
D,METER_DATA,GEN_DUID,1,"2016/06/20 02:55:00",LKBONNY1,18.576347,"2016/06/20 02:50:04"
D,METER_DATA,GEN_DUID,1,"2016/06/20 02:55:00",MBAHNTH,59.756252,"2016/06/20 02:50:04"
D,METER_DATA,GEN_DUID,1,"2016/06/20 02:55:00",MEADOWB2,0,"2016/06/20 02:50:04"
D,METER_DATA,GEN_DUID,1,"2016/06/20 02:55:00",MLWF1,5.10,"2016/06/20 02:50:04"
D,METER_DATA,GEN_DUID,1,"2016/06/20 02:55:00",MTMILLAR,20.292456,"2016/06/20 02:50:04"
D,METER_DATA,GEN_DUID,1,"2016/06/20 02:55:00",PALOONA,24.219999,"2016/06/20 02:50:04"
D,METER_DATA,GEN_DUID,1,"2016/06/20 02:55:00",PORTLAT1,0,"2016/06/20 02:50:04"
D,METER_DATA,GEN_DUID,1,"2016/06/20 02:55:00",PORTWF,27.299999,"2016/06/20 02:50:04"
D,METER_DATA,GEN_DUID,1,"2016/06/20 02:55:00",QUERIVE1,-0.12,"2016/06/20 02:50:04"
D,METER_DATA,GEN_DUID,1,"2016/06/20 02:55:00",REPULSE,14.157865,"2016/06/20 02:50:04"
D,METER_DATA,GEN_DUID,1,"2016/06/20 02:55:00",ROWALLAN,10.1814,"2016/06/20 02:50:04"
D,METER_DATA,GEN_DUID,1,"2016/06/20 02:55:00",ROYALLA1,0,"2016/06/20 02:50:04"
D,METER_DATA,GEN_DUID,1,"2016/06/20 02:55:00",RPCG,-0.20,"2016/06/20 02:50:04"
D,METER_DATA,GEN_DUID,1,"2016/06/20 02:55:00",RUBICON,0,"2016/06/20 02:50:04"
D,METER_DATA,GEN_DUID,1,"2016/06/20 02:55:00",STARHLWF,1.099679,"2016/06/20 02:50:04"
D,METER_DATA,GEN_DUID,1,"2016/06/20 02:55:00",WAUBRAWF,128.904999,"2016/06/20 02:50:04"
D,METER_DATA,GEN_DUID,1,"2016/06/20 02:55:00",WOOLNTH1,20.260015,"2016/06/20 02:50:04"
D,METER_DATA,GEN_DUID,1,"2016/06/20 02:55:00",WPWF,0,"2016/06/20 02:50:04"
D,METER_DATA,GEN_DUID,1,"2016/06/20 02:55:00",YAMBUKWF,1.50,"2016/06/20 02:50:04"
D,METER_DATA,GEN_DUID,1,"2016/06/20 03:00:00",BBDISEL1,0,"2016/06/20 02:55:05"
D,METER_DATA,GEN_DUID,1,"2016/06/20 03:00:00",BUTLERSG,7.799998,"2016/06/20 02:55:05"
D,METER_DATA,GEN_DUID,1,"2016/06/20 03:00:00",CALL_A_4,0,"2016/06/20 02:55:05"
D,METER_DATA,GEN_DUID,1,"2016/06/20 03:00:00",CAPTL_WF,0,"2016/06/20 02:55:05"
D,METER_DATA,GEN_DUID,1,"2016/06/20 03:00:00",CATAGUN1,0,"2016/06/20 02:55:05"
D,METER_DATA,GEN_DUID,1,"2016/06/20 03:00:00",CATHROCK,0,"2016/06/20 02:55:05"
D,METER_DATA,GEN_DUID,1,"2016/06/20 03:00:00",CHALLHWF,25.799999,"2016/06/20 02:55:05"
D,METER_DATA,GEN_DUID,1,"2016/06/20 03:00:00",CLOVER,12.46,"2016/06/20 02:55:05"
D,METER_DATA,GEN_DUID,1,"2016/06/20 03:00:00",CLUNY,9.259920,"2016/06/20 02:55:05"
D,METER_DATA,GEN_DUID,1,"2016/06/20 03:00:00",CNUNDAWF,8.409810,"2016/06/20 02:55:05"
D,METER_DATA,GEN_DUID,1,"2016/06/20 03:00:00",CULLRGWF,-0.05,"2016/06/20 02:55:05"
D,METER_DATA,GEN_DUID,1,"2016/06/20 03:00:00",ERGT01,0,"2016/06/20 02:55:05"
D,METER_DATA,GEN_DUID,1,"2016/06/20 03:00:00",GB01,0.137417,"2016/06/20 02:55:05"
D,METER_DATA,GEN_DUID,1,"2016/06/20 03:00:00",GEORGTN1,0,"2016/06/20 02:55:05"
D,METER_DATA,GEN_DUID,1,"2016/06/20 03:00:00",GEORGTN2,0,"2016/06/20 02:55:05"
D,METER_DATA,GEN_DUID,1,"2016/06/20 03:00:00",GERMCRK,38.599998,"2016/06/20 02:55:05"
D,METER_DATA,GEN_DUID,1,"2016/06/20 03:00:00",INVICTA,37.1250,"2016/06/20 02:55:05"
D,METER_DATA,GEN_DUID,1,"2016/06/20 03:00:00",LKBONNY1,16.700851,"2016/06/20 02:55:05"
D,METER_DATA,GEN_DUID,1,"2016/06/20 03:00:00",MBAHNTH,59.756252,"2016/06/20 02:55:05"
D,METER_DATA,GEN_DUID,1,"2016/06/20 03:00:00",MEADOWB2,0,"2016/06/20 02:55:05"
D,METER_DATA,GEN_DUID,1,"2016/06/20 03:00:00",MLWF1,4.6950,"2016/06/20 02:55:05"
D,METER_DATA,GEN_DUID,1,"2016/06/20 03:00:00",MTMILLAR,16.594124,"2016/06/20 02:55:05"
D,METER_DATA,GEN_DUID,1,"2016/06/20 03:00:00",PALOONA,24.07,"2016/06/20 02:55:05"
D,METER_DATA,GEN_DUID,1,"2016/06/20 03:00:00",PORTLAT1,0,"2016/06/20 02:55:05"
D,METER_DATA,GEN_DUID,1,"2016/06/20 03:00:00",PORTWF,25.60,"2016/06/20 02:55:05"
D,METER_DATA,GEN_DUID,1,"2016/06/20 03:00:00",QUERIVE1,-0.12,"2016/06/20 02:55:05"
D,METER_DATA,GEN_DUID,1,"2016/06/20 03:00:00",REPULSE,14.577075,"2016/06/20 02:55:05"
D,METER_DATA,GEN_DUID,1,"2016/06/20 03:00:00",ROWALLAN,10.1814,"2016/06/20 02:55:05"
D,METER_DATA,GEN_DUID,1,"2016/06/20 03:00:00",ROYALLA1,0,"2016/06/20 02:55:05"
D,METER_DATA,GEN_DUID,1,"2016/06/20 03:00:00",RPCG,-0.20,"2016/06/20 02:55:05"
D,METER_DATA,GEN_DUID,1,"2016/06/20 03:00:00",RUBICON,0,"2016/06/20 02:55:05"
D,METER_DATA,GEN_DUID,1,"2016/06/20 03:00:00",STARHLWF,1.199650,"2016/06/20 02:55:05"
D,METER_DATA,GEN_DUID,1,"2016/06/20 03:00:00",WAUBRAWF,126.853996,"2016/06/20 02:55:05"
D,METER_DATA,GEN_DUID,1,"2016/06/20 03:00:00",WOOLNTH1,20.130016,"2016/06/20 02:55:05"
D,METER_DATA,GEN_DUID,1,"2016/06/20 03:00:00",WPWF,0,"2016/06/20 02:55:05"
D,METER_DATA,GEN_DUID,1,"2016/06/20 03:00:00",YAMBUKWF,1.80,"2016/06/20 02:55:05"
D,METER_DATA,GEN_DUID,1,"2016/06/20 03:05:00",BBDISEL1,0,"2016/06/20 03:00:04"
D,METER_DATA,GEN_DUID,1,"2016/06/20 03:05:00",BUTLERSG,7.799998,"2016/06/20 03:00:04"
D,METER_DATA,GEN_DUID,1,"2016/06/20 03:05:00",CALL_A_4,0,"2016/06/20 03:00:04"
D,METER_DATA,GEN_DUID,1,"2016/06/20 03:05:00",CAPTL_WF,0,"2016/06/20 03:00:04"
D,METER_DATA,GEN_DUID,1,"2016/06/20 03:05:00",CATAGUN1,0,"2016/06/20 03:00:04"
D,METER_DATA,GEN_DUID,1,"2016/06/20 03:05:00",CATHROCK,0,"2016/06/20 03:00:04"
D,METER_DATA,GEN_DUID,1,"2016/06/20 03:05:00",CHALLHWF,26.700001,"2016/06/20 03:00:04"
D,METER_DATA,GEN_DUID,1,"2016/06/20 03:05:00",CLOVER,12.44,"2016/06/20 03:00:04"
D,METER_DATA,GEN_DUID,1,"2016/06/20 03:05:00",CLUNY,9.245630,"2016/06/20 03:00:04"
D,METER_DATA,GEN_DUID,1,"2016/06/20 03:05:00",CNUNDAWF,8.209577,"2016/06/20 03:00:04"
D,METER_DATA,GEN_DUID,1,"2016/06/20 03:05:00",CULLRGWF,-0.05,"2016/06/20 03:00:04"
D,METER_DATA,GEN_DUID,1,"2016/06/20 03:05:00",ERGT01,0,"2016/06/20 03:00:04"
D,METER_DATA,GEN_DUID,1,"2016/06/20 03:05:00",GB01,0.137417,"2016/06/20 03:00:04"
D,METER_DATA,GEN_DUID,1,"2016/06/20 03:05:00",GEORGTN1,0,"2016/06/20 03:00:04"
D,METER_DATA,GEN_DUID,1,"2016/06/20 03:05:00",GEORGTN2,0,"2016/06/20 03:00:04"
D,METER_DATA,GEN_DUID,1,"2016/06/20 03:05:00",GERMCRK,38.50,"2016/06/20 03:00:04"
D,METER_DATA,GEN_DUID,1,"2016/06/20 03:05:00",INVICTA,37.1250,"2016/06/20 03:00:04"
D,METER_DATA,GEN_DUID,1,"2016/06/20 03:05:00",LKBONNY1,14.736045,"2016/06/20 03:00:04"
D,METER_DATA,GEN_DUID,1,"2016/06/20 03:05:00",MBAHNTH,59.756252,"2016/06/20 03:00:04"
D,METER_DATA,GEN_DUID,1,"2016/06/20 03:05:00",MEADOWB2,0,"2016/06/20 03:00:04"
D,METER_DATA,GEN_DUID,1,"2016/06/20 03:05:00",MLWF1,4.89,"2016/06/20 03:00:04"
D,METER_DATA,GEN_DUID,1,"2016/06/20 03:05:00",MTMILLAR,12.203751,"2016/06/20 03:00:04"
D,METER_DATA,GEN_DUID,1,"2016/06/20 03:05:00",PALOONA,24.16,"2016/06/20 03:00:04"
D,METER_DATA,GEN_DUID,1,"2016/06/20 03:05:00",PORTLAT1,0,"2016/06/20 03:00:04"
D,METER_DATA,GEN_DUID,1,"2016/06/20 03:05:00",PORTWF,27.90,"2016/06/20 03:00:04"
D,METER_DATA,GEN_DUID,1,"2016/06/20 03:05:00",QUERIVE1,-0.11,"2016/06/20 03:00:04"
D,METER_DATA,GEN_DUID,1,"2016/06/20 03:05:00",REPULSE,13.490940,"2016/06/20 03:00:04"
D,METER_DATA,GEN_DUID,1,"2016/06/20 03:05:00",ROWALLAN,10.2879,"2016/06/20 03:00:04"
D,METER_DATA,GEN_DUID,1,"2016/06/20 03:05:00",ROYALLA1,0,"2016/06/20 03:00:04"
D,METER_DATA,GEN_DUID,1,"2016/06/20 03:05:00",RPCG,-0.20,"2016/06/20 03:00:04"
D,METER_DATA,GEN_DUID,1,"2016/06/20 03:05:00",RUBICON,0,"2016/06/20 03:00:04"
D,METER_DATA,GEN_DUID,1,"2016/06/20 03:05:00",STARHLWF,1.199650,"2016/06/20 03:00:04"
D,METER_DATA,GEN_DUID,1,"2016/06/20 03:05:00",WAUBRAWF,117.665001,"2016/06/20 03:00:04"
D,METER_DATA,GEN_DUID,1,"2016/06/20 03:05:00",WOOLNTH1,19.900017,"2016/06/20 03:00:04"
D,METER_DATA,GEN_DUID,1,"2016/06/20 03:05:00",WPWF,0,"2016/06/20 03:00:04"
D,METER_DATA,GEN_DUID,1,"2016/06/20 03:05:00",YAMBUKWF,2.10,"2016/06/20 03:00:04"
D,METER_DATA,GEN_DUID,1,"2016/06/20 03:10:00",BBDISEL1,0,"2016/06/20 03:05:04"
D,METER_DATA,GEN_DUID,1,"2016/06/20 03:10:00",BUTLERSG,7.799998,"2016/06/20 03:05:04"
D,METER_DATA,GEN_DUID,1,"2016/06/20 03:10:00",CALL_A_4,0,"2016/06/20 03:05:04"
D,METER_DATA,GEN_DUID,1,"2016/06/20 03:10:00",CAPTL_WF,0,"2016/06/20 03:05:04"
D,METER_DATA,GEN_DUID,1,"2016/06/20 03:10:00",CATAGUN1,0,"2016/06/20 03:05:04"
D,METER_DATA,GEN_DUID,1,"2016/06/20 03:10:00",CATHROCK,0,"2016/06/20 03:05:04"
D,METER_DATA,GEN_DUID,1,"2016/06/20 03:10:00",CHALLHWF,26.599998,"2016/06/20 03:05:04"
D,METER_DATA,GEN_DUID,1,"2016/06/20 03:10:00",CLOVER,12.50,"2016/06/20 03:05:04"
D,METER_DATA,GEN_DUID,1,"2016/06/20 03:10:00",CLUNY,9.2885,"2016/06/20 03:05:04"
D,METER_DATA,GEN_DUID,1,"2016/06/20 03:10:00",CNUNDAWF,7.208409,"2016/06/20 03:05:04"
D,METER_DATA,GEN_DUID,1,"2016/06/20 03:10:00",CULLRGWF,-0.07,"2016/06/20 03:05:04"
D,METER_DATA,GEN_DUID,1,"2016/06/20 03:10:00",ERGT01,0,"2016/06/20 03:05:04"
D,METER_DATA,GEN_DUID,1,"2016/06/20 03:10:00",GB01,0.139488,"2016/06/20 03:05:04"
D,METER_DATA,GEN_DUID,1,"2016/06/20 03:10:00",GEORGTN1,0,"2016/06/20 03:05:04"
D,METER_DATA,GEN_DUID,1,"2016/06/20 03:10:00",GEORGTN2,0,"2016/06/20 03:05:04"
D,METER_DATA,GEN_DUID,1,"2016/06/20 03:10:00",GERMCRK,39,"2016/06/20 03:05:04"
D,METER_DATA,GEN_DUID,1,"2016/06/20 03:10:00",INVICTA,37.1250,"2016/06/20 03:05:04"
D,METER_DATA,GEN_DUID,1,"2016/06/20 03:10:00",LKBONNY1,11.788836,"2016/06/20 03:05:04"
D,METER_DATA,GEN_DUID,1,"2016/06/20 03:10:00",MBAHNTH,59.756252,"2016/06/20 03:05:04"
D,METER_DATA,GEN_DUID,1,"2016/06/20 03:10:00",MEADOWB2,0,"2016/06/20 03:05:04"
D,METER_DATA,GEN_DUID,1,"2016/06/20 03:10:00",MLWF1,5.13,"2016/06/20 03:05:04"
D,METER_DATA,GEN_DUID,1,"2016/06/20 03:10:00",MTMILLAR,8.795630,"2016/06/20 03:05:04"
D,METER_DATA,GEN_DUID,1,"2016/06/20 03:10:00",PALOONA,24.16,"2016/06/20 03:05:04"
D,METER_DATA,GEN_DUID,1,"2016/06/20 03:10:00",PORTLAT1,0,"2016/06/20 03:05:04"
D,METER_DATA,GEN_DUID,1,"2016/06/20 03:10:00",PORTWF,31.200001,"2016/06/20 03:05:04"
D,METER_DATA,GEN_DUID,1,"2016/06/20 03:10:00",QUERIVE1,-0.12,"2016/06/20 03:05:04"
D,METER_DATA,GEN_DUID,1,"2016/06/20 03:10:00",REPULSE,13.529050,"2016/06/20 03:05:04"
D,METER_DATA,GEN_DUID,1,"2016/06/20 03:10:00",ROWALLAN,10.2453,"2016/06/20 03:05:04"
D,METER_DATA,GEN_DUID,1,"2016/06/20 03:10:00",ROYALLA1,0,"2016/06/20 03:05:04"
D,METER_DATA,GEN_DUID,1,"2016/06/20 03:10:00",RPCG,-0.20,"2016/06/20 03:05:04"
D,METER_DATA,GEN_DUID,1,"2016/06/20 03:10:00",RUBICON,0,"2016/06/20 03:05:04"
D,METER_DATA,GEN_DUID,1,"2016/06/20 03:10:00",STARHLWF,0.799767,"2016/06/20 03:05:04"
D,METER_DATA,GEN_DUID,1,"2016/06/20 03:10:00",WAUBRAWF,107.420998,"2016/06/20 03:05:04"
D,METER_DATA,GEN_DUID,1,"2016/06/20 03:10:00",WOOLNTH1,19.410015,"2016/06/20 03:05:04"
D,METER_DATA,GEN_DUID,1,"2016/06/20 03:10:00",WPWF,0,"2016/06/20 03:05:04"
D,METER_DATA,GEN_DUID,1,"2016/06/20 03:10:00",YAMBUKWF,2.10,"2016/06/20 03:05:04"
D,METER_DATA,GEN_DUID,1,"2016/06/20 03:15:00",BBDISEL1,0,"2016/06/20 03:10:04"
D,METER_DATA,GEN_DUID,1,"2016/06/20 03:15:00",BUTLERSG,7.799998,"2016/06/20 03:10:04"
D,METER_DATA,GEN_DUID,1,"2016/06/20 03:15:00",CALL_A_4,0,"2016/06/20 03:10:04"
D,METER_DATA,GEN_DUID,1,"2016/06/20 03:15:00",CAPTL_WF,0,"2016/06/20 03:10:04"
D,METER_DATA,GEN_DUID,1,"2016/06/20 03:15:00",CATAGUN1,0,"2016/06/20 03:10:04"
D,METER_DATA,GEN_DUID,1,"2016/06/20 03:15:00",CATHROCK,0,"2016/06/20 03:10:04"
D,METER_DATA,GEN_DUID,1,"2016/06/20 03:15:00",CHALLHWF,28.200001,"2016/06/20 03:10:04"
D,METER_DATA,GEN_DUID,1,"2016/06/20 03:15:00",CLOVER,12.49,"2016/06/20 03:10:04"
D,METER_DATA,GEN_DUID,1,"2016/06/20 03:15:00",CLUNY,9.159890,"2016/06/20 03:10:04"
D,METER_DATA,GEN_DUID,1,"2016/06/20 03:15:00",CNUNDAWF,8.209578,"2016/06/20 03:10:04"
D,METER_DATA,GEN_DUID,1,"2016/06/20 03:15:00",CULLRGWF,-0.08,"2016/06/20 03:10:04"
D,METER_DATA,GEN_DUID,1,"2016/06/20 03:15:00",ERGT01,0,"2016/06/20 03:10:04"
D,METER_DATA,GEN_DUID,1,"2016/06/20 03:15:00",GB01,0.139488,"2016/06/20 03:10:04"
D,METER_DATA,GEN_DUID,1,"2016/06/20 03:15:00",GEORGTN1,0,"2016/06/20 03:10:04"
D,METER_DATA,GEN_DUID,1,"2016/06/20 03:15:00",GEORGTN2,0,"2016/06/20 03:10:04"
D,METER_DATA,GEN_DUID,1,"2016/06/20 03:15:00",GERMCRK,38.799999,"2016/06/20 03:10:04"
D,METER_DATA,GEN_DUID,1,"2016/06/20 03:15:00",INVICTA,34.8750,"2016/06/20 03:10:04"
D,METER_DATA,GEN_DUID,1,"2016/06/20 03:15:00",LKBONNY1,9.824030,"2016/06/20 03:10:04"
D,METER_DATA,GEN_DUID,1,"2016/06/20 03:15:00",MBAHNTH,59.756252,"2016/06/20 03:10:04"
D,METER_DATA,GEN_DUID,1,"2016/06/20 03:15:00",MEADOWB2,0,"2016/06/20 03:10:04"
D,METER_DATA,GEN_DUID,1,"2016/06/20 03:15:00",MLWF1,5.13,"2016/06/20 03:10:04"
D,METER_DATA,GEN_DUID,1,"2016/06/20 03:15:00",MTMILLAR,7.701757,"2016/06/20 03:10:04"
D,METER_DATA,GEN_DUID,1,"2016/06/20 03:15:00",PALOONA,24.16,"2016/06/20 03:10:04"
D,METER_DATA,GEN_DUID,1,"2016/06/20 03:15:00",PORTLAT1,0,"2016/06/20 03:10:04"
D,METER_DATA,GEN_DUID,1,"2016/06/20 03:15:00",PORTWF,30.40,"2016/06/20 03:10:04"
D,METER_DATA,GEN_DUID,1,"2016/06/20 03:15:00",QUERIVE1,-0.12,"2016/06/20 03:10:04"
D,METER_DATA,GEN_DUID,1,"2016/06/20 03:15:00",REPULSE,14.005424,"2016/06/20 03:10:04"
D,METER_DATA,GEN_DUID,1,"2016/06/20 03:15:00",ROWALLAN,10.2098,"2016/06/20 03:10:04"
D,METER_DATA,GEN_DUID,1,"2016/06/20 03:15:00",ROYALLA1,0,"2016/06/20 03:10:04"
D,METER_DATA,GEN_DUID,1,"2016/06/20 03:15:00",RPCG,-0.20,"2016/06/20 03:10:04"
D,METER_DATA,GEN_DUID,1,"2016/06/20 03:15:00",RUBICON,0,"2016/06/20 03:10:04"
D,METER_DATA,GEN_DUID,1,"2016/06/20 03:15:00",STARHLWF,1.199650,"2016/06/20 03:10:04"
D,METER_DATA,GEN_DUID,1,"2016/06/20 03:15:00",WAUBRAWF,105.209999,"2016/06/20 03:10:04"
D,METER_DATA,GEN_DUID,1,"2016/06/20 03:15:00",WOOLNTH1,22.020016,"2016/06/20 03:10:04"
D,METER_DATA,GEN_DUID,1,"2016/06/20 03:15:00",WPWF,0,"2016/06/20 03:10:04"
D,METER_DATA,GEN_DUID,1,"2016/06/20 03:15:00",YAMBUKWF,1.80,"2016/06/20 03:10:04"
D,METER_DATA,GEN_DUID,1,"2016/06/20 03:20:00",BBDISEL1,0,"2016/06/20 03:15:05"
D,METER_DATA,GEN_DUID,1,"2016/06/20 03:20:00",BUTLERSG,7.799998,"2016/06/20 03:15:05"
D,METER_DATA,GEN_DUID,1,"2016/06/20 03:20:00",CALL_A_4,0,"2016/06/20 03:15:05"
D,METER_DATA,GEN_DUID,1,"2016/06/20 03:20:00",CAPTL_WF,0,"2016/06/20 03:15:05"
D,METER_DATA,GEN_DUID,1,"2016/06/20 03:20:00",CATAGUN1,0,"2016/06/20 03:15:05"
D,METER_DATA,GEN_DUID,1,"2016/06/20 03:20:00",CATHROCK,0,"2016/06/20 03:15:05"
D,METER_DATA,GEN_DUID,1,"2016/06/20 03:20:00",CHALLHWF,30.10,"2016/06/20 03:15:05"
D,METER_DATA,GEN_DUID,1,"2016/06/20 03:20:00",CLOVER,12.509999,"2016/06/20 03:15:05"
D,METER_DATA,GEN_DUID,1,"2016/06/20 03:20:00",CLUNY,9.231340,"2016/06/20 03:15:05"
D,METER_DATA,GEN_DUID,1,"2016/06/20 03:20:00",CNUNDAWF,8.209577,"2016/06/20 03:15:05"
D,METER_DATA,GEN_DUID,1,"2016/06/20 03:20:00",CULLRGWF,-0.07,"2016/06/20 03:15:05"
D,METER_DATA,GEN_DUID,1,"2016/06/20 03:20:00",ERGT01,0,"2016/06/20 03:15:05"
D,METER_DATA,GEN_DUID,1,"2016/06/20 03:20:00",GB01,0.139488,"2016/06/20 03:15:05"
D,METER_DATA,GEN_DUID,1,"2016/06/20 03:20:00",GEORGTN1,0,"2016/06/20 03:15:05"
D,METER_DATA,GEN_DUID,1,"2016/06/20 03:20:00",GEORGTN2,0,"2016/06/20 03:15:05"
D,METER_DATA,GEN_DUID,1,"2016/06/20 03:20:00",GERMCRK,39.400002,"2016/06/20 03:15:05"
D,METER_DATA,GEN_DUID,1,"2016/06/20 03:20:00",INVICTA,25.175001,"2016/06/20 03:15:05"
D,METER_DATA,GEN_DUID,1,"2016/06/20 03:20:00",LKBONNY1,10.627814,"2016/06/20 03:15:05"
D,METER_DATA,GEN_DUID,1,"2016/06/20 03:20:00",MBAHNTH,59.756252,"2016/06/20 03:15:05"
D,METER_DATA,GEN_DUID,1,"2016/06/20 03:20:00",MEADOWB2,0,"2016/06/20 03:15:05"
D,METER_DATA,GEN_DUID,1,"2016/06/20 03:20:00",MLWF1,4.62,"2016/06/20 03:15:05"
D,METER_DATA,GEN_DUID,1,"2016/06/20 03:20:00",MTMILLAR,8.877484,"2016/06/20 03:15:05"
D,METER_DATA,GEN_DUID,1,"2016/06/20 03:20:00",PALOONA,24.16,"2016/06/20 03:15:05"
D,METER_DATA,GEN_DUID,1,"2016/06/20 03:20:00",PORTLAT1,0,"2016/06/20 03:15:05"
D,METER_DATA,GEN_DUID,1,"2016/06/20 03:20:00",PORTWF,28.700001,"2016/06/20 03:15:05"
D,METER_DATA,GEN_DUID,1,"2016/06/20 03:20:00",QUERIVE1,-0.12,"2016/06/20 03:15:05"
D,METER_DATA,GEN_DUID,1,"2016/06/20 03:20:00",REPULSE,13.891095,"2016/06/20 03:15:05"
D,METER_DATA,GEN_DUID,1,"2016/06/20 03:20:00",ROWALLAN,10.1246,"2016/06/20 03:15:05"
D,METER_DATA,GEN_DUID,1,"2016/06/20 03:20:00",ROYALLA1,0,"2016/06/20 03:15:05"
D,METER_DATA,GEN_DUID,1,"2016/06/20 03:20:00",RPCG,-0.20,"2016/06/20 03:15:05"
D,METER_DATA,GEN_DUID,1,"2016/06/20 03:20:00",RUBICON,0,"2016/06/20 03:15:05"
D,METER_DATA,GEN_DUID,1,"2016/06/20 03:20:00",STARHLWF,1.599534,"2016/06/20 03:15:05"
D,METER_DATA,GEN_DUID,1,"2016/06/20 03:20:00",WAUBRAWF,109.396004,"2016/06/20 03:15:05"
D,METER_DATA,GEN_DUID,1,"2016/06/20 03:20:00",WOOLNTH1,21.920015,"2016/06/20 03:15:05"
D,METER_DATA,GEN_DUID,1,"2016/06/20 03:20:00",WPWF,0,"2016/06/20 03:15:05"
D,METER_DATA,GEN_DUID,1,"2016/06/20 03:20:00",YAMBUKWF,1.50,"2016/06/20 03:15:05"
D,METER_DATA,GEN_DUID,1,"2016/06/20 03:25:00",BBDISEL1,0,"2016/06/20 03:20:05"
D,METER_DATA,GEN_DUID,1,"2016/06/20 03:25:00",BUTLERSG,7.799998,"2016/06/20 03:20:05"
D,METER_DATA,GEN_DUID,1,"2016/06/20 03:25:00",CALL_A_4,0,"2016/06/20 03:20:05"
D,METER_DATA,GEN_DUID,1,"2016/06/20 03:25:00",CAPTL_WF,0,"2016/06/20 03:20:05"
D,METER_DATA,GEN_DUID,1,"2016/06/20 03:25:00",CATAGUN1,0,"2016/06/20 03:20:05"
D,METER_DATA,GEN_DUID,1,"2016/06/20 03:25:00",CATHROCK,0,"2016/06/20 03:20:05"
D,METER_DATA,GEN_DUID,1,"2016/06/20 03:25:00",CHALLHWF,28,"2016/06/20 03:20:05"
D,METER_DATA,GEN_DUID,1,"2016/06/20 03:25:00",CLOVER,12.51,"2016/06/20 03:20:05"
D,METER_DATA,GEN_DUID,1,"2016/06/20 03:25:00",CLUNY,9.345660,"2016/06/20 03:20:05"
D,METER_DATA,GEN_DUID,1,"2016/06/20 03:25:00",CNUNDAWF,8.409810,"2016/06/20 03:20:05"
D,METER_DATA,GEN_DUID,1,"2016/06/20 03:25:00",CULLRGWF,0,"2016/06/20 03:20:05"
D,METER_DATA,GEN_DUID,1,"2016/06/20 03:25:00",ERGT01,0,"2016/06/20 03:20:05"
D,METER_DATA,GEN_DUID,1,"2016/06/20 03:25:00",GB01,0.139488,"2016/06/20 03:20:05"
D,METER_DATA,GEN_DUID,1,"2016/06/20 03:25:00",GEORGTN1,0,"2016/06/20 03:20:05"
D,METER_DATA,GEN_DUID,1,"2016/06/20 03:25:00",GEORGTN2,0,"2016/06/20 03:20:05"
D,METER_DATA,GEN_DUID,1,"2016/06/20 03:25:00",GERMCRK,38.099998,"2016/06/20 03:20:05"
D,METER_DATA,GEN_DUID,1,"2016/06/20 03:25:00",INVICTA,25.175001,"2016/06/20 03:20:05"
D,METER_DATA,GEN_DUID,1,"2016/06/20 03:25:00",LKBONNY1,11.074361,"2016/06/20 03:20:05"
D,METER_DATA,GEN_DUID,1,"2016/06/20 03:25:00",MBAHNTH,59.756252,"2016/06/20 03:20:05"
D,METER_DATA,GEN_DUID,1,"2016/06/20 03:25:00",MEADOWB2,0,"2016/06/20 03:20:05"
D,METER_DATA,GEN_DUID,1,"2016/06/20 03:25:00",MLWF1,5.5950,"2016/06/20 03:20:05"
D,METER_DATA,GEN_DUID,1,"2016/06/20 03:25:00",MTMILLAR,9.413259,"2016/06/20 03:20:05"
D,METER_DATA,GEN_DUID,1,"2016/06/20 03:25:00",PALOONA,24.16,"2016/06/20 03:20:05"
D,METER_DATA,GEN_DUID,1,"2016/06/20 03:25:00",PORTLAT1,0,"2016/06/20 03:20:05"
D,METER_DATA,GEN_DUID,1,"2016/06/20 03:25:00",PORTWF,28.90,"2016/06/20 03:20:05"
D,METER_DATA,GEN_DUID,1,"2016/06/20 03:25:00",QUERIVE1,-0.12,"2016/06/20 03:20:05"
D,METER_DATA,GEN_DUID,1,"2016/06/20 03:25:00",REPULSE,14.062590,"2016/06/20 03:20:05"
D,METER_DATA,GEN_DUID,1,"2016/06/20 03:25:00",ROWALLAN,10.1388,"2016/06/20 03:20:05"
D,METER_DATA,GEN_DUID,1,"2016/06/20 03:25:00",ROYALLA1,0,"2016/06/20 03:20:05"
D,METER_DATA,GEN_DUID,1,"2016/06/20 03:25:00",RPCG,-0.20,"2016/06/20 03:20:05"
D,METER_DATA,GEN_DUID,1,"2016/06/20 03:25:00",RUBICON,0,"2016/06/20 03:20:05"
D,METER_DATA,GEN_DUID,1,"2016/06/20 03:25:00",STARHLWF,1.999417,"2016/06/20 03:20:05"
D,METER_DATA,GEN_DUID,1,"2016/06/20 03:25:00",WAUBRAWF,111.008003,"2016/06/20 03:20:05"
D,METER_DATA,GEN_DUID,1,"2016/06/20 03:25:00",WOOLNTH1,23.620016,"2016/06/20 03:20:05"
D,METER_DATA,GEN_DUID,1,"2016/06/20 03:25:00",WPWF,0,"2016/06/20 03:20:05"
D,METER_DATA,GEN_DUID,1,"2016/06/20 03:25:00",YAMBUKWF,1.80,"2016/06/20 03:20:05"
D,METER_DATA,GEN_DUID,1,"2016/06/20 03:30:00",BBDISEL1,0,"2016/06/20 03:25:04"
D,METER_DATA,GEN_DUID,1,"2016/06/20 03:30:00",BUTLERSG,7.799998,"2016/06/20 03:25:04"
D,METER_DATA,GEN_DUID,1,"2016/06/20 03:30:00",CALL_A_4,0,"2016/06/20 03:25:04"
D,METER_DATA,GEN_DUID,1,"2016/06/20 03:30:00",CAPTL_WF,0,"2016/06/20 03:25:04"
D,METER_DATA,GEN_DUID,1,"2016/06/20 03:30:00",CATAGUN1,0,"2016/06/20 03:25:04"
D,METER_DATA,GEN_DUID,1,"2016/06/20 03:30:00",CATHROCK,0,"2016/06/20 03:25:04"
D,METER_DATA,GEN_DUID,1,"2016/06/20 03:30:00",CHALLHWF,27.50,"2016/06/20 03:25:04"
D,METER_DATA,GEN_DUID,1,"2016/06/20 03:30:00",CLOVER,12.48,"2016/06/20 03:25:04"
D,METER_DATA,GEN_DUID,1,"2016/06/20 03:30:00",CLUNY,9.1456,"2016/06/20 03:25:04"
D,METER_DATA,GEN_DUID,1,"2016/06/20 03:30:00",CNUNDAWF,6.707825,"2016/06/20 03:25:04"
D,METER_DATA,GEN_DUID,1,"2016/06/20 03:30:00",CULLRGWF,-0.04,"2016/06/20 03:25:04"
D,METER_DATA,GEN_DUID,1,"2016/06/20 03:30:00",ERGT01,0,"2016/06/20 03:25:04"
D,METER_DATA,GEN_DUID,1,"2016/06/20 03:30:00",GB01,0.139488,"2016/06/20 03:25:04"
D,METER_DATA,GEN_DUID,1,"2016/06/20 03:30:00",GEORGTN1,0,"2016/06/20 03:25:04"
D,METER_DATA,GEN_DUID,1,"2016/06/20 03:30:00",GEORGTN2,0,"2016/06/20 03:25:04"
D,METER_DATA,GEN_DUID,1,"2016/06/20 03:30:00",GERMCRK,38.799999,"2016/06/20 03:25:04"
D,METER_DATA,GEN_DUID,1,"2016/06/20 03:30:00",INVICTA,20.2750,"2016/06/20 03:25:04"
D,METER_DATA,GEN_DUID,1,"2016/06/20 03:30:00",LKBONNY1,11.163671,"2016/06/20 03:25:04"
D,METER_DATA,GEN_DUID,1,"2016/06/20 03:30:00",MBAHNTH,59.756252,"2016/06/20 03:25:04"
D,METER_DATA,GEN_DUID,1,"2016/06/20 03:30:00",MEADOWB2,0,"2016/06/20 03:25:04"
D,METER_DATA,GEN_DUID,1,"2016/06/20 03:30:00",MLWF1,5.73,"2016/06/20 03:25:04"
D,METER_DATA,GEN_DUID,1,"2016/06/20 03:30:00",MTMILLAR,10.142508,"2016/06/20 03:25:04"
D,METER_DATA,GEN_DUID,1,"2016/06/20 03:30:00",PALOONA,24.16,"2016/06/20 03:25:04"
D,METER_DATA,GEN_DUID,1,"2016/06/20 03:30:00",PORTLAT1,0,"2016/06/20 03:25:04"
D,METER_DATA,GEN_DUID,1,"2016/06/20 03:30:00",PORTWF,27.10,"2016/06/20 03:25:04"
D,METER_DATA,GEN_DUID,1,"2016/06/20 03:30:00",QUERIVE1,-0.11,"2016/06/20 03:25:04"
D,METER_DATA,GEN_DUID,1,"2016/06/20 03:30:00",REPULSE,13.757710,"2016/06/20 03:25:04"
D,METER_DATA,GEN_DUID,1,"2016/06/20 03:30:00",ROWALLAN,10.2027,"2016/06/20 03:25:04"
D,METER_DATA,GEN_DUID,1,"2016/06/20 03:30:00",ROYALLA1,0,"2016/06/20 03:25:04"
D,METER_DATA,GEN_DUID,1,"2016/06/20 03:30:00",RPCG,-0.20,"2016/06/20 03:25:04"
D,METER_DATA,GEN_DUID,1,"2016/06/20 03:30:00",RUBICON,0,"2016/06/20 03:25:04"
D,METER_DATA,GEN_DUID,1,"2016/06/20 03:30:00",STARHLWF,1.999417,"2016/06/20 03:25:04"
D,METER_DATA,GEN_DUID,1,"2016/06/20 03:30:00",WAUBRAWF,117.355003,"2016/06/20 03:25:04"
D,METER_DATA,GEN_DUID,1,"2016/06/20 03:30:00",WOOLNTH1,21.860016,"2016/06/20 03:25:04"
D,METER_DATA,GEN_DUID,1,"2016/06/20 03:30:00",WPWF,0,"2016/06/20 03:25:04"
D,METER_DATA,GEN_DUID,1,"2016/06/20 03:30:00",YAMBUKWF,1.60,"2016/06/20 03:25:04"
D,METER_DATA,GEN_DUID,1,"2016/06/20 03:35:00",BBDISEL1,0,"2016/06/20 03:30:05"
D,METER_DATA,GEN_DUID,1,"2016/06/20 03:35:00",BUTLERSG,7.799998,"2016/06/20 03:30:05"
D,METER_DATA,GEN_DUID,1,"2016/06/20 03:35:00",CALL_A_4,0,"2016/06/20 03:30:05"
D,METER_DATA,GEN_DUID,1,"2016/06/20 03:35:00",CAPTL_WF,0,"2016/06/20 03:30:05"
D,METER_DATA,GEN_DUID,1,"2016/06/20 03:35:00",CATAGUN1,0,"2016/06/20 03:30:05"
D,METER_DATA,GEN_DUID,1,"2016/06/20 03:35:00",CATHROCK,0,"2016/06/20 03:30:05"
D,METER_DATA,GEN_DUID,1,"2016/06/20 03:35:00",CHALLHWF,28.900002,"2016/06/20 03:30:05"
D,METER_DATA,GEN_DUID,1,"2016/06/20 03:35:00",CLOVER,12.44,"2016/06/20 03:30:05"
D,METER_DATA,GEN_DUID,1,"2016/06/20 03:35:00",CLUNY,9.117021,"2016/06/20 03:30:05"
D,METER_DATA,GEN_DUID,1,"2016/06/20 03:35:00",CNUNDAWF,4.104789,"2016/06/20 03:30:05"
D,METER_DATA,GEN_DUID,1,"2016/06/20 03:35:00",CULLRGWF,0,"2016/06/20 03:30:05"
D,METER_DATA,GEN_DUID,1,"2016/06/20 03:35:00",ERGT01,0,"2016/06/20 03:30:05"
D,METER_DATA,GEN_DUID,1,"2016/06/20 03:35:00",GB01,0.139488,"2016/06/20 03:30:05"
D,METER_DATA,GEN_DUID,1,"2016/06/20 03:35:00",GEORGTN1,0,"2016/06/20 03:30:05"
D,METER_DATA,GEN_DUID,1,"2016/06/20 03:35:00",GEORGTN2,0,"2016/06/20 03:30:05"
D,METER_DATA,GEN_DUID,1,"2016/06/20 03:35:00",GERMCRK,38.700001,"2016/06/20 03:30:05"
D,METER_DATA,GEN_DUID,1,"2016/06/20 03:35:00",INVICTA,20.2750,"2016/06/20 03:30:05"
D,METER_DATA,GEN_DUID,1,"2016/06/20 03:35:00",LKBONNY1,10.538505,"2016/06/20 03:30:05"
D,METER_DATA,GEN_DUID,1,"2016/06/20 03:35:00",MBAHNTH,59.756252,"2016/06/20 03:30:05"
D,METER_DATA,GEN_DUID,1,"2016/06/20 03:35:00",MEADOWB2,0,"2016/06/20 03:30:05"
D,METER_DATA,GEN_DUID,1,"2016/06/20 03:35:00",MLWF1,6.6450,"2016/06/20 03:30:05"
D,METER_DATA,GEN_DUID,1,"2016/06/20 03:35:00",MTMILLAR,8.914691,"2016/06/20 03:30:05"
D,METER_DATA,GEN_DUID,1,"2016/06/20 03:35:00",PALOONA,24.16,"2016/06/20 03:30:05"
D,METER_DATA,GEN_DUID,1,"2016/06/20 03:35:00",PORTLAT1,0,"2016/06/20 03:30:05"
D,METER_DATA,GEN_DUID,1,"2016/06/20 03:35:00",PORTWF,27.700001,"2016/06/20 03:30:05"
D,METER_DATA,GEN_DUID,1,"2016/06/20 03:35:00",QUERIVE1,-0.12,"2016/06/20 03:30:05"
D,METER_DATA,GEN_DUID,1,"2016/06/20 03:35:00",REPULSE,13.738655,"2016/06/20 03:30:05"
D,METER_DATA,GEN_DUID,1,"2016/06/20 03:35:00",ROWALLAN,10.003901,"2016/06/20 03:30:05"
D,METER_DATA,GEN_DUID,1,"2016/06/20 03:35:00",ROYALLA1,0,"2016/06/20 03:30:05"
D,METER_DATA,GEN_DUID,1,"2016/06/20 03:35:00",RPCG,-0.20,"2016/06/20 03:30:05"
D,METER_DATA,GEN_DUID,1,"2016/06/20 03:35:00",RUBICON,0,"2016/06/20 03:30:05"
D,METER_DATA,GEN_DUID,1,"2016/06/20 03:35:00",STARHLWF,2.3993,"2016/06/20 03:30:05"
D,METER_DATA,GEN_DUID,1,"2016/06/20 03:35:00",WAUBRAWF,114.404999,"2016/06/20 03:30:05"
D,METER_DATA,GEN_DUID,1,"2016/06/20 03:35:00",WOOLNTH1,21.630016,"2016/06/20 03:30:05"
D,METER_DATA,GEN_DUID,1,"2016/06/20 03:35:00",WPWF,0,"2016/06/20 03:30:05"
D,METER_DATA,GEN_DUID,1,"2016/06/20 03:35:00",YAMBUKWF,1.80,"2016/06/20 03:30:05"
D,METER_DATA,GEN_DUID,1,"2016/06/20 03:40:00",BBDISEL1,0,"2016/06/20 03:35:04"
D,METER_DATA,GEN_DUID,1,"2016/06/20 03:40:00",BUTLERSG,7.799998,"2016/06/20 03:35:04"
D,METER_DATA,GEN_DUID,1,"2016/06/20 03:40:00",CALL_A_4,0,"2016/06/20 03:35:04"
D,METER_DATA,GEN_DUID,1,"2016/06/20 03:40:00",CAPTL_WF,0,"2016/06/20 03:35:04"
D,METER_DATA,GEN_DUID,1,"2016/06/20 03:40:00",CATAGUN1,0,"2016/06/20 03:35:04"
D,METER_DATA,GEN_DUID,1,"2016/06/20 03:40:00",CATHROCK,0,"2016/06/20 03:35:04"
D,METER_DATA,GEN_DUID,1,"2016/06/20 03:40:00",CHALLHWF,29.10,"2016/06/20 03:35:04"
D,METER_DATA,GEN_DUID,1,"2016/06/20 03:40:00",CLOVER,12.50,"2016/06/20 03:35:04"
D,METER_DATA,GEN_DUID,1,"2016/06/20 03:40:00",CLUNY,9.302791,"2016/06/20 03:35:04"
D,METER_DATA,GEN_DUID,1,"2016/06/20 03:40:00",CNUNDAWF,6.607708,"2016/06/20 03:35:04"
D,METER_DATA,GEN_DUID,1,"2016/06/20 03:40:00",CULLRGWF,0,"2016/06/20 03:35:04"
D,METER_DATA,GEN_DUID,1,"2016/06/20 03:40:00",ERGT01,0,"2016/06/20 03:35:04"
D,METER_DATA,GEN_DUID,1,"2016/06/20 03:40:00",GB01,0.139488,"2016/06/20 03:35:04"
D,METER_DATA,GEN_DUID,1,"2016/06/20 03:40:00",GEORGTN1,0,"2016/06/20 03:35:04"
D,METER_DATA,GEN_DUID,1,"2016/06/20 03:40:00",GEORGTN2,0,"2016/06/20 03:35:04"
D,METER_DATA,GEN_DUID,1,"2016/06/20 03:40:00",GERMCRK,39.200001,"2016/06/20 03:35:04"
D,METER_DATA,GEN_DUID,1,"2016/06/20 03:40:00",INVICTA,15.8250,"2016/06/20 03:35:04"
D,METER_DATA,GEN_DUID,1,"2016/06/20 03:40:00",LKBONNY1,10.091958,"2016/06/20 03:35:04"
D,METER_DATA,GEN_DUID,1,"2016/06/20 03:40:00",MBAHNTH,59.756252,"2016/06/20 03:35:04"
D,METER_DATA,GEN_DUID,1,"2016/06/20 03:40:00",MEADOWB2,0,"2016/06/20 03:35:04"
D,METER_DATA,GEN_DUID,1,"2016/06/20 03:40:00",MLWF1,6.24,"2016/06/20 03:35:04"
D,METER_DATA,GEN_DUID,1,"2016/06/20 03:40:00",MTMILLAR,7.515725,"2016/06/20 03:35:04"
D,METER_DATA,GEN_DUID,1,"2016/06/20 03:40:00",PALOONA,24.16,"2016/06/20 03:35:04"
D,METER_DATA,GEN_DUID,1,"2016/06/20 03:40:00",PORTLAT1,0,"2016/06/20 03:35:04"
D,METER_DATA,GEN_DUID,1,"2016/06/20 03:40:00",PORTWF,28.299999,"2016/06/20 03:35:04"
D,METER_DATA,GEN_DUID,1,"2016/06/20 03:40:00",QUERIVE1,-0.13,"2016/06/20 03:35:04"
D,METER_DATA,GEN_DUID,1,"2016/06/20 03:40:00",REPULSE,14.081645,"2016/06/20 03:35:04"
D,METER_DATA,GEN_DUID,1,"2016/06/20 03:40:00",ROWALLAN,10.2737,"2016/06/20 03:35:04"
D,METER_DATA,GEN_DUID,1,"2016/06/20 03:40:00",ROYALLA1,0,"2016/06/20 03:35:04"
D,METER_DATA,GEN_DUID,1,"2016/06/20 03:40:00",RPCG,-0.20,"2016/06/20 03:35:04"
D,METER_DATA,GEN_DUID,1,"2016/06/20 03:40:00",RUBICON,0,"2016/06/20 03:35:04"
D,METER_DATA,GEN_DUID,1,"2016/06/20 03:40:00",STARHLWF,2.799184,"2016/06/20 03:35:04"
D,METER_DATA,GEN_DUID,1,"2016/06/20 03:40:00",WAUBRAWF,110.9170,"2016/06/20 03:35:04"
D,METER_DATA,GEN_DUID,1,"2016/06/20 03:40:00",WOOLNTH1,20.210016,"2016/06/20 03:35:04"
D,METER_DATA,GEN_DUID,1,"2016/06/20 03:40:00",WPWF,0,"2016/06/20 03:35:04"
D,METER_DATA,GEN_DUID,1,"2016/06/20 03:40:00",YAMBUKWF,2.10,"2016/06/20 03:35:04"
D,METER_DATA,GEN_DUID,1,"2016/06/20 03:45:00",BBDISEL1,0,"2016/06/20 03:40:04"
D,METER_DATA,GEN_DUID,1,"2016/06/20 03:45:00",BUTLERSG,7.799998,"2016/06/20 03:40:04"
D,METER_DATA,GEN_DUID,1,"2016/06/20 03:45:00",CALL_A_4,0,"2016/06/20 03:40:04"
D,METER_DATA,GEN_DUID,1,"2016/06/20 03:45:00",CAPTL_WF,0,"2016/06/20 03:40:04"
D,METER_DATA,GEN_DUID,1,"2016/06/20 03:45:00",CATAGUN1,0,"2016/06/20 03:40:04"
D,METER_DATA,GEN_DUID,1,"2016/06/20 03:45:00",CATHROCK,0,"2016/06/20 03:40:04"
D,METER_DATA,GEN_DUID,1,"2016/06/20 03:45:00",CHALLHWF,28.299999,"2016/06/20 03:40:04"
D,METER_DATA,GEN_DUID,1,"2016/06/20 03:45:00",CLOVER,12.49,"2016/06/20 03:40:04"
D,METER_DATA,GEN_DUID,1,"2016/06/20 03:45:00",CLUNY,9.131310,"2016/06/20 03:40:04"
D,METER_DATA,GEN_DUID,1,"2016/06/20 03:45:00",CNUNDAWF,8.109460,"2016/06/20 03:40:04"
D,METER_DATA,GEN_DUID,1,"2016/06/20 03:45:00",CULLRGWF,-0.21,"2016/06/20 03:40:04"
D,METER_DATA,GEN_DUID,1,"2016/06/20 03:45:00",ERGT01,0,"2016/06/20 03:40:04"
D,METER_DATA,GEN_DUID,1,"2016/06/20 03:45:00",GB01,0.139488,"2016/06/20 03:40:04"
D,METER_DATA,GEN_DUID,1,"2016/06/20 03:45:00",GEORGTN1,0,"2016/06/20 03:40:04"
D,METER_DATA,GEN_DUID,1,"2016/06/20 03:45:00",GEORGTN2,0,"2016/06/20 03:40:04"
D,METER_DATA,GEN_DUID,1,"2016/06/20 03:45:00",GERMCRK,38.700001,"2016/06/20 03:40:04"
D,METER_DATA,GEN_DUID,1,"2016/06/20 03:45:00",INVICTA,13.7250,"2016/06/20 03:40:04"
D,METER_DATA,GEN_DUID,1,"2016/06/20 03:45:00",LKBONNY1,11.699527,"2016/06/20 03:40:04"
D,METER_DATA,GEN_DUID,1,"2016/06/20 03:45:00",MBAHNTH,59.756252,"2016/06/20 03:40:04"
D,METER_DATA,GEN_DUID,1,"2016/06/20 03:45:00",MEADOWB2,0,"2016/06/20 03:40:04"
D,METER_DATA,GEN_DUID,1,"2016/06/20 03:45:00",MLWF1,5.70,"2016/06/20 03:40:04"
D,METER_DATA,GEN_DUID,1,"2016/06/20 03:45:00",MTMILLAR,5.856312,"2016/06/20 03:40:04"
D,METER_DATA,GEN_DUID,1,"2016/06/20 03:45:00",PALOONA,24.16,"2016/06/20 03:40:04"
D,METER_DATA,GEN_DUID,1,"2016/06/20 03:45:00",PORTLAT1,0,"2016/06/20 03:40:04"
D,METER_DATA,GEN_DUID,1,"2016/06/20 03:45:00",PORTWF,26.700001,"2016/06/20 03:40:04"
D,METER_DATA,GEN_DUID,1,"2016/06/20 03:45:00",QUERIVE1,-0.13,"2016/06/20 03:40:04"
D,METER_DATA,GEN_DUID,1,"2016/06/20 03:45:00",REPULSE,13.757710,"2016/06/20 03:40:04"
D,METER_DATA,GEN_DUID,1,"2016/06/20 03:45:00",ROWALLAN,10.2524,"2016/06/20 03:40:04"
D,METER_DATA,GEN_DUID,1,"2016/06/20 03:45:00",ROYALLA1,0,"2016/06/20 03:40:04"
D,METER_DATA,GEN_DUID,1,"2016/06/20 03:45:00",RPCG,-0.20,"2016/06/20 03:40:04"
D,METER_DATA,GEN_DUID,1,"2016/06/20 03:45:00",RUBICON,0,"2016/06/20 03:40:04"
D,METER_DATA,GEN_DUID,1,"2016/06/20 03:45:00",STARHLWF,3.099096,"2016/06/20 03:40:04"
D,METER_DATA,GEN_DUID,1,"2016/06/20 03:45:00",WAUBRAWF,101.526001,"2016/06/20 03:40:04"
D,METER_DATA,GEN_DUID,1,"2016/06/20 03:45:00",WOOLNTH1,19.940016,"2016/06/20 03:40:04"
D,METER_DATA,GEN_DUID,1,"2016/06/20 03:45:00",WPWF,0,"2016/06/20 03:40:04"
D,METER_DATA,GEN_DUID,1,"2016/06/20 03:45:00",YAMBUKWF,2.30,"2016/06/20 03:40:04"
D,METER_DATA,GEN_DUID,1,"2016/06/20 03:50:00",BBDISEL1,0,"2016/06/20 03:45:05"
D,METER_DATA,GEN_DUID,1,"2016/06/20 03:50:00",BUTLERSG,7.799998,"2016/06/20 03:45:05"
D,METER_DATA,GEN_DUID,1,"2016/06/20 03:50:00",CALL_A_4,0,"2016/06/20 03:45:05"
D,METER_DATA,GEN_DUID,1,"2016/06/20 03:50:00",CAPTL_WF,0,"2016/06/20 03:45:05"
D,METER_DATA,GEN_DUID,1,"2016/06/20 03:50:00",CATAGUN1,0,"2016/06/20 03:45:05"
D,METER_DATA,GEN_DUID,1,"2016/06/20 03:50:00",CATHROCK,0,"2016/06/20 03:45:05"
D,METER_DATA,GEN_DUID,1,"2016/06/20 03:50:00",CHALLHWF,30.900002,"2016/06/20 03:45:05"
D,METER_DATA,GEN_DUID,1,"2016/06/20 03:50:00",CLOVER,12.45,"2016/06/20 03:45:05"
D,METER_DATA,GEN_DUID,1,"2016/06/20 03:50:00",CLUNY,9.245630,"2016/06/20 03:45:05"
D,METER_DATA,GEN_DUID,1,"2016/06/20 03:50:00",CNUNDAWF,7.909226,"2016/06/20 03:45:05"
D,METER_DATA,GEN_DUID,1,"2016/06/20 03:50:00",CULLRGWF,-0.04,"2016/06/20 03:45:05"
D,METER_DATA,GEN_DUID,1,"2016/06/20 03:50:00",ERGT01,0,"2016/06/20 03:45:05"
D,METER_DATA,GEN_DUID,1,"2016/06/20 03:50:00",GB01,0.139488,"2016/06/20 03:45:05"
D,METER_DATA,GEN_DUID,1,"2016/06/20 03:50:00",GEORGTN1,0,"2016/06/20 03:45:05"
D,METER_DATA,GEN_DUID,1,"2016/06/20 03:50:00",GEORGTN2,0,"2016/06/20 03:45:05"
D,METER_DATA,GEN_DUID,1,"2016/06/20 03:50:00",GERMCRK,39.099998,"2016/06/20 03:45:05"
D,METER_DATA,GEN_DUID,1,"2016/06/20 03:50:00",INVICTA,13.7250,"2016/06/20 03:45:05"
D,METER_DATA,GEN_DUID,1,"2016/06/20 03:50:00",LKBONNY1,10.270576,"2016/06/20 03:45:05"
D,METER_DATA,GEN_DUID,1,"2016/06/20 03:50:00",MBAHNTH,59.756252,"2016/06/20 03:45:05"
D,METER_DATA,GEN_DUID,1,"2016/06/20 03:50:00",MEADOWB2,0,"2016/06/20 03:45:05"
D,METER_DATA,GEN_DUID,1,"2016/06/20 03:50:00",MLWF1,5.5050,"2016/06/20 03:45:05"
D,METER_DATA,GEN_DUID,1,"2016/06/20 03:50:00",MTMILLAR,5.767016,"2016/06/20 03:45:05"
D,METER_DATA,GEN_DUID,1,"2016/06/20 03:50:00",PALOONA,24.16,"2016/06/20 03:45:05"
D,METER_DATA,GEN_DUID,1,"2016/06/20 03:50:00",PORTLAT1,0,"2016/06/20 03:45:05"
D,METER_DATA,GEN_DUID,1,"2016/06/20 03:50:00",PORTWF,24.200001,"2016/06/20 03:45:05"
D,METER_DATA,GEN_DUID,1,"2016/06/20 03:50:00",QUERIVE1,-0.13,"2016/06/20 03:45:05"
D,METER_DATA,GEN_DUID,1,"2016/06/20 03:50:00",REPULSE,14.805735,"2016/06/20 03:45:05"
D,METER_DATA,GEN_DUID,1,"2016/06/20 03:50:00",ROWALLAN,10.0962,"2016/06/20 03:45:05"
D,METER_DATA,GEN_DUID,1,"2016/06/20 03:50:00",ROYALLA1,0,"2016/06/20 03:45:05"
D,METER_DATA,GEN_DUID,1,"2016/06/20 03:50:00",RPCG,-0.20,"2016/06/20 03:45:05"
D,METER_DATA,GEN_DUID,1,"2016/06/20 03:50:00",RUBICON,0,"2016/06/20 03:45:05"
D,METER_DATA,GEN_DUID,1,"2016/06/20 03:50:00",STARHLWF,3.498980,"2016/06/20 03:45:05"
D,METER_DATA,GEN_DUID,1,"2016/06/20 03:50:00",WAUBRAWF,100.482002,"2016/06/20 03:45:05"
D,METER_DATA,GEN_DUID,1,"2016/06/20 03:50:00",WOOLNTH1,19.970016,"2016/06/20 03:45:05"
D,METER_DATA,GEN_DUID,1,"2016/06/20 03:50:00",WPWF,0,"2016/06/20 03:45:05"
D,METER_DATA,GEN_DUID,1,"2016/06/20 03:50:00",YAMBUKWF,2.30,"2016/06/20 03:45:05"
D,METER_DATA,GEN_DUID,1,"2016/06/20 03:55:00",BBDISEL1,0,"2016/06/20 03:50:05"
D,METER_DATA,GEN_DUID,1,"2016/06/20 03:55:00",BUTLERSG,7.799998,"2016/06/20 03:50:05"
D,METER_DATA,GEN_DUID,1,"2016/06/20 03:55:00",CALL_A_4,0,"2016/06/20 03:50:05"
D,METER_DATA,GEN_DUID,1,"2016/06/20 03:55:00",CAPTL_WF,0,"2016/06/20 03:50:05"
D,METER_DATA,GEN_DUID,1,"2016/06/20 03:55:00",CATAGUN1,0,"2016/06/20 03:50:05"
D,METER_DATA,GEN_DUID,1,"2016/06/20 03:55:00",CATHROCK,0,"2016/06/20 03:50:05"
D,METER_DATA,GEN_DUID,1,"2016/06/20 03:55:00",CHALLHWF,31.799999,"2016/06/20 03:50:05"
D,METER_DATA,GEN_DUID,1,"2016/06/20 03:55:00",CLOVER,12.32,"2016/06/20 03:50:05"
D,METER_DATA,GEN_DUID,1,"2016/06/20 03:55:00",CLUNY,8.931251,"2016/06/20 03:50:05"
D,METER_DATA,GEN_DUID,1,"2016/06/20 03:55:00",CNUNDAWF,6.507591,"2016/06/20 03:50:05"
D,METER_DATA,GEN_DUID,1,"2016/06/20 03:55:00",CULLRGWF,-0.05,"2016/06/20 03:50:05"
D,METER_DATA,GEN_DUID,1,"2016/06/20 03:55:00",ERGT01,0,"2016/06/20 03:50:05"
D,METER_DATA,GEN_DUID,1,"2016/06/20 03:55:00",GB01,0.135059,"2016/06/20 03:50:05"
D,METER_DATA,GEN_DUID,1,"2016/06/20 03:55:00",GEORGTN1,0,"2016/06/20 03:50:05"
D,METER_DATA,GEN_DUID,1,"2016/06/20 03:55:00",GEORGTN2,0,"2016/06/20 03:50:05"
D,METER_DATA,GEN_DUID,1,"2016/06/20 03:55:00",GERMCRK,39,"2016/06/20 03:50:05"
D,METER_DATA,GEN_DUID,1,"2016/06/20 03:55:00",INVICTA,13.7250,"2016/06/20 03:50:05"
D,METER_DATA,GEN_DUID,1,"2016/06/20 03:55:00",LKBONNY1,11.074361,"2016/06/20 03:50:05"
D,METER_DATA,GEN_DUID,1,"2016/06/20 03:55:00",MBAHNTH,59.756252,"2016/06/20 03:50:05"
D,METER_DATA,GEN_DUID,1,"2016/06/20 03:55:00",MEADOWB2,0,"2016/06/20 03:50:05"
D,METER_DATA,GEN_DUID,1,"2016/06/20 03:55:00",MLWF1,4.6350,"2016/06/20 03:50:05"
D,METER_DATA,GEN_DUID,1,"2016/06/20 03:55:00",MTMILLAR,7.344574,"2016/06/20 03:50:05"
D,METER_DATA,GEN_DUID,1,"2016/06/20 03:55:00",PALOONA,24.16,"2016/06/20 03:50:05"
D,METER_DATA,GEN_DUID,1,"2016/06/20 03:55:00",PORTLAT1,0,"2016/06/20 03:50:05"
D,METER_DATA,GEN_DUID,1,"2016/06/20 03:55:00",PORTWF,23.40,"2016/06/20 03:50:05"
D,METER_DATA,GEN_DUID,1,"2016/06/20 03:55:00",QUERIVE1,-0.13,"2016/06/20 03:50:05"
D,METER_DATA,GEN_DUID,1,"2016/06/20 03:55:00",REPULSE,12.976455,"2016/06/20 03:50:05"
D,METER_DATA,GEN_DUID,1,"2016/06/20 03:55:00",ROWALLAN,10.0252,"2016/06/20 03:50:05"
D,METER_DATA,GEN_DUID,1,"2016/06/20 03:55:00",ROYALLA1,0,"2016/06/20 03:50:05"
D,METER_DATA,GEN_DUID,1,"2016/06/20 03:55:00",RPCG,-0.20,"2016/06/20 03:50:05"
D,METER_DATA,GEN_DUID,1,"2016/06/20 03:55:00",RUBICON,0,"2016/06/20 03:50:05"
D,METER_DATA,GEN_DUID,1,"2016/06/20 03:55:00",STARHLWF,3.299038,"2016/06/20 03:50:05"
D,METER_DATA,GEN_DUID,1,"2016/06/20 03:55:00",WAUBRAWF,100.359001,"2016/06/20 03:50:05"
D,METER_DATA,GEN_DUID,1,"2016/06/20 03:55:00",WOOLNTH1,19.370016,"2016/06/20 03:50:05"
D,METER_DATA,GEN_DUID,1,"2016/06/20 03:55:00",WPWF,0,"2016/06/20 03:50:05"
D,METER_DATA,GEN_DUID,1,"2016/06/20 03:55:00",YAMBUKWF,2.70,"2016/06/20 03:50:05"
D,METER_DATA,GEN_DUID,1,"2016/06/20 04:00:00",BBDISEL1,0,"2016/06/20 03:55:04"
D,METER_DATA,GEN_DUID,1,"2016/06/20 04:00:00",BUTLERSG,7.799998,"2016/06/20 03:55:04"
D,METER_DATA,GEN_DUID,1,"2016/06/20 04:00:00",CALL_A_4,0,"2016/06/20 03:55:04"
D,METER_DATA,GEN_DUID,1,"2016/06/20 04:00:00",CAPTL_WF,0,"2016/06/20 03:55:04"
D,METER_DATA,GEN_DUID,1,"2016/06/20 04:00:00",CATAGUN1,0,"2016/06/20 03:55:04"
D,METER_DATA,GEN_DUID,1,"2016/06/20 04:00:00",CATHROCK,0,"2016/06/20 03:55:04"
D,METER_DATA,GEN_DUID,1,"2016/06/20 04:00:00",CHALLHWF,32.800003,"2016/06/20 03:55:04"
D,METER_DATA,GEN_DUID,1,"2016/06/20 04:00:00",CLOVER,12.389999,"2016/06/20 03:55:04"
D,METER_DATA,GEN_DUID,1,"2016/06/20 04:00:00",CLUNY,9.074150,"2016/06/20 03:55:04"
D,METER_DATA,GEN_DUID,1,"2016/06/20 04:00:00",CNUNDAWF,2.803270,"2016/06/20 03:55:04"
D,METER_DATA,GEN_DUID,1,"2016/06/20 04:00:00",CULLRGWF,-0.06,"2016/06/20 03:55:04"
D,METER_DATA,GEN_DUID,1,"2016/06/20 04:00:00",ERGT01,0,"2016/06/20 03:55:04"
D,METER_DATA,GEN_DUID,1,"2016/06/20 04:00:00",GB01,0.135059,"2016/06/20 03:55:04"
D,METER_DATA,GEN_DUID,1,"2016/06/20 04:00:00",GEORGTN1,0,"2016/06/20 03:55:04"
D,METER_DATA,GEN_DUID,1,"2016/06/20 04:00:00",GEORGTN2,0,"2016/06/20 03:55:04"
D,METER_DATA,GEN_DUID,1,"2016/06/20 04:00:00",GERMCRK,39.099998,"2016/06/20 03:55:04"
D,METER_DATA,GEN_DUID,1,"2016/06/20 04:00:00",INVICTA,13.7250,"2016/06/20 03:55:04"
D,METER_DATA,GEN_DUID,1,"2016/06/20 04:00:00",LKBONNY1,8.305771,"2016/06/20 03:55:04"
D,METER_DATA,GEN_DUID,1,"2016/06/20 04:00:00",MBAHNTH,59.756252,"2016/06/20 03:55:04"
D,METER_DATA,GEN_DUID,1,"2016/06/20 04:00:00",MEADOWB2,0,"2016/06/20 03:55:04"
D,METER_DATA,GEN_DUID,1,"2016/06/20 04:00:00",MLWF1,5.0550,"2016/06/20 03:55:04"
D,METER_DATA,GEN_DUID,1,"2016/06/20 04:00:00",MTMILLAR,6.377204,"2016/06/20 03:55:04"
D,METER_DATA,GEN_DUID,1,"2016/06/20 04:00:00",PALOONA,24.07,"2016/06/20 03:55:04"
D,METER_DATA,GEN_DUID,1,"2016/06/20 04:00:00",PORTLAT1,0,"2016/06/20 03:55:04"
D,METER_DATA,GEN_DUID,1,"2016/06/20 04:00:00",PORTWF,27.799999,"2016/06/20 03:55:04"
D,METER_DATA,GEN_DUID,1,"2016/06/20 04:00:00",QUERIVE1,-0.13,"2016/06/20 03:55:04"
D,METER_DATA,GEN_DUID,1,"2016/06/20 04:00:00",REPULSE,14.653295,"2016/06/20 03:55:04"
D,METER_DATA,GEN_DUID,1,"2016/06/20 04:00:00",ROWALLAN,10.2453,"2016/06/20 03:55:04"
D,METER_DATA,GEN_DUID,1,"2016/06/20 04:00:00",ROYALLA1,0,"2016/06/20 03:55:04"
D,METER_DATA,GEN_DUID,1,"2016/06/20 04:00:00",RPCG,-0.20,"2016/06/20 03:55:04"
D,METER_DATA,GEN_DUID,1,"2016/06/20 04:00:00",RUBICON,0,"2016/06/20 03:55:04"
D,METER_DATA,GEN_DUID,1,"2016/06/20 04:00:00",STARHLWF,3.998834,"2016/06/20 03:55:04"
D,METER_DATA,GEN_DUID,1,"2016/06/20 04:00:00",WAUBRAWF,107.120003,"2016/06/20 03:55:04"
D,METER_DATA,GEN_DUID,1,"2016/06/20 04:00:00",WOOLNTH1,18.940016,"2016/06/20 03:55:04"
D,METER_DATA,GEN_DUID,1,"2016/06/20 04:00:00",WPWF,0,"2016/06/20 03:55:04"
D,METER_DATA,GEN_DUID,1,"2016/06/20 04:00:00",YAMBUKWF,3,"2016/06/20 03:55:04"
C,"END OF REPORT",10368
