C,NEMP.WORLD,NEXT_DAY_ACTUAL_GEN,AEMO,PUBLIC,2015/12/18,04:10:19,0000000267006506,NEXT_DAY_ACTUAL_GEN,0000000267006506
I,METER_DATA,GEN_DUID,1,INTERVAL_DATETIME,DUID,MWH_READING,LASTCHANGED
D,METER_DATA,GEN_DUID,1,"2015/12/17 04:05:00",ANGAS1,0,"2015/12/17 04:00:04"
D,METER_DATA,GEN_DUID,1,"2015/12/17 04:05:00",ANGAS2,0,"2015/12/17 04:00:04"
D,METER_DATA,GEN_DUID,1,"2015/12/17 04:05:00",BUTLERSG,-0.000002,"2015/12/17 04:00:04"
D,METER_DATA,GEN_DUID,1,"2015/12/17 04:05:00",CALL_A_4,0,"2015/12/17 04:00:04"
D,METER_DATA,GEN_DUID,1,"2015/12/17 04:05:00",CAPTL_WF,21.360001,"2015/12/17 04:00:04"
D,METER_DATA,GEN_DUID,1,"2015/12/17 04:05:00",CATHROCK,27.069998,"2015/12/17 04:00:04"
D,METER_DATA,GEN_DUID,1,"2015/12/17 04:05:00",CHALLHWF,4.70,"2015/12/17 04:00:04"
D,METER_DATA,GEN_DUID,1,"2015/12/17 04:05:00",CLOVER,-0.01,"2015/12/17 04:00:04"
D,METER_DATA,GEN_DUID,1,"2015/12/17 04:05:00",CLUNY,8.131010,"2015/12/17 04:00:04"
D,METER_DATA,GEN_DUID,1,"2015/12/17 04:05:00",CNUNDAWF,5.206073,"2015/12/17 04:00:04"
D,METER_DATA,GEN_DUID,1,"2015/12/17 04:05:00",CULLRGWF,9.06,"2015/12/17 04:00:04"
D,METER_DATA,GEN_DUID,1,"2015/12/17 04:05:00",ERGT01,0,"2015/12/17 04:00:04"
D,METER_DATA,GEN_DUID,1,"2015/12/17 04:05:00",GB01,0.186535,"2015/12/17 04:00:04"
D,METER_DATA,GEN_DUID,1,"2015/12/17 04:05:00",GERMCRK,37,"2015/12/17 04:00:04"
D,METER_DATA,GEN_DUID,1,"2015/12/17 04:05:00",INVICTA,0,"2015/12/17 04:00:04"
D,METER_DATA,GEN_DUID,1,"2015/12/17 04:05:00",LKBONNY1,3.929612,"2015/12/17 04:00:04"
D,METER_DATA,GEN_DUID,1,"2015/12/17 04:05:00",MBAHNTH,1.893751,"2015/12/17 04:00:04"
D,METER_DATA,GEN_DUID,1,"2015/12/17 04:05:00",MLWF1,6.3750,"2015/12/17 04:00:04"
D,METER_DATA,GEN_DUID,1,"2015/12/17 04:05:00",MTMILLAR,8.617039,"2015/12/17 04:00:04"
D,METER_DATA,GEN_DUID,1,"2015/12/17 04:05:00",PALOONA,7.93,"2015/12/17 04:00:04"
D,METER_DATA,GEN_DUID,1,"2015/12/17 04:05:00",PIONEER,-0.40,"2015/12/17 04:00:04"
D,METER_DATA,GEN_DUID,1,"2015/12/17 04:05:00",PORTWF,11,"2015/12/17 04:00:04"
D,METER_DATA,GEN_DUID,1,"2015/12/17 04:05:00",REPULSE,13.700544,"2015/12/17 04:00:04"
D,METER_DATA,GEN_DUID,1,"2015/12/17 04:05:00",ROWALLAN,0,"2015/12/17 04:00:04"
D,METER_DATA,GEN_DUID,1,"2015/12/17 04:05:00",RPCG,10.30,"2015/12/17 04:00:04"
D,METER_DATA,GEN_DUID,1,"2015/12/17 04:05:00",RUBICON,0,"2015/12/17 04:00:04"
D,METER_DATA,GEN_DUID,1,"2015/12/17 04:05:00",STARHLWF,25.992420,"2015/12/17 04:00:04"
D,METER_DATA,GEN_DUID,1,"2015/12/17 04:05:00",WAUBRAWF,86.856003,"2015/12/17 04:00:04"
D,METER_DATA,GEN_DUID,1,"2015/12/17 04:05:00",WOOLNTH1,68.340019,"2015/12/17 04:00:04"
D,METER_DATA,GEN_DUID,1,"2015/12/17 04:05:00",WPWF,6,"2015/12/17 04:00:04"
D,METER_DATA,GEN_DUID,1,"2015/12/17 04:05:00",YAMBUKWF,1.60,"2015/12/17 04:00:04"
D,METER_DATA,GEN_DUID,1,"2015/12/17 04:10:00",ANGAS1,0,"2015/12/17 04:05:04"
D,METER_DATA,GEN_DUID,1,"2015/12/17 04:10:00",ANGAS2,0,"2015/12/17 04:05:04"
D,METER_DATA,GEN_DUID,1,"2015/12/17 04:10:00",BUTLERSG,-0.000002,"2015/12/17 04:05:04"
D,METER_DATA,GEN_DUID,1,"2015/12/17 04:10:00",CALL_A_4,0,"2015/12/17 04:05:04"
D,METER_DATA,GEN_DUID,1,"2015/12/17 04:10:00",CAPTL_WF,20.18,"2015/12/17 04:05:04"
D,METER_DATA,GEN_DUID,1,"2015/12/17 04:10:00",CATHROCK,24.049999,"2015/12/17 04:05:04"
D,METER_DATA,GEN_DUID,1,"2015/12/17 04:10:00",CHALLHWF,4.50,"2015/12/17 04:05:04"
D,METER_DATA,GEN_DUID,1,"2015/12/17 04:10:00",CLOVER,-0.01,"2015/12/17 04:05:04"
D,METER_DATA,GEN_DUID,1,"2015/12/17 04:10:00",CLUNY,8.231040,"2015/12/17 04:05:04"
D,METER_DATA,GEN_DUID,1,"2015/12/17 04:10:00",CNUNDAWF,5.206073,"2015/12/17 04:05:04"
D,METER_DATA,GEN_DUID,1,"2015/12/17 04:10:00",CULLRGWF,9.36,"2015/12/17 04:05:04"
D,METER_DATA,GEN_DUID,1,"2015/12/17 04:10:00",ERGT01,0,"2015/12/17 04:05:04"
D,METER_DATA,GEN_DUID,1,"2015/12/17 04:10:00",GB01,0.188572,"2015/12/17 04:05:04"
D,METER_DATA,GEN_DUID,1,"2015/12/17 04:10:00",GERMCRK,37,"2015/12/17 04:05:04"
D,METER_DATA,GEN_DUID,1,"2015/12/17 04:10:00",INVICTA,0,"2015/12/17 04:05:04"
D,METER_DATA,GEN_DUID,1,"2015/12/17 04:10:00",LKBONNY1,3.036518,"2015/12/17 04:05:04"
D,METER_DATA,GEN_DUID,1,"2015/12/17 04:10:00",MBAHNTH,1.893751,"2015/12/17 04:05:04"
D,METER_DATA,GEN_DUID,1,"2015/12/17 04:10:00",MLWF1,6.0750,"2015/12/17 04:05:04"
D,METER_DATA,GEN_DUID,1,"2015/12/17 04:10:00",MTMILLAR,7.917555,"2015/12/17 04:05:04"
D,METER_DATA,GEN_DUID,1,"2015/12/17 04:10:00",PALOONA,7.93,"2015/12/17 04:05:04"
D,METER_DATA,GEN_DUID,1,"2015/12/17 04:10:00",PIONEER,-0.40,"2015/12/17 04:05:04"
D,METER_DATA,GEN_DUID,1,"2015/12/17 04:10:00",PORTWF,12.20,"2015/12/17 04:05:04"
D,METER_DATA,GEN_DUID,1,"2015/12/17 04:10:00",REPULSE,13.852984,"2015/12/17 04:05:04"
D,METER_DATA,GEN_DUID,1,"2015/12/17 04:10:00",ROWALLAN,0,"2015/12/17 04:05:04"
D,METER_DATA,GEN_DUID,1,"2015/12/17 04:10:00",RPCG,10.30,"2015/12/17 04:05:04"
D,METER_DATA,GEN_DUID,1,"2015/12/17 04:10:00",RUBICON,0,"2015/12/17 04:05:04"
D,METER_DATA,GEN_DUID,1,"2015/12/17 04:10:00",STARHLWF,25.192654,"2015/12/17 04:05:04"
D,METER_DATA,GEN_DUID,1,"2015/12/17 04:10:00",WAUBRAWF,88.189003,"2015/12/17 04:05:04"
D,METER_DATA,GEN_DUID,1,"2015/12/17 04:10:00",WOOLNTH1,68.280014,"2015/12/17 04:05:04"
D,METER_DATA,GEN_DUID,1,"2015/12/17 04:10:00",WPWF,6,"2015/12/17 04:05:04"
D,METER_DATA,GEN_DUID,1,"2015/12/17 04:10:00",YAMBUKWF,1.30,"2015/12/17 04:05:04"
D,METER_DATA,GEN_DUID,1,"2015/12/17 04:15:00",ANGAS1,0,"2015/12/17 04:10:04"
D,METER_DATA,GEN_DUID,1,"2015/12/17 04:15:00",ANGAS2,0,"2015/12/17 04:10:04"
D,METER_DATA,GEN_DUID,1,"2015/12/17 04:15:00",BUTLERSG,-0.000002,"2015/12/17 04:10:04"
D,METER_DATA,GEN_DUID,1,"2015/12/17 04:15:00",CALL_A_4,0,"2015/12/17 04:10:04"
D,METER_DATA,GEN_DUID,1,"2015/12/17 04:15:00",CAPTL_WF,19.4720,"2015/12/17 04:10:04"
D,METER_DATA,GEN_DUID,1,"2015/12/17 04:15:00",CATHROCK,21.059999,"2015/12/17 04:10:04"
D,METER_DATA,GEN_DUID,1,"2015/12/17 04:15:00",CHALLHWF,5.10,"2015/12/17 04:10:04"
D,METER_DATA,GEN_DUID,1,"2015/12/17 04:15:00",CLOVER,-0.02,"2015/12/17 04:10:04"
D,METER_DATA,GEN_DUID,1,"2015/12/17 04:15:00",CLUNY,8.173881,"2015/12/17 04:10:04"
D,METER_DATA,GEN_DUID,1,"2015/12/17 04:15:00",CNUNDAWF,4.805606,"2015/12/17 04:10:04"
D,METER_DATA,GEN_DUID,1,"2015/12/17 04:15:00",CULLRGWF,7.93,"2015/12/17 04:10:04"
D,METER_DATA,GEN_DUID,1,"2015/12/17 04:15:00",ERGT01,0,"2015/12/17 04:10:04"
D,METER_DATA,GEN_DUID,1,"2015/12/17 04:15:00",GB01,0.188572,"2015/12/17 04:10:04"
D,METER_DATA,GEN_DUID,1,"2015/12/17 04:15:00",GERMCRK,36.900002,"2015/12/17 04:10:04"
D,METER_DATA,GEN_DUID,1,"2015/12/17 04:15:00",INVICTA,0,"2015/12/17 04:10:04"
D,METER_DATA,GEN_DUID,1,"2015/12/17 04:15:00",LKBONNY1,2.143425,"2015/12/17 04:10:04"
D,METER_DATA,GEN_DUID,1,"2015/12/17 04:15:00",MBAHNTH,1.893751,"2015/12/17 04:10:04"
D,METER_DATA,GEN_DUID,1,"2015/12/17 04:15:00",MLWF1,5.4750,"2015/12/17 04:10:04"
D,METER_DATA,GEN_DUID,1,"2015/12/17 04:15:00",MTMILLAR,7.649668,"2015/12/17 04:10:04"
D,METER_DATA,GEN_DUID,1,"2015/12/17 04:15:00",PALOONA,7.93,"2015/12/17 04:10:04"
D,METER_DATA,GEN_DUID,1,"2015/12/17 04:15:00",PIONEER,-0.40,"2015/12/17 04:10:04"
D,METER_DATA,GEN_DUID,1,"2015/12/17 04:15:00",PORTWF,12.50,"2015/12/17 04:10:04"
D,METER_DATA,GEN_DUID,1,"2015/12/17 04:15:00",REPULSE,13.852984,"2015/12/17 04:10:04"
D,METER_DATA,GEN_DUID,1,"2015/12/17 04:15:00",ROWALLAN,0,"2015/12/17 04:10:04"
D,METER_DATA,GEN_DUID,1,"2015/12/17 04:15:00",RPCG,9.20,"2015/12/17 04:10:04"
D,METER_DATA,GEN_DUID,1,"2015/12/17 04:15:00",RUBICON,0,"2015/12/17 04:10:04"
D,METER_DATA,GEN_DUID,1,"2015/12/17 04:15:00",STARHLWF,23.593121,"2015/12/17 04:10:04"
D,METER_DATA,GEN_DUID,1,"2015/12/17 04:15:00",WAUBRAWF,91.456001,"2015/12/17 04:10:04"
D,METER_DATA,GEN_DUID,1,"2015/12/17 04:15:00",WOOLNTH1,66.830017,"2015/12/17 04:10:04"
D,METER_DATA,GEN_DUID,1,"2015/12/17 04:15:00",WPWF,6,"2015/12/17 04:10:04"
D,METER_DATA,GEN_DUID,1,"2015/12/17 04:15:00",YAMBUKWF,1.40,"2015/12/17 04:10:04"
D,METER_DATA,GEN_DUID,1,"2015/12/17 04:20:00",ANGAS1,0,"2015/12/17 04:15:05"
D,METER_DATA,GEN_DUID,1,"2015/12/17 04:20:00",ANGAS2,0,"2015/12/17 04:15:05"
D,METER_DATA,GEN_DUID,1,"2015/12/17 04:20:00",BUTLERSG,-0.000002,"2015/12/17 04:15:05"
D,METER_DATA,GEN_DUID,1,"2015/12/17 04:20:00",CALL_A_4,0,"2015/12/17 04:15:05"
D,METER_DATA,GEN_DUID,1,"2015/12/17 04:20:00",CAPTL_WF,16.908005,"2015/12/17 04:15:05"
D,METER_DATA,GEN_DUID,1,"2015/12/17 04:20:00",CATHROCK,18.179998,"2015/12/17 04:15:05"
D,METER_DATA,GEN_DUID,1,"2015/12/17 04:20:00",CHALLHWF,6,"2015/12/17 04:15:05"
D,METER_DATA,GEN_DUID,1,"2015/12/17 04:20:00",CLOVER,-0.01,"2015/12/17 04:15:05"
D,METER_DATA,GEN_DUID,1,"2015/12/17 04:20:00",CLUNY,8.016690,"2015/12/17 04:15:05"
D,METER_DATA,GEN_DUID,1,"2015/12/17 04:20:00",CNUNDAWF,4.104789,"2015/12/17 04:15:05"
D,METER_DATA,GEN_DUID,1,"2015/12/17 04:20:00",CULLRGWF,6.01,"2015/12/17 04:15:05"
D,METER_DATA,GEN_DUID,1,"2015/12/17 04:20:00",ERGT01,0,"2015/12/17 04:15:05"
D,METER_DATA,GEN_DUID,1,"2015/12/17 04:20:00",GB01,0.188572,"2015/12/17 04:15:05"
D,METER_DATA,GEN_DUID,1,"2015/12/17 04:20:00",GERMCRK,36.700001,"2015/12/17 04:15:05"
D,METER_DATA,GEN_DUID,1,"2015/12/17 04:20:00",INVICTA,0,"2015/12/17 04:15:05"
D,METER_DATA,GEN_DUID,1,"2015/12/17 04:20:00",LKBONNY1,1.518259,"2015/12/17 04:15:05"
D,METER_DATA,GEN_DUID,1,"2015/12/17 04:20:00",MBAHNTH,1.893751,"2015/12/17 04:15:05"
D,METER_DATA,GEN_DUID,1,"2015/12/17 04:20:00",MLWF1,5.46,"2015/12/17 04:15:05"
D,METER_DATA,GEN_DUID,1,"2015/12/17 04:20:00",MTMILLAR,8.029175,"2015/12/17 04:15:05"
D,METER_DATA,GEN_DUID,1,"2015/12/17 04:20:00",PALOONA,7.93,"2015/12/17 04:15:05"
D,METER_DATA,GEN_DUID,1,"2015/12/17 04:20:00",PIONEER,-0.40,"2015/12/17 04:15:05"
D,METER_DATA,GEN_DUID,1,"2015/12/17 04:20:00",PORTWF,12.50,"2015/12/17 04:15:05"
D,METER_DATA,GEN_DUID,1,"2015/12/17 04:20:00",REPULSE,13.605269,"2015/12/17 04:15:05"
D,METER_DATA,GEN_DUID,1,"2015/12/17 04:20:00",ROWALLAN,0,"2015/12/17 04:15:05"
D,METER_DATA,GEN_DUID,1,"2015/12/17 04:20:00",RPCG,9.20,"2015/12/17 04:15:05"
D,METER_DATA,GEN_DUID,1,"2015/12/17 04:20:00",RUBICON,0,"2015/12/17 04:15:05"
D,METER_DATA,GEN_DUID,1,"2015/12/17 04:20:00",STARHLWF,21.893616,"2015/12/17 04:15:05"
D,METER_DATA,GEN_DUID,1,"2015/12/17 04:20:00",WAUBRAWF,99.273003,"2015/12/17 04:15:05"
D,METER_DATA,GEN_DUID,1,"2015/12/17 04:20:00",WOOLNTH1,68.620018,"2015/12/17 04:15:05"
D,METER_DATA,GEN_DUID,1,"2015/12/17 04:20:00",WPWF,7,"2015/12/17 04:15:05"
D,METER_DATA,GEN_DUID,1,"2015/12/17 04:20:00",YAMBUKWF,1.20,"2015/12/17 04:15:05"
D,METER_DATA,GEN_DUID,1,"2015/12/17 04:25:00",ANGAS1,0,"2015/12/17 04:20:04"
D,METER_DATA,GEN_DUID,1,"2015/12/17 04:25:00",ANGAS2,0,"2015/12/17 04:20:04"
D,METER_DATA,GEN_DUID,1,"2015/12/17 04:25:00",BUTLERSG,-0.000002,"2015/12/17 04:20:04"
D,METER_DATA,GEN_DUID,1,"2015/12/17 04:25:00",CALL_A_4,0,"2015/12/17 04:20:04"
D,METER_DATA,GEN_DUID,1,"2015/12/17 04:25:00",CAPTL_WF,11.2080,"2015/12/17 04:20:04"
D,METER_DATA,GEN_DUID,1,"2015/12/17 04:25:00",CATHROCK,16.289999,"2015/12/17 04:20:04"
D,METER_DATA,GEN_DUID,1,"2015/12/17 04:25:00",CHALLHWF,7.60,"2015/12/17 04:20:04"
D,METER_DATA,GEN_DUID,1,"2015/12/17 04:25:00",CLOVER,-0.01,"2015/12/17 04:20:04"
D,METER_DATA,GEN_DUID,1,"2015/12/17 04:25:00",CLUNY,8.045270,"2015/12/17 04:20:04"
D,METER_DATA,GEN_DUID,1,"2015/12/17 04:25:00",CNUNDAWF,3.403971,"2015/12/17 04:20:04"
D,METER_DATA,GEN_DUID,1,"2015/12/17 04:25:00",CULLRGWF,5.46,"2015/12/17 04:20:04"
D,METER_DATA,GEN_DUID,1,"2015/12/17 04:25:00",ERGT01,0,"2015/12/17 04:20:04"
D,METER_DATA,GEN_DUID,1,"2015/12/17 04:25:00",GB01,0.188572,"2015/12/17 04:20:04"
D,METER_DATA,GEN_DUID,1,"2015/12/17 04:25:00",GERMCRK,36.299999,"2015/12/17 04:20:04"
D,METER_DATA,GEN_DUID,1,"2015/12/17 04:25:00",INVICTA,0,"2015/12/17 04:20:04"
D,METER_DATA,GEN_DUID,1,"2015/12/17 04:25:00",LKBONNY1,1.071712,"2015/12/17 04:20:04"
D,METER_DATA,GEN_DUID,1,"2015/12/17 04:25:00",MBAHNTH,1.893751,"2015/12/17 04:20:04"
D,METER_DATA,GEN_DUID,1,"2015/12/17 04:25:00",MLWF1,5.5650,"2015/12/17 04:20:04"
D,METER_DATA,GEN_DUID,1,"2015/12/17 04:25:00",MTMILLAR,7.523166,"2015/12/17 04:20:04"
D,METER_DATA,GEN_DUID,1,"2015/12/17 04:25:00",PALOONA,7.93,"2015/12/17 04:20:04"
D,METER_DATA,GEN_DUID,1,"2015/12/17 04:25:00",PIONEER,-0.40,"2015/12/17 04:20:04"
D,METER_DATA,GEN_DUID,1,"2015/12/17 04:25:00",PORTWF,13.70,"2015/12/17 04:20:04"
D,METER_DATA,GEN_DUID,1,"2015/12/17 04:25:00",REPULSE,13.681490,"2015/12/17 04:20:04"
D,METER_DATA,GEN_DUID,1,"2015/12/17 04:25:00",ROWALLAN,0,"2015/12/17 04:20:04"
D,METER_DATA,GEN_DUID,1,"2015/12/17 04:25:00",RPCG,9.20,"2015/12/17 04:20:04"
D,METER_DATA,GEN_DUID,1,"2015/12/17 04:25:00",RUBICON,0,"2015/12/17 04:20:04"
D,METER_DATA,GEN_DUID,1,"2015/12/17 04:25:00",STARHLWF,21.393761,"2015/12/17 04:20:04"
D,METER_DATA,GEN_DUID,1,"2015/12/17 04:25:00",WAUBRAWF,106.783997,"2015/12/17 04:20:04"
D,METER_DATA,GEN_DUID,1,"2015/12/17 04:25:00",WOOLNTH1,72.070023,"2015/12/17 04:20:04"
D,METER_DATA,GEN_DUID,1,"2015/12/17 04:25:00",WPWF,7,"2015/12/17 04:20:04"
D,METER_DATA,GEN_DUID,1,"2015/12/17 04:25:00",YAMBUKWF,1.30,"2015/12/17 04:20:04"
D,METER_DATA,GEN_DUID,1,"2015/12/17 04:30:00",ANGAS1,0,"2015/12/17 04:25:04"
D,METER_DATA,GEN_DUID,1,"2015/12/17 04:30:00",ANGAS2,0,"2015/12/17 04:25:04"
D,METER_DATA,GEN_DUID,1,"2015/12/17 04:30:00",BUTLERSG,-0.000002,"2015/12/17 04:25:04"
D,METER_DATA,GEN_DUID,1,"2015/12/17 04:30:00",CALL_A_4,0,"2015/12/17 04:25:04"
D,METER_DATA,GEN_DUID,1,"2015/12/17 04:30:00",CAPTL_WF,9.900002,"2015/12/17 04:25:04"
D,METER_DATA,GEN_DUID,1,"2015/12/17 04:30:00",CATHROCK,18.119999,"2015/12/17 04:25:04"
D,METER_DATA,GEN_DUID,1,"2015/12/17 04:30:00",CHALLHWF,8,"2015/12/17 04:25:04"
D,METER_DATA,GEN_DUID,1,"2015/12/17 04:30:00",CLOVER,-0.02,"2015/12/17 04:25:04"
D,METER_DATA,GEN_DUID,1,"2015/12/17 04:30:00",CLUNY,8.245330,"2015/12/17 04:25:04"
D,METER_DATA,GEN_DUID,1,"2015/12/17 04:30:00",CNUNDAWF,3.403971,"2015/12/17 04:25:04"
D,METER_DATA,GEN_DUID,1,"2015/12/17 04:30:00",CULLRGWF,5.07,"2015/12/17 04:25:04"
D,METER_DATA,GEN_DUID,1,"2015/12/17 04:30:00",ERGT01,0,"2015/12/17 04:25:04"
D,METER_DATA,GEN_DUID,1,"2015/12/17 04:30:00",GB01,0.188572,"2015/12/17 04:25:04"
D,METER_DATA,GEN_DUID,1,"2015/12/17 04:30:00",GERMCRK,34.200001,"2015/12/17 04:25:04"
D,METER_DATA,GEN_DUID,1,"2015/12/17 04:30:00",INVICTA,0,"2015/12/17 04:25:04"
D,METER_DATA,GEN_DUID,1,"2015/12/17 04:30:00",LKBONNY1,1.161022,"2015/12/17 04:25:04"
D,METER_DATA,GEN_DUID,1,"2015/12/17 04:30:00",MBAHNTH,1.893751,"2015/12/17 04:25:04"
D,METER_DATA,GEN_DUID,1,"2015/12/17 04:30:00",MLWF1,4.5450,"2015/12/17 04:25:04"
D,METER_DATA,GEN_DUID,1,"2015/12/17 04:30:00",MTMILLAR,8.192883,"2015/12/17 04:25:04"
D,METER_DATA,GEN_DUID,1,"2015/12/17 04:30:00",PALOONA,7.89,"2015/12/17 04:25:04"
D,METER_DATA,GEN_DUID,1,"2015/12/17 04:30:00",PIONEER,-0.40,"2015/12/17 04:25:04"
D,METER_DATA,GEN_DUID,1,"2015/12/17 04:30:00",PORTWF,14.30,"2015/12/17 04:25:04"
D,METER_DATA,GEN_DUID,1,"2015/12/17 04:30:00",REPULSE,14.081645,"2015/12/17 04:25:04"
D,METER_DATA,GEN_DUID,1,"2015/12/17 04:30:00",ROWALLAN,0,"2015/12/17 04:25:04"
D,METER_DATA,GEN_DUID,1,"2015/12/17 04:30:00",RPCG,9.40,"2015/12/17 04:25:04"
D,METER_DATA,GEN_DUID,1,"2015/12/17 04:30:00",RUBICON,0,"2015/12/17 04:25:04"
D,METER_DATA,GEN_DUID,1,"2015/12/17 04:30:00",STARHLWF,20.294083,"2015/12/17 04:25:04"
D,METER_DATA,GEN_DUID,1,"2015/12/17 04:30:00",WAUBRAWF,111.255997,"2015/12/17 04:25:04"
D,METER_DATA,GEN_DUID,1,"2015/12/17 04:30:00",WOOLNTH1,64.050018,"2015/12/17 04:25:04"
D,METER_DATA,GEN_DUID,1,"2015/12/17 04:30:00",WPWF,7,"2015/12/17 04:25:04"
D,METER_DATA,GEN_DUID,1,"2015/12/17 04:30:00",YAMBUKWF,0.80,"2015/12/17 04:25:04"
D,METER_DATA,GEN_DUID,1,"2015/12/17 04:35:00",ANGAS1,0,"2015/12/17 04:30:04"
D,METER_DATA,GEN_DUID,1,"2015/12/17 04:35:00",ANGAS2,0,"2015/12/17 04:30:04"
D,METER_DATA,GEN_DUID,1,"2015/12/17 04:35:00",BUTLERSG,-0.000002,"2015/12/17 04:30:04"
D,METER_DATA,GEN_DUID,1,"2015/12/17 04:35:00",CALL_A_4,0,"2015/12/17 04:30:04"
D,METER_DATA,GEN_DUID,1,"2015/12/17 04:35:00",CAPTL_WF,10.68,"2015/12/17 04:30:04"
D,METER_DATA,GEN_DUID,1,"2015/12/17 04:35:00",CATHROCK,16.40,"2015/12/17 04:30:04"
D,METER_DATA,GEN_DUID,1,"2015/12/17 04:35:00",CHALLHWF,7.70,"2015/12/17 04:30:04"
D,METER_DATA,GEN_DUID,1,"2015/12/17 04:35:00",CLOVER,-0.01,"2015/12/17 04:30:04"
D,METER_DATA,GEN_DUID,1,"2015/12/17 04:35:00",CLUNY,8.402520,"2015/12/17 04:30:04"
D,METER_DATA,GEN_DUID,1,"2015/12/17 04:35:00",CNUNDAWF,3.003504,"2015/12/17 04:30:04"
D,METER_DATA,GEN_DUID,1,"2015/12/17 04:35:00",CULLRGWF,2.97,"2015/12/17 04:30:04"
D,METER_DATA,GEN_DUID,1,"2015/12/17 04:35:00",ERGT01,0,"2015/12/17 04:30:04"
D,METER_DATA,GEN_DUID,1,"2015/12/17 04:35:00",GB01,0.188572,"2015/12/17 04:30:04"
D,METER_DATA,GEN_DUID,1,"2015/12/17 04:35:00",GERMCRK,34.799999,"2015/12/17 04:30:04"
D,METER_DATA,GEN_DUID,1,"2015/12/17 04:35:00",INVICTA,0,"2015/12/17 04:30:04"
D,METER_DATA,GEN_DUID,1,"2015/12/17 04:35:00",LKBONNY1,1.518259,"2015/12/17 04:30:04"
D,METER_DATA,GEN_DUID,1,"2015/12/17 04:35:00",MBAHNTH,1.893751,"2015/12/17 04:30:04"
D,METER_DATA,GEN_DUID,1,"2015/12/17 04:35:00",MLWF1,4.11,"2015/12/17 04:30:04"
D,METER_DATA,GEN_DUID,1,"2015/12/17 04:35:00",MTMILLAR,8.981663,"2015/12/17 04:30:04"
D,METER_DATA,GEN_DUID,1,"2015/12/17 04:35:00",PALOONA,7.89,"2015/12/17 04:30:04"
D,METER_DATA,GEN_DUID,1,"2015/12/17 04:35:00",PIONEER,-0.40,"2015/12/17 04:30:04"
D,METER_DATA,GEN_DUID,1,"2015/12/17 04:35:00",PORTWF,14,"2015/12/17 04:30:04"
D,METER_DATA,GEN_DUID,1,"2015/12/17 04:35:00",REPULSE,14.291249,"2015/12/17 04:30:04"
D,METER_DATA,GEN_DUID,1,"2015/12/17 04:35:00",ROWALLAN,0,"2015/12/17 04:30:04"
D,METER_DATA,GEN_DUID,1,"2015/12/17 04:35:00",RPCG,10.50,"2015/12/17 04:30:04"
D,METER_DATA,GEN_DUID,1,"2015/12/17 04:35:00",RUBICON,0,"2015/12/17 04:30:04"
D,METER_DATA,GEN_DUID,1,"2015/12/17 04:35:00",STARHLWF,19.794228,"2015/12/17 04:30:04"
D,METER_DATA,GEN_DUID,1,"2015/12/17 04:35:00",WAUBRAWF,115.5690,"2015/12/17 04:30:04"
D,METER_DATA,GEN_DUID,1,"2015/12/17 04:35:00",WOOLNTH1,64.580017,"2015/12/17 04:30:04"
D,METER_DATA,GEN_DUID,1,"2015/12/17 04:35:00",WPWF,7,"2015/12/17 04:30:04"
D,METER_DATA,GEN_DUID,1,"2015/12/17 04:35:00",YAMBUKWF,0.60,"2015/12/17 04:30:04"
D,METER_DATA,GEN_DUID,1,"2015/12/17 04:40:00",ANGAS1,0,"2015/12/17 04:35:04"
D,METER_DATA,GEN_DUID,1,"2015/12/17 04:40:00",ANGAS2,0,"2015/12/17 04:35:04"
D,METER_DATA,GEN_DUID,1,"2015/12/17 04:40:00",BUTLERSG,-0.000002,"2015/12/17 04:35:04"
D,METER_DATA,GEN_DUID,1,"2015/12/17 04:40:00",CALL_A_4,0,"2015/12/17 04:35:04"
D,METER_DATA,GEN_DUID,1,"2015/12/17 04:40:00",CAPTL_WF,13.040001,"2015/12/17 04:35:04"
D,METER_DATA,GEN_DUID,1,"2015/12/17 04:40:00",CATHROCK,14.089999,"2015/12/17 04:35:04"
D,METER_DATA,GEN_DUID,1,"2015/12/17 04:40:00",CHALLHWF,6.30,"2015/12/17 04:35:04"
D,METER_DATA,GEN_DUID,1,"2015/12/17 04:40:00",CLOVER,-0.01,"2015/12/17 04:35:04"
D,METER_DATA,GEN_DUID,1,"2015/12/17 04:40:00",CLUNY,8.373940,"2015/12/17 04:35:04"
D,METER_DATA,GEN_DUID,1,"2015/12/17 04:40:00",CNUNDAWF,3.003504,"2015/12/17 04:35:04"
D,METER_DATA,GEN_DUID,1,"2015/12/17 04:40:00",CULLRGWF,2.79,"2015/12/17 04:35:04"
D,METER_DATA,GEN_DUID,1,"2015/12/17 04:40:00",ERGT01,0,"2015/12/17 04:35:04"
D,METER_DATA,GEN_DUID,1,"2015/12/17 04:40:00",GB01,0.188572,"2015/12/17 04:35:04"
D,METER_DATA,GEN_DUID,1,"2015/12/17 04:40:00",GERMCRK,34.50,"2015/12/17 04:35:04"
D,METER_DATA,GEN_DUID,1,"2015/12/17 04:40:00",INVICTA,0,"2015/12/17 04:35:04"
D,METER_DATA,GEN_DUID,1,"2015/12/17 04:40:00",LKBONNY1,1.696878,"2015/12/17 04:35:04"
D,METER_DATA,GEN_DUID,1,"2015/12/17 04:40:00",MBAHNTH,1.893751,"2015/12/17 04:35:04"
D,METER_DATA,GEN_DUID,1,"2015/12/17 04:40:00",MLWF1,4.11,"2015/12/17 04:35:04"
D,METER_DATA,GEN_DUID,1,"2015/12/17 04:40:00",MTMILLAR,8.438447,"2015/12/17 04:35:04"
D,METER_DATA,GEN_DUID,1,"2015/12/17 04:40:00",PALOONA,7.89,"2015/12/17 04:35:04"
D,METER_DATA,GEN_DUID,1,"2015/12/17 04:40:00",PIONEER,-0.40,"2015/12/17 04:35:04"
D,METER_DATA,GEN_DUID,1,"2015/12/17 04:40:00",PORTWF,13.70,"2015/12/17 04:35:04"
D,METER_DATA,GEN_DUID,1,"2015/12/17 04:40:00",REPULSE,13.795819,"2015/12/17 04:35:04"
D,METER_DATA,GEN_DUID,1,"2015/12/17 04:40:00",ROWALLAN,0,"2015/12/17 04:35:04"
D,METER_DATA,GEN_DUID,1,"2015/12/17 04:40:00",RPCG,9.30,"2015/12/17 04:35:04"
D,METER_DATA,GEN_DUID,1,"2015/12/17 04:40:00",RUBICON,0,"2015/12/17 04:35:04"
D,METER_DATA,GEN_DUID,1,"2015/12/17 04:40:00",STARHLWF,19.194403,"2015/12/17 04:35:04"
D,METER_DATA,GEN_DUID,1,"2015/12/17 04:40:00",WAUBRAWF,120.560997,"2015/12/17 04:35:04"
D,METER_DATA,GEN_DUID,1,"2015/12/17 04:40:00",WOOLNTH1,61.410015,"2015/12/17 04:35:04"
D,METER_DATA,GEN_DUID,1,"2015/12/17 04:40:00",WPWF,7,"2015/12/17 04:35:04"
D,METER_DATA,GEN_DUID,1,"2015/12/17 04:40:00",YAMBUKWF,0.30,"2015/12/17 04:35:04"
D,METER_DATA,GEN_DUID,1,"2015/12/17 04:45:00",ANGAS1,0,"2015/12/17 04:40:04"
D,METER_DATA,GEN_DUID,1,"2015/12/17 04:45:00",ANGAS2,0,"2015/12/17 04:40:04"
D,METER_DATA,GEN_DUID,1,"2015/12/17 04:45:00",BUTLERSG,-0.000002,"2015/12/17 04:40:04"
D,METER_DATA,GEN_DUID,1,"2015/12/17 04:45:00",CALL_A_4,0,"2015/12/17 04:40:04"
D,METER_DATA,GEN_DUID,1,"2015/12/17 04:45:00",CAPTL_WF,12.6520,"2015/12/17 04:40:04"
D,METER_DATA,GEN_DUID,1,"2015/12/17 04:45:00",CATHROCK,10.299999,"2015/12/17 04:40:04"
D,METER_DATA,GEN_DUID,1,"2015/12/17 04:45:00",CHALLHWF,6,"2015/12/17 04:40:04"
D,METER_DATA,GEN_DUID,1,"2015/12/17 04:45:00",CLOVER,-0.01,"2015/12/17 04:40:04"
D,METER_DATA,GEN_DUID,1,"2015/12/17 04:45:00",CLUNY,8.345360,"2015/12/17 04:40:04"
D,METER_DATA,GEN_DUID,1,"2015/12/17 04:45:00",CNUNDAWF,3.804438,"2015/12/17 04:40:04"
D,METER_DATA,GEN_DUID,1,"2015/12/17 04:45:00",CULLRGWF,2.19,"2015/12/17 04:40:04"
D,METER_DATA,GEN_DUID,1,"2015/12/17 04:45:00",ERGT01,0,"2015/12/17 04:40:04"
D,METER_DATA,GEN_DUID,1,"2015/12/17 04:45:00",GB01,0.188572,"2015/12/17 04:40:04"
D,METER_DATA,GEN_DUID,1,"2015/12/17 04:45:00",GERMCRK,38,"2015/12/17 04:40:04"
D,METER_DATA,GEN_DUID,1,"2015/12/17 04:45:00",INVICTA,0,"2015/12/17 04:40:04"
D,METER_DATA,GEN_DUID,1,"2015/12/17 04:45:00",LKBONNY1,2.232734,"2015/12/17 04:40:04"
D,METER_DATA,GEN_DUID,1,"2015/12/17 04:45:00",MBAHNTH,1.893751,"2015/12/17 04:40:04"
D,METER_DATA,GEN_DUID,1,"2015/12/17 04:45:00",MLWF1,4.32,"2015/12/17 04:40:04"
D,METER_DATA,GEN_DUID,1,"2015/12/17 04:45:00",MTMILLAR,8.029175,"2015/12/17 04:40:04"
D,METER_DATA,GEN_DUID,1,"2015/12/17 04:45:00",PALOONA,7.93,"2015/12/17 04:40:04"
D,METER_DATA,GEN_DUID,1,"2015/12/17 04:45:00",PIONEER,-0.40,"2015/12/17 04:40:04"
D,METER_DATA,GEN_DUID,1,"2015/12/17 04:45:00",PORTWF,13.30,"2015/12/17 04:40:04"
D,METER_DATA,GEN_DUID,1,"2015/12/17 04:45:00",REPULSE,14.272195,"2015/12/17 04:40:04"
D,METER_DATA,GEN_DUID,1,"2015/12/17 04:45:00",ROWALLAN,0,"2015/12/17 04:40:04"
D,METER_DATA,GEN_DUID,1,"2015/12/17 04:45:00",RPCG,9.30,"2015/12/17 04:40:04"
D,METER_DATA,GEN_DUID,1,"2015/12/17 04:45:00",RUBICON,0,"2015/12/17 04:40:04"
D,METER_DATA,GEN_DUID,1,"2015/12/17 04:45:00",STARHLWF,18.194695,"2015/12/17 04:40:04"
D,METER_DATA,GEN_DUID,1,"2015/12/17 04:45:00",WAUBRAWF,118.144997,"2015/12/17 04:40:04"
D,METER_DATA,GEN_DUID,1,"2015/12/17 04:45:00",WOOLNTH1,59.950016,"2015/12/17 04:40:04"
D,METER_DATA,GEN_DUID,1,"2015/12/17 04:45:00",WPWF,6,"2015/12/17 04:40:04"
D,METER_DATA,GEN_DUID,1,"2015/12/17 04:45:00",YAMBUKWF,0.40,"2015/12/17 04:40:04"
D,METER_DATA,GEN_DUID,1,"2015/12/17 04:50:00",ANGAS1,0,"2015/12/17 04:45:04"
D,METER_DATA,GEN_DUID,1,"2015/12/17 04:50:00",ANGAS2,0,"2015/12/17 04:45:04"
D,METER_DATA,GEN_DUID,1,"2015/12/17 04:50:00",BUTLERSG,-0.000002,"2015/12/17 04:45:04"
D,METER_DATA,GEN_DUID,1,"2015/12/17 04:50:00",CALL_A_4,0,"2015/12/17 04:45:04"
D,METER_DATA,GEN_DUID,1,"2015/12/17 04:50:00",CAPTL_WF,10.491997,"2015/12/17 04:45:04"
D,METER_DATA,GEN_DUID,1,"2015/12/17 04:50:00",CATHROCK,8.45,"2015/12/17 04:45:04"
D,METER_DATA,GEN_DUID,1,"2015/12/17 04:50:00",CHALLHWF,5.90,"2015/12/17 04:45:04"
D,METER_DATA,GEN_DUID,1,"2015/12/17 04:50:00",CLOVER,-0.01,"2015/12/17 04:45:04"
D,METER_DATA,GEN_DUID,1,"2015/12/17 04:50:00",CLUNY,8.316780,"2015/12/17 04:45:04"
D,METER_DATA,GEN_DUID,1,"2015/12/17 04:50:00",CNUNDAWF,4.605372,"2015/12/17 04:45:04"
D,METER_DATA,GEN_DUID,1,"2015/12/17 04:50:00",CULLRGWF,2.14,"2015/12/17 04:45:04"
D,METER_DATA,GEN_DUID,1,"2015/12/17 04:50:00",ERGT01,0,"2015/12/17 04:45:04"
D,METER_DATA,GEN_DUID,1,"2015/12/17 04:50:00",GB01,0.188572,"2015/12/17 04:45:04"
D,METER_DATA,GEN_DUID,1,"2015/12/17 04:50:00",GERMCRK,37.700001,"2015/12/17 04:45:04"
D,METER_DATA,GEN_DUID,1,"2015/12/17 04:50:00",INVICTA,0,"2015/12/17 04:45:04"
D,METER_DATA,GEN_DUID,1,"2015/12/17 04:50:00",LKBONNY1,2.8579,"2015/12/17 04:45:04"
D,METER_DATA,GEN_DUID,1,"2015/12/17 04:50:00",MBAHNTH,1.893751,"2015/12/17 04:45:04"
D,METER_DATA,GEN_DUID,1,"2015/12/17 04:50:00",MLWF1,3.4950,"2015/12/17 04:45:04"
D,METER_DATA,GEN_DUID,1,"2015/12/17 04:50:00",MTMILLAR,7.433870,"2015/12/17 04:45:04"
D,METER_DATA,GEN_DUID,1,"2015/12/17 04:50:00",PALOONA,7.93,"2015/12/17 04:45:04"
D,METER_DATA,GEN_DUID,1,"2015/12/17 04:50:00",PIONEER,-0.40,"2015/12/17 04:45:04"
D,METER_DATA,GEN_DUID,1,"2015/12/17 04:50:00",PORTWF,13,"2015/12/17 04:45:04"
D,METER_DATA,GEN_DUID,1,"2015/12/17 04:50:00",REPULSE,14.157865,"2015/12/17 04:45:04"
D,METER_DATA,GEN_DUID,1,"2015/12/17 04:50:00",ROWALLAN,0,"2015/12/17 04:45:04"
D,METER_DATA,GEN_DUID,1,"2015/12/17 04:50:00",RPCG,9.30,"2015/12/17 04:45:04"
D,METER_DATA,GEN_DUID,1,"2015/12/17 04:50:00",RUBICON,0,"2015/12/17 04:45:04"
D,METER_DATA,GEN_DUID,1,"2015/12/17 04:50:00",STARHLWF,18.494606,"2015/12/17 04:45:04"
D,METER_DATA,GEN_DUID,1,"2015/12/17 04:50:00",WAUBRAWF,121.586998,"2015/12/17 04:45:04"
D,METER_DATA,GEN_DUID,1,"2015/12/17 04:50:00",WOOLNTH1,56.930016,"2015/12/17 04:45:04"
D,METER_DATA,GEN_DUID,1,"2015/12/17 04:50:00",WPWF,7,"2015/12/17 04:45:04"
D,METER_DATA,GEN_DUID,1,"2015/12/17 04:50:00",YAMBUKWF,0.50,"2015/12/17 04:45:04"
D,METER_DATA,GEN_DUID,1,"2015/12/17 04:55:00",ANGAS1,0,"2015/12/17 04:50:04"
D,METER_DATA,GEN_DUID,1,"2015/12/17 04:55:00",ANGAS2,0,"2015/12/17 04:50:04"
D,METER_DATA,GEN_DUID,1,"2015/12/17 04:55:00",BUTLERSG,-0.000002,"2015/12/17 04:50:04"
D,METER_DATA,GEN_DUID,1,"2015/12/17 04:55:00",CALL_A_4,0,"2015/12/17 04:50:04"
D,METER_DATA,GEN_DUID,1,"2015/12/17 04:55:00",CAPTL_WF,11.339996,"2015/12/17 04:50:04"
D,METER_DATA,GEN_DUID,1,"2015/12/17 04:55:00",CATHROCK,9.089999,"2015/12/17 04:50:04"
D,METER_DATA,GEN_DUID,1,"2015/12/17 04:55:00",CHALLHWF,6.40,"2015/12/17 04:50:04"
D,METER_DATA,GEN_DUID,1,"2015/12/17 04:55:00",CLOVER,-0.01,"2015/12/17 04:50:04"
D,METER_DATA,GEN_DUID,1,"2015/12/17 04:55:00",CLUNY,8.345360,"2015/12/17 04:50:04"
D,METER_DATA,GEN_DUID,1,"2015/12/17 04:55:00",CNUNDAWF,4.605372,"2015/12/17 04:50:04"
D,METER_DATA,GEN_DUID,1,"2015/12/17 04:55:00",CULLRGWF,2.60,"2015/12/17 04:50:04"
D,METER_DATA,GEN_DUID,1,"2015/12/17 04:55:00",ERGT01,0,"2015/12/17 04:50:04"
D,METER_DATA,GEN_DUID,1,"2015/12/17 04:55:00",GB01,0.187073,"2015/12/17 04:50:04"
D,METER_DATA,GEN_DUID,1,"2015/12/17 04:55:00",GERMCRK,36.700001,"2015/12/17 04:50:04"
D,METER_DATA,GEN_DUID,1,"2015/12/17 04:55:00",INVICTA,0,"2015/12/17 04:50:04"
D,METER_DATA,GEN_DUID,1,"2015/12/17 04:55:00",LKBONNY1,2.768590,"2015/12/17 04:50:04"
D,METER_DATA,GEN_DUID,1,"2015/12/17 04:55:00",MBAHNTH,1.893751,"2015/12/17 04:50:04"
D,METER_DATA,GEN_DUID,1,"2015/12/17 04:55:00",MLWF1,3.39,"2015/12/17 04:50:04"
D,METER_DATA,GEN_DUID,1,"2015/12/17 04:55:00",MTMILLAR,7.188307,"2015/12/17 04:50:04"
D,METER_DATA,GEN_DUID,1,"2015/12/17 04:55:00",PALOONA,7.93,"2015/12/17 04:50:04"
D,METER_DATA,GEN_DUID,1,"2015/12/17 04:55:00",PIONEER,-0.40,"2015/12/17 04:50:04"
D,METER_DATA,GEN_DUID,1,"2015/12/17 04:55:00",PORTWF,13.90,"2015/12/17 04:50:04"
D,METER_DATA,GEN_DUID,1,"2015/12/17 04:55:00",REPULSE,14.272195,"2015/12/17 04:50:04"
D,METER_DATA,GEN_DUID,1,"2015/12/17 04:55:00",ROWALLAN,0,"2015/12/17 04:50:04"
D,METER_DATA,GEN_DUID,1,"2015/12/17 04:55:00",RPCG,10.40,"2015/12/17 04:50:04"
D,METER_DATA,GEN_DUID,1,"2015/12/17 04:55:00",RUBICON,0,"2015/12/17 04:50:04"
D,METER_DATA,GEN_DUID,1,"2015/12/17 04:55:00",STARHLWF,17.095015,"2015/12/17 04:50:04"
D,METER_DATA,GEN_DUID,1,"2015/12/17 04:55:00",WAUBRAWF,128.651001,"2015/12/17 04:50:04"
D,METER_DATA,GEN_DUID,1,"2015/12/17 04:55:00",WOOLNTH1,59.880016,"2015/12/17 04:50:04"
D,METER_DATA,GEN_DUID,1,"2015/12/17 04:55:00",WPWF,6,"2015/12/17 04:50:04"
D,METER_DATA,GEN_DUID,1,"2015/12/17 04:55:00",YAMBUKWF,0.90,"2015/12/17 04:50:04"
D,METER_DATA,GEN_DUID,1,"2015/12/17 05:00:00",ANGAS1,0,"2015/12/17 04:55:04"
D,METER_DATA,GEN_DUID,1,"2015/12/17 05:00:00",ANGAS2,0,"2015/12/17 04:55:04"
D,METER_DATA,GEN_DUID,1,"2015/12/17 05:00:00",BUTLERSG,-0.000002,"2015/12/17 04:55:04"
D,METER_DATA,GEN_DUID,1,"2015/12/17 05:00:00",CALL_A_4,0,"2015/12/17 04:55:04"
D,METER_DATA,GEN_DUID,1,"2015/12/17 05:00:00",CAPTL_WF,10.220001,"2015/12/17 04:55:04"
D,METER_DATA,GEN_DUID,1,"2015/12/17 05:00:00",CATHROCK,9.65,"2015/12/17 04:55:04"
D,METER_DATA,GEN_DUID,1,"2015/12/17 05:00:00",CHALLHWF,8.40,"2015/12/17 04:55:04"
D,METER_DATA,GEN_DUID,1,"2015/12/17 05:00:00",CLOVER,-0.01,"2015/12/17 04:55:04"
D,METER_DATA,GEN_DUID,1,"2015/12/17 05:00:00",CLUNY,8.4311,"2015/12/17 04:55:04"
D,METER_DATA,GEN_DUID,1,"2015/12/17 05:00:00",CNUNDAWF,4.204906,"2015/12/17 04:55:04"
D,METER_DATA,GEN_DUID,1,"2015/12/17 05:00:00",CULLRGWF,2.80,"2015/12/17 04:55:04"
D,METER_DATA,GEN_DUID,1,"2015/12/17 05:00:00",ERGT01,0,"2015/12/17 04:55:04"
D,METER_DATA,GEN_DUID,1,"2015/12/17 05:00:00",GB01,0.187073,"2015/12/17 04:55:04"
D,METER_DATA,GEN_DUID,1,"2015/12/17 05:00:00",GERMCRK,37.599998,"2015/12/17 04:55:04"
D,METER_DATA,GEN_DUID,1,"2015/12/17 05:00:00",INVICTA,0,"2015/12/17 04:55:04"
D,METER_DATA,GEN_DUID,1,"2015/12/17 05:00:00",LKBONNY1,1.875497,"2015/12/17 04:55:04"
D,METER_DATA,GEN_DUID,1,"2015/12/17 05:00:00",MBAHNTH,1.893751,"2015/12/17 04:55:04"
D,METER_DATA,GEN_DUID,1,"2015/12/17 05:00:00",MLWF1,3.9150,"2015/12/17 04:55:04"
D,METER_DATA,GEN_DUID,1,"2015/12/17 05:00:00",MTMILLAR,7.002274,"2015/12/17 04:55:04"
D,METER_DATA,GEN_DUID,1,"2015/12/17 05:00:00",PALOONA,7.93,"2015/12/17 04:55:04"
D,METER_DATA,GEN_DUID,1,"2015/12/17 05:00:00",PIONEER,-0.40,"2015/12/17 04:55:04"
D,METER_DATA,GEN_DUID,1,"2015/12/17 05:00:00",PORTWF,13.60,"2015/12/17 04:55:04"
D,METER_DATA,GEN_DUID,1,"2015/12/17 05:00:00",REPULSE,14.519910,"2015/12/17 04:55:04"
D,METER_DATA,GEN_DUID,1,"2015/12/17 05:00:00",ROWALLAN,0,"2015/12/17 04:55:04"
D,METER_DATA,GEN_DUID,1,"2015/12/17 05:00:00",RPCG,9.30,"2015/12/17 04:55:04"
D,METER_DATA,GEN_DUID,1,"2015/12/17 05:00:00",RUBICON,0,"2015/12/17 04:55:04"
D,METER_DATA,GEN_DUID,1,"2015/12/17 05:00:00",STARHLWF,16.795103,"2015/12/17 04:55:04"
D,METER_DATA,GEN_DUID,1,"2015/12/17 05:00:00",WAUBRAWF,131.022995,"2015/12/17 04:55:04"
D,METER_DATA,GEN_DUID,1,"2015/12/17 05:00:00",WOOLNTH1,59.490017,"2015/12/17 04:55:04"
D,METER_DATA,GEN_DUID,1,"2015/12/17 05:00:00",WPWF,7,"2015/12/17 04:55:04"
D,METER_DATA,GEN_DUID,1,"2015/12/17 05:00:00",YAMBUKWF,1.50,"2015/12/17 04:55:04"
D,METER_DATA,GEN_DUID,1,"2015/12/17 05:05:00",ANGAS1,0,"2015/12/17 05:00:05"
D,METER_DATA,GEN_DUID,1,"2015/12/17 05:05:00",ANGAS2,0,"2015/12/17 05:00:05"
D,METER_DATA,GEN_DUID,1,"2015/12/17 05:05:00",BUTLERSG,-0.000002,"2015/12/17 05:00:05"
D,METER_DATA,GEN_DUID,1,"2015/12/17 05:05:00",CALL_A_4,0,"2015/12/17 05:00:05"
D,METER_DATA,GEN_DUID,1,"2015/12/17 05:05:00",CAPTL_WF,6.952003,"2015/12/17 05:00:05"
D,METER_DATA,GEN_DUID,1,"2015/12/17 05:05:00",CATHROCK,9.36,"2015/12/17 05:00:05"
D,METER_DATA,GEN_DUID,1,"2015/12/17 05:05:00",CHALLHWF,9.60,"2015/12/17 05:00:05"
D,METER_DATA,GEN_DUID,1,"2015/12/17 05:05:00",CLOVER,-0.01,"2015/12/17 05:00:05"
D,METER_DATA,GEN_DUID,1,"2015/12/17 05:05:00",CLUNY,8.488260,"2015/12/17 05:00:05"
D,METER_DATA,GEN_DUID,1,"2015/12/17 05:05:00",CNUNDAWF,4.204906,"2015/12/17 05:00:05"
D,METER_DATA,GEN_DUID,1,"2015/12/17 05:05:00",CULLRGWF,1.94,"2015/12/17 05:00:05"
D,METER_DATA,GEN_DUID,1,"2015/12/17 05:05:00",ERGT01,0,"2015/12/17 05:00:05"
D,METER_DATA,GEN_DUID,1,"2015/12/17 05:05:00",GB01,0.187073,"2015/12/17 05:00:05"
D,METER_DATA,GEN_DUID,1,"2015/12/17 05:05:00",GERMCRK,37.099998,"2015/12/17 05:00:05"
D,METER_DATA,GEN_DUID,1,"2015/12/17 05:05:00",INVICTA,0,"2015/12/17 05:00:05"
D,METER_DATA,GEN_DUID,1,"2015/12/17 05:05:00",LKBONNY1,1.518259,"2015/12/17 05:00:05"
D,METER_DATA,GEN_DUID,1,"2015/12/17 05:05:00",MBAHNTH,1.893751,"2015/12/17 05:00:05"
D,METER_DATA,GEN_DUID,1,"2015/12/17 05:05:00",MLWF1,3.93,"2015/12/17 05:00:05"
D,METER_DATA,GEN_DUID,1,"2015/12/17 05:05:00",MTMILLAR,6.749269,"2015/12/17 05:00:05"
D,METER_DATA,GEN_DUID,1,"2015/12/17 05:05:00",PALOONA,7.93,"2015/12/17 05:00:05"
D,METER_DATA,GEN_DUID,1,"2015/12/17 05:05:00",PIONEER,-0.40,"2015/12/17 05:00:05"
D,METER_DATA,GEN_DUID,1,"2015/12/17 05:05:00",PORTWF,13.60,"2015/12/17 05:00:05"
D,METER_DATA,GEN_DUID,1,"2015/12/17 05:05:00",REPULSE,14.272195,"2015/12/17 05:00:05"
D,METER_DATA,GEN_DUID,1,"2015/12/17 05:05:00",ROWALLAN,0,"2015/12/17 05:00:05"
D,METER_DATA,GEN_DUID,1,"2015/12/17 05:05:00",RPCG,8.20,"2015/12/17 05:00:05"
D,METER_DATA,GEN_DUID,1,"2015/12/17 05:05:00",RUBICON,0,"2015/12/17 05:00:05"
D,METER_DATA,GEN_DUID,1,"2015/12/17 05:05:00",STARHLWF,16.795103,"2015/12/17 05:00:05"
D,METER_DATA,GEN_DUID,1,"2015/12/17 05:05:00",WAUBRAWF,131.091995,"2015/12/17 05:00:05"
D,METER_DATA,GEN_DUID,1,"2015/12/17 05:05:00",WOOLNTH1,61.280014,"2015/12/17 05:00:05"
D,METER_DATA,GEN_DUID,1,"2015/12/17 05:05:00",WPWF,7,"2015/12/17 05:00:05"
D,METER_DATA,GEN_DUID,1,"2015/12/17 05:05:00",YAMBUKWF,1.90,"2015/12/17 05:00:05"
D,METER_DATA,GEN_DUID,1,"2015/12/17 05:10:00",ANGAS1,0,"2015/12/17 05:05:04"
D,METER_DATA,GEN_DUID,1,"2015/12/17 05:10:00",ANGAS2,0,"2015/12/17 05:05:04"
D,METER_DATA,GEN_DUID,1,"2015/12/17 05:10:00",BUTLERSG,-0.000002,"2015/12/17 05:05:04"
D,METER_DATA,GEN_DUID,1,"2015/12/17 05:10:00",CALL_A_4,0,"2015/12/17 05:05:04"
D,METER_DATA,GEN_DUID,1,"2015/12/17 05:10:00",CAPTL_WF,6.2920,"2015/12/17 05:05:04"
D,METER_DATA,GEN_DUID,1,"2015/12/17 05:10:00",CATHROCK,8.959999,"2015/12/17 05:05:04"
D,METER_DATA,GEN_DUID,1,"2015/12/17 05:10:00",CHALLHWF,11.10,"2015/12/17 05:05:04"
D,METER_DATA,GEN_DUID,1,"2015/12/17 05:10:00",CLOVER,-0.01,"2015/12/17 05:05:04"
D,METER_DATA,GEN_DUID,1,"2015/12/17 05:10:00",CLUNY,8.516840,"2015/12/17 05:05:04"
D,METER_DATA,GEN_DUID,1,"2015/12/17 05:10:00",CNUNDAWF,4.204906,"2015/12/17 05:05:04"
D,METER_DATA,GEN_DUID,1,"2015/12/17 05:10:00",CULLRGWF,2.78,"2015/12/17 05:05:04"
D,METER_DATA,GEN_DUID,1,"2015/12/17 05:10:00",ERGT01,0,"2015/12/17 05:05:04"
D,METER_DATA,GEN_DUID,1,"2015/12/17 05:10:00",GB01,0.187073,"2015/12/17 05:05:04"
D,METER_DATA,GEN_DUID,1,"2015/12/17 05:10:00",GERMCRK,37.400002,"2015/12/17 05:05:04"
D,METER_DATA,GEN_DUID,1,"2015/12/17 05:10:00",INVICTA,0,"2015/12/17 05:05:04"
D,METER_DATA,GEN_DUID,1,"2015/12/17 05:10:00",LKBONNY1,1.786187,"2015/12/17 05:05:04"
D,METER_DATA,GEN_DUID,1,"2015/12/17 05:10:00",MBAHNTH,1.893751,"2015/12/17 05:05:04"
D,METER_DATA,GEN_DUID,1,"2015/12/17 05:10:00",MLWF1,3.72,"2015/12/17 05:05:04"
D,METER_DATA,GEN_DUID,1,"2015/12/17 05:10:00",MTMILLAR,6.890655,"2015/12/17 05:05:04"
D,METER_DATA,GEN_DUID,1,"2015/12/17 05:10:00",PALOONA,7.91,"2015/12/17 05:05:04"
D,METER_DATA,GEN_DUID,1,"2015/12/17 05:10:00",PIONEER,-0.40,"2015/12/17 05:05:04"
D,METER_DATA,GEN_DUID,1,"2015/12/17 05:10:00",PORTWF,13.30,"2015/12/17 05:05:04"
D,METER_DATA,GEN_DUID,1,"2015/12/17 05:10:00",REPULSE,14.405580,"2015/12/17 05:05:04"
D,METER_DATA,GEN_DUID,1,"2015/12/17 05:10:00",ROWALLAN,0,"2015/12/17 05:05:04"
D,METER_DATA,GEN_DUID,1,"2015/12/17 05:10:00",RPCG,9.30,"2015/12/17 05:05:04"
D,METER_DATA,GEN_DUID,1,"2015/12/17 05:10:00",RUBICON,0,"2015/12/17 05:05:04"
D,METER_DATA,GEN_DUID,1,"2015/12/17 05:10:00",STARHLWF,17.894781,"2015/12/17 05:05:04"
D,METER_DATA,GEN_DUID,1,"2015/12/17 05:10:00",WAUBRAWF,130.0560,"2015/12/17 05:05:04"
D,METER_DATA,GEN_DUID,1,"2015/12/17 05:10:00",WOOLNTH1,59.690018,"2015/12/17 05:05:04"
D,METER_DATA,GEN_DUID,1,"2015/12/17 05:10:00",WPWF,8,"2015/12/17 05:05:04"
D,METER_DATA,GEN_DUID,1,"2015/12/17 05:10:00",YAMBUKWF,1.40,"2015/12/17 05:05:04"
D,METER_DATA,GEN_DUID,1,"2015/12/17 05:15:00",ANGAS1,0,"2015/12/17 05:10:04"
D,METER_DATA,GEN_DUID,1,"2015/12/17 05:15:00",ANGAS2,0,"2015/12/17 05:10:04"
D,METER_DATA,GEN_DUID,1,"2015/12/17 05:15:00",BUTLERSG,-0.000002,"2015/12/17 05:10:04"
D,METER_DATA,GEN_DUID,1,"2015/12/17 05:15:00",CALL_A_4,0,"2015/12/17 05:10:04"
D,METER_DATA,GEN_DUID,1,"2015/12/17 05:15:00",CAPTL_WF,0,"2015/12/17 05:10:04"
D,METER_DATA,GEN_DUID,1,"2015/12/17 05:15:00",CATHROCK,9.089999,"2015/12/17 05:10:04"
D,METER_DATA,GEN_DUID,1,"2015/12/17 05:15:00",CHALLHWF,12.60,"2015/12/17 05:10:04"
D,METER_DATA,GEN_DUID,1,"2015/12/17 05:15:00",CLOVER,-0.02,"2015/12/17 05:10:04"
D,METER_DATA,GEN_DUID,1,"2015/12/17 05:15:00",CLUNY,8.331070,"2015/12/17 05:10:04"
D,METER_DATA,GEN_DUID,1,"2015/12/17 05:15:00",CNUNDAWF,4.204906,"2015/12/17 05:10:04"
D,METER_DATA,GEN_DUID,1,"2015/12/17 05:15:00",CULLRGWF,3.67,"2015/12/17 05:10:04"
D,METER_DATA,GEN_DUID,1,"2015/12/17 05:15:00",ERGT01,0,"2015/12/17 05:10:04"
D,METER_DATA,GEN_DUID,1,"2015/12/17 05:15:00",GB01,0.187073,"2015/12/17 05:10:04"
D,METER_DATA,GEN_DUID,1,"2015/12/17 05:15:00",GERMCRK,37,"2015/12/17 05:10:04"
D,METER_DATA,GEN_DUID,1,"2015/12/17 05:15:00",INVICTA,0,"2015/12/17 05:10:04"
D,METER_DATA,GEN_DUID,1,"2015/12/17 05:15:00",LKBONNY1,1.518259,"2015/12/17 05:10:04"
D,METER_DATA,GEN_DUID,1,"2015/12/17 05:15:00",MBAHNTH,1.893751,"2015/12/17 05:10:04"
D,METER_DATA,GEN_DUID,1,"2015/12/17 05:15:00",MLWF1,3.6150,"2015/12/17 05:10:04"
D,METER_DATA,GEN_DUID,1,"2015/12/17 05:15:00",MTMILLAR,6.206054,"2015/12/17 05:10:04"
D,METER_DATA,GEN_DUID,1,"2015/12/17 05:15:00",PALOONA,7.91,"2015/12/17 05:10:04"
D,METER_DATA,GEN_DUID,1,"2015/12/17 05:15:00",PIONEER,-0.40,"2015/12/17 05:10:04"
D,METER_DATA,GEN_DUID,1,"2015/12/17 05:15:00",PORTWF,12.40,"2015/12/17 05:10:04"
D,METER_DATA,GEN_DUID,1,"2015/12/17 05:15:00",REPULSE,15.301165,"2015/12/17 05:10:04"
D,METER_DATA,GEN_DUID,1,"2015/12/17 05:15:00",ROWALLAN,0,"2015/12/17 05:10:04"
D,METER_DATA,GEN_DUID,1,"2015/12/17 05:15:00",RPCG,8.20,"2015/12/17 05:10:04"
D,METER_DATA,GEN_DUID,1,"2015/12/17 05:15:00",RUBICON,0,"2015/12/17 05:10:04"
D,METER_DATA,GEN_DUID,1,"2015/12/17 05:15:00",STARHLWF,17.594870,"2015/12/17 05:10:04"
D,METER_DATA,GEN_DUID,1,"2015/12/17 05:15:00",WAUBRAWF,128.766998,"2015/12/17 05:10:04"
D,METER_DATA,GEN_DUID,1,"2015/12/17 05:15:00",WOOLNTH1,51.310013,"2015/12/17 05:10:04"
D,METER_DATA,GEN_DUID,1,"2015/12/17 05:15:00",WPWF,7,"2015/12/17 05:10:04"
D,METER_DATA,GEN_DUID,1,"2015/12/17 05:15:00",YAMBUKWF,1.40,"2015/12/17 05:10:04"
D,METER_DATA,GEN_DUID,1,"2015/12/17 05:20:00",ANGAS1,0,"2015/12/17 05:15:04"
D,METER_DATA,GEN_DUID,1,"2015/12/17 05:20:00",ANGAS2,0,"2015/12/17 05:15:04"
D,METER_DATA,GEN_DUID,1,"2015/12/17 05:20:00",BUTLERSG,-0.000002,"2015/12/17 05:15:04"
D,METER_DATA,GEN_DUID,1,"2015/12/17 05:20:00",CALL_A_4,0,"2015/12/17 05:15:04"
D,METER_DATA,GEN_DUID,1,"2015/12/17 05:20:00",CAPTL_WF,0,"2015/12/17 05:15:04"
D,METER_DATA,GEN_DUID,1,"2015/12/17 05:20:00",CATHROCK,8.589999,"2015/12/17 05:15:04"
D,METER_DATA,GEN_DUID,1,"2015/12/17 05:20:00",CHALLHWF,11.40,"2015/12/17 05:15:04"
D,METER_DATA,GEN_DUID,1,"2015/12/17 05:20:00",CLOVER,-0.01,"2015/12/17 05:15:04"
D,METER_DATA,GEN_DUID,1,"2015/12/17 05:20:00",CLUNY,8.359651,"2015/12/17 05:15:04"
D,METER_DATA,GEN_DUID,1,"2015/12/17 05:20:00",CNUNDAWF,4.204906,"2015/12/17 05:15:04"
D,METER_DATA,GEN_DUID,1,"2015/12/17 05:20:00",CULLRGWF,3.91,"2015/12/17 05:15:04"
D,METER_DATA,GEN_DUID,1,"2015/12/17 05:20:00",ERGT01,0,"2015/12/17 05:15:04"
D,METER_DATA,GEN_DUID,1,"2015/12/17 05:20:00",GB01,0.187073,"2015/12/17 05:15:04"
D,METER_DATA,GEN_DUID,1,"2015/12/17 05:20:00",GERMCRK,37.700001,"2015/12/17 05:15:04"
D,METER_DATA,GEN_DUID,1,"2015/12/17 05:20:00",INVICTA,0,"2015/12/17 05:15:04"
D,METER_DATA,GEN_DUID,1,"2015/12/17 05:20:00",LKBONNY1,1.339640,"2015/12/17 05:15:04"
D,METER_DATA,GEN_DUID,1,"2015/12/17 05:20:00",MBAHNTH,1.893751,"2015/12/17 05:15:04"
D,METER_DATA,GEN_DUID,1,"2015/12/17 05:20:00",MLWF1,3.4050,"2015/12/17 05:15:04"
D,METER_DATA,GEN_DUID,1,"2015/12/17 05:20:00",MTMILLAR,6.220936,"2015/12/17 05:15:04"
D,METER_DATA,GEN_DUID,1,"2015/12/17 05:20:00",PALOONA,7.91,"2015/12/17 05:15:04"
D,METER_DATA,GEN_DUID,1,"2015/12/17 05:20:00",PIONEER,-0.40,"2015/12/17 05:15:04"
D,METER_DATA,GEN_DUID,1,"2015/12/17 05:20:00",PORTWF,11.80,"2015/12/17 05:15:04"
D,METER_DATA,GEN_DUID,1,"2015/12/17 05:20:00",REPULSE,15.243999,"2015/12/17 05:15:04"
D,METER_DATA,GEN_DUID,1,"2015/12/17 05:20:00",ROWALLAN,0,"2015/12/17 05:15:04"
D,METER_DATA,GEN_DUID,1,"2015/12/17 05:20:00",RPCG,9.30,"2015/12/17 05:15:04"
D,METER_DATA,GEN_DUID,1,"2015/12/17 05:20:00",RUBICON,0,"2015/12/17 05:15:04"
D,METER_DATA,GEN_DUID,1,"2015/12/17 05:20:00",STARHLWF,18.094723,"2015/12/17 05:15:04"
D,METER_DATA,GEN_DUID,1,"2015/12/17 05:20:00",WAUBRAWF,125.554001,"2015/12/17 05:15:04"
D,METER_DATA,GEN_DUID,1,"2015/12/17 05:20:00",WOOLNTH1,59.690018,"2015/12/17 05:15:04"
D,METER_DATA,GEN_DUID,1,"2015/12/17 05:20:00",WPWF,7,"2015/12/17 05:15:04"
D,METER_DATA,GEN_DUID,1,"2015/12/17 05:20:00",YAMBUKWF,1.20,"2015/12/17 05:15:04"
D,METER_DATA,GEN_DUID,1,"2015/12/17 05:25:00",ANGAS1,0,"2015/12/17 05:20:04"
D,METER_DATA,GEN_DUID,1,"2015/12/17 05:25:00",ANGAS2,0,"2015/12/17 05:20:04"
D,METER_DATA,GEN_DUID,1,"2015/12/17 05:25:00",BUTLERSG,-0.000002,"2015/12/17 05:20:04"
D,METER_DATA,GEN_DUID,1,"2015/12/17 05:25:00",CALL_A_4,0,"2015/12/17 05:20:04"
D,METER_DATA,GEN_DUID,1,"2015/12/17 05:25:00",CAPTL_WF,0,"2015/12/17 05:20:04"
D,METER_DATA,GEN_DUID,1,"2015/12/17 05:25:00",CATHROCK,7.809999,"2015/12/17 05:20:04"
D,METER_DATA,GEN_DUID,1,"2015/12/17 05:25:00",CHALLHWF,13.50,"2015/12/17 05:20:04"
D,METER_DATA,GEN_DUID,1,"2015/12/17 05:25:00",CLOVER,-0.01,"2015/12/17 05:20:04"
D,METER_DATA,GEN_DUID,1,"2015/12/17 05:25:00",CLUNY,8.131010,"2015/12/17 05:20:04"
D,METER_DATA,GEN_DUID,1,"2015/12/17 05:25:00",CNUNDAWF,3.704321,"2015/12/17 05:20:04"
D,METER_DATA,GEN_DUID,1,"2015/12/17 05:25:00",CULLRGWF,4,"2015/12/17 05:20:04"
D,METER_DATA,GEN_DUID,1,"2015/12/17 05:25:00",ERGT01,0,"2015/12/17 05:20:04"
D,METER_DATA,GEN_DUID,1,"2015/12/17 05:25:00",GB01,0.187073,"2015/12/17 05:20:04"
D,METER_DATA,GEN_DUID,1,"2015/12/17 05:25:00",GERMCRK,37.200001,"2015/12/17 05:20:04"
D,METER_DATA,GEN_DUID,1,"2015/12/17 05:25:00",INVICTA,0,"2015/12/17 05:20:04"
D,METER_DATA,GEN_DUID,1,"2015/12/17 05:25:00",LKBONNY1,0.982403,"2015/12/17 05:20:04"
D,METER_DATA,GEN_DUID,1,"2015/12/17 05:25:00",MBAHNTH,1.893751,"2015/12/17 05:20:04"
D,METER_DATA,GEN_DUID,1,"2015/12/17 05:25:00",MLWF1,2.6850,"2015/12/17 05:20:04"
D,METER_DATA,GEN_DUID,1,"2015/12/17 05:25:00",MTMILLAR,6.079551,"2015/12/17 05:20:04"
D,METER_DATA,GEN_DUID,1,"2015/12/17 05:25:00",PALOONA,7.91,"2015/12/17 05:20:04"
D,METER_DATA,GEN_DUID,1,"2015/12/17 05:25:00",PIONEER,-0.40,"2015/12/17 05:20:04"
D,METER_DATA,GEN_DUID,1,"2015/12/17 05:25:00",PORTWF,10.90,"2015/12/17 05:20:04"
D,METER_DATA,GEN_DUID,1,"2015/12/17 05:25:00",REPULSE,18.159414,"2015/12/17 05:20:04"
D,METER_DATA,GEN_DUID,1,"2015/12/17 05:25:00",ROWALLAN,0,"2015/12/17 05:20:04"
D,METER_DATA,GEN_DUID,1,"2015/12/17 05:25:00",RPCG,9.30,"2015/12/17 05:20:04"
D,METER_DATA,GEN_DUID,1,"2015/12/17 05:25:00",RUBICON,0,"2015/12/17 05:20:04"
D,METER_DATA,GEN_DUID,1,"2015/12/17 05:25:00",STARHLWF,17.794811,"2015/12/17 05:20:04"
D,METER_DATA,GEN_DUID,1,"2015/12/17 05:25:00",WAUBRAWF,119.689003,"2015/12/17 05:20:04"
D,METER_DATA,GEN_DUID,1,"2015/12/17 05:25:00",WOOLNTH1,68.270020,"2015/12/17 05:20:04"
D,METER_DATA,GEN_DUID,1,"2015/12/17 05:25:00",WPWF,7,"2015/12/17 05:20:04"
D,METER_DATA,GEN_DUID,1,"2015/12/17 05:25:00",YAMBUKWF,1.70,"2015/12/17 05:20:04"
D,METER_DATA,GEN_DUID,1,"2015/12/17 05:30:00",ANGAS1,0,"2015/12/17 05:25:04"
D,METER_DATA,GEN_DUID,1,"2015/12/17 05:30:00",ANGAS2,0,"2015/12/17 05:25:04"
D,METER_DATA,GEN_DUID,1,"2015/12/17 05:30:00",BUTLERSG,-0.000002,"2015/12/17 05:25:04"
D,METER_DATA,GEN_DUID,1,"2015/12/17 05:30:00",CALL_A_4,0,"2015/12/17 05:25:04"
D,METER_DATA,GEN_DUID,1,"2015/12/17 05:30:00",CAPTL_WF,0,"2015/12/17 05:25:04"
D,METER_DATA,GEN_DUID,1,"2015/12/17 05:30:00",CATHROCK,6.82,"2015/12/17 05:25:04"
D,METER_DATA,GEN_DUID,1,"2015/12/17 05:30:00",CHALLHWF,11.50,"2015/12/17 05:25:04"
D,METER_DATA,GEN_DUID,1,"2015/12/17 05:30:00",CLOVER,-0.01,"2015/12/17 05:25:04"
D,METER_DATA,GEN_DUID,1,"2015/12/17 05:30:00",CLUNY,8.259620,"2015/12/17 05:25:04"
D,METER_DATA,GEN_DUID,1,"2015/12/17 05:30:00",CNUNDAWF,3.303854,"2015/12/17 05:25:04"
D,METER_DATA,GEN_DUID,1,"2015/12/17 05:30:00",CULLRGWF,4.11,"2015/12/17 05:25:04"
D,METER_DATA,GEN_DUID,1,"2015/12/17 05:30:00",ERGT01,0,"2015/12/17 05:25:04"
D,METER_DATA,GEN_DUID,1,"2015/12/17 05:30:00",GB01,0.187073,"2015/12/17 05:25:04"
D,METER_DATA,GEN_DUID,1,"2015/12/17 05:30:00",GERMCRK,37.400002,"2015/12/17 05:25:04"
D,METER_DATA,GEN_DUID,1,"2015/12/17 05:30:00",INVICTA,0,"2015/12/17 05:25:04"
D,METER_DATA,GEN_DUID,1,"2015/12/17 05:30:00",LKBONNY1,0.357237,"2015/12/17 05:25:04"
D,METER_DATA,GEN_DUID,1,"2015/12/17 05:30:00",MBAHNTH,1.893751,"2015/12/17 05:25:04"
D,METER_DATA,GEN_DUID,1,"2015/12/17 05:30:00",MLWF1,2.16,"2015/12/17 05:25:04"
D,METER_DATA,GEN_DUID,1,"2015/12/17 05:30:00",MTMILLAR,5.759575,"2015/12/17 05:25:04"
D,METER_DATA,GEN_DUID,1,"2015/12/17 05:30:00",PALOONA,7.91,"2015/12/17 05:25:04"
D,METER_DATA,GEN_DUID,1,"2015/12/17 05:30:00",PIONEER,-0.40,"2015/12/17 05:25:04"
D,METER_DATA,GEN_DUID,1,"2015/12/17 05:30:00",PORTWF,10.90,"2015/12/17 05:25:04"
D,METER_DATA,GEN_DUID,1,"2015/12/17 05:30:00",REPULSE,18.178469,"2015/12/17 05:25:04"
D,METER_DATA,GEN_DUID,1,"2015/12/17 05:30:00",ROWALLAN,0,"2015/12/17 05:25:04"
D,METER_DATA,GEN_DUID,1,"2015/12/17 05:30:00",RPCG,8.20,"2015/12/17 05:25:04"
D,METER_DATA,GEN_DUID,1,"2015/12/17 05:30:00",RUBICON,0,"2015/12/17 05:25:04"
D,METER_DATA,GEN_DUID,1,"2015/12/17 05:30:00",STARHLWF,17.594870,"2015/12/17 05:25:04"
D,METER_DATA,GEN_DUID,1,"2015/12/17 05:30:00",WAUBRAWF,117.554001,"2015/12/17 05:25:04"
D,METER_DATA,GEN_DUID,1,"2015/12/17 05:30:00",WOOLNTH1,74.170013,"2015/12/17 05:25:04"
D,METER_DATA,GEN_DUID,1,"2015/12/17 05:30:00",WPWF,6,"2015/12/17 05:25:04"
D,METER_DATA,GEN_DUID,1,"2015/12/17 05:30:00",YAMBUKWF,2.10,"2015/12/17 05:25:04"
D,METER_DATA,GEN_DUID,1,"2015/12/17 05:35:00",ANGAS1,0,"2015/12/17 05:30:05"
D,METER_DATA,GEN_DUID,1,"2015/12/17 05:35:00",ANGAS2,0,"2015/12/17 05:30:05"
D,METER_DATA,GEN_DUID,1,"2015/12/17 05:35:00",BUTLERSG,-0.000002,"2015/12/17 05:30:05"
D,METER_DATA,GEN_DUID,1,"2015/12/17 05:35:00",CALL_A_4,0,"2015/12/17 05:30:05"
D,METER_DATA,GEN_DUID,1,"2015/12/17 05:35:00",CAPTL_WF,0,"2015/12/17 05:30:05"
D,METER_DATA,GEN_DUID,1,"2015/12/17 05:35:00",CATHROCK,7.84,"2015/12/17 05:30:05"
D,METER_DATA,GEN_DUID,1,"2015/12/17 05:35:00",CHALLHWF,10.50,"2015/12/17 05:30:05"
D,METER_DATA,GEN_DUID,1,"2015/12/17 05:35:00",CLOVER,-0.01,"2015/12/17 05:30:05"
D,METER_DATA,GEN_DUID,1,"2015/12/17 05:35:00",CLUNY,8.245330,"2015/12/17 05:30:05"
D,METER_DATA,GEN_DUID,1,"2015/12/17 05:35:00",CNUNDAWF,2.502920,"2015/12/17 05:30:05"
D,METER_DATA,GEN_DUID,1,"2015/12/17 05:35:00",CULLRGWF,3.95,"2015/12/17 05:30:05"
D,METER_DATA,GEN_DUID,1,"2015/12/17 05:35:00",ERGT01,0,"2015/12/17 05:30:05"
D,METER_DATA,GEN_DUID,1,"2015/12/17 05:35:00",GB01,0.187073,"2015/12/17 05:30:05"
D,METER_DATA,GEN_DUID,1,"2015/12/17 05:35:00",GERMCRK,37.299999,"2015/12/17 05:30:05"
D,METER_DATA,GEN_DUID,1,"2015/12/17 05:35:00",INVICTA,0,"2015/12/17 05:30:05"
D,METER_DATA,GEN_DUID,1,"2015/12/17 05:35:00",LKBONNY1,0,"2015/12/17 05:30:05"
D,METER_DATA,GEN_DUID,1,"2015/12/17 05:35:00",MBAHNTH,1.893751,"2015/12/17 05:30:05"
D,METER_DATA,GEN_DUID,1,"2015/12/17 05:35:00",MLWF1,1.7550,"2015/12/17 05:30:05"
D,METER_DATA,GEN_DUID,1,"2015/12/17 05:35:00",MTMILLAR,6.101875,"2015/12/17 05:30:05"
D,METER_DATA,GEN_DUID,1,"2015/12/17 05:35:00",PALOONA,7.91,"2015/12/17 05:30:05"
D,METER_DATA,GEN_DUID,1,"2015/12/17 05:35:00",PIONEER,-0.40,"2015/12/17 05:30:05"
D,METER_DATA,GEN_DUID,1,"2015/12/17 05:35:00",PORTWF,12.10,"2015/12/17 05:30:05"
D,METER_DATA,GEN_DUID,1,"2015/12/17 05:35:00",REPULSE,17.473434,"2015/12/17 05:30:05"
D,METER_DATA,GEN_DUID,1,"2015/12/17 05:35:00",ROWALLAN,0,"2015/12/17 05:30:05"
D,METER_DATA,GEN_DUID,1,"2015/12/17 05:35:00",RPCG,8.20,"2015/12/17 05:30:05"
D,METER_DATA,GEN_DUID,1,"2015/12/17 05:35:00",RUBICON,0,"2015/12/17 05:30:05"
D,METER_DATA,GEN_DUID,1,"2015/12/17 05:35:00",STARHLWF,15.795394,"2015/12/17 05:30:05"
D,METER_DATA,GEN_DUID,1,"2015/12/17 05:35:00",WAUBRAWF,119.7220,"2015/12/17 05:30:05"
D,METER_DATA,GEN_DUID,1,"2015/12/17 05:35:00",WOOLNTH1,67.620010,"2015/12/17 05:30:05"
D,METER_DATA,GEN_DUID,1,"2015/12/17 05:35:00",WPWF,6,"2015/12/17 05:30:05"
D,METER_DATA,GEN_DUID,1,"2015/12/17 05:35:00",YAMBUKWF,2.20,"2015/12/17 05:30:05"
D,METER_DATA,GEN_DUID,1,"2015/12/17 05:40:00",ANGAS1,0,"2015/12/17 05:35:04"
D,METER_DATA,GEN_DUID,1,"2015/12/17 05:40:00",ANGAS2,0,"2015/12/17 05:35:04"
D,METER_DATA,GEN_DUID,1,"2015/12/17 05:40:00",BUTLERSG,-0.000002,"2015/12/17 05:35:04"
D,METER_DATA,GEN_DUID,1,"2015/12/17 05:40:00",CALL_A_4,0,"2015/12/17 05:35:04"
D,METER_DATA,GEN_DUID,1,"2015/12/17 05:40:00",CAPTL_WF,0,"2015/12/17 05:35:04"
D,METER_DATA,GEN_DUID,1,"2015/12/17 05:40:00",CATHROCK,8.40,"2015/12/17 05:35:04"
D,METER_DATA,GEN_DUID,1,"2015/12/17 05:40:00",CHALLHWF,10.90,"2015/12/17 05:35:04"
D,METER_DATA,GEN_DUID,1,"2015/12/17 05:40:00",CLOVER,-0.01,"2015/12/17 05:35:04"
D,METER_DATA,GEN_DUID,1,"2015/12/17 05:40:00",CLUNY,8.559711,"2015/12/17 05:35:04"
D,METER_DATA,GEN_DUID,1,"2015/12/17 05:40:00",CNUNDAWF,2.502920,"2015/12/17 05:35:04"
D,METER_DATA,GEN_DUID,1,"2015/12/17 05:40:00",CULLRGWF,3.64,"2015/12/17 05:35:04"
D,METER_DATA,GEN_DUID,1,"2015/12/17 05:40:00",ERGT01,0,"2015/12/17 05:35:04"
D,METER_DATA,GEN_DUID,1,"2015/12/17 05:40:00",GB01,0.193146,"2015/12/17 05:35:04"
D,METER_DATA,GEN_DUID,1,"2015/12/17 05:40:00",GERMCRK,36.799999,"2015/12/17 05:35:04"
D,METER_DATA,GEN_DUID,1,"2015/12/17 05:40:00",INVICTA,0,"2015/12/17 05:35:04"
D,METER_DATA,GEN_DUID,1,"2015/12/17 05:40:00",LKBONNY1,-0.181410,"2015/12/17 05:35:04"
D,METER_DATA,GEN_DUID,1,"2015/12/17 05:40:00",MBAHNTH,1.893751,"2015/12/17 05:35:04"
D,METER_DATA,GEN_DUID,1,"2015/12/17 05:40:00",MLWF1,1.3350,"2015/12/17 05:35:04"
D,METER_DATA,GEN_DUID,1,"2015/12/17 05:40:00",MTMILLAR,5.573542,"2015/12/17 05:35:04"
D,METER_DATA,GEN_DUID,1,"2015/12/17 05:40:00",PALOONA,7.91,"2015/12/17 05:35:04"
D,METER_DATA,GEN_DUID,1,"2015/12/17 05:40:00",PIONEER,-0.40,"2015/12/17 05:35:04"
D,METER_DATA,GEN_DUID,1,"2015/12/17 05:40:00",PORTWF,13,"2015/12/17 05:35:04"
D,METER_DATA,GEN_DUID,1,"2015/12/17 05:40:00",REPULSE,18.521460,"2015/12/17 05:35:04"
D,METER_DATA,GEN_DUID,1,"2015/12/17 05:40:00",ROWALLAN,0,"2015/12/17 05:35:04"
D,METER_DATA,GEN_DUID,1,"2015/12/17 05:40:00",RPCG,8.20,"2015/12/17 05:35:04"
D,METER_DATA,GEN_DUID,1,"2015/12/17 05:40:00",RUBICON,0,"2015/12/17 05:35:04"
D,METER_DATA,GEN_DUID,1,"2015/12/17 05:40:00",STARHLWF,12.696298,"2015/12/17 05:35:04"
D,METER_DATA,GEN_DUID,1,"2015/12/17 05:40:00",WAUBRAWF,126.003998,"2015/12/17 05:35:04"
D,METER_DATA,GEN_DUID,1,"2015/12/17 05:40:00",WOOLNTH1,70.000015,"2015/12/17 05:35:04"
D,METER_DATA,GEN_DUID,1,"2015/12/17 05:40:00",WPWF,6,"2015/12/17 05:35:04"
D,METER_DATA,GEN_DUID,1,"2015/12/17 05:40:00",YAMBUKWF,2.10,"2015/12/17 05:35:04"
D,METER_DATA,GEN_DUID,1,"2015/12/17 05:45:00",ANGAS1,0,"2015/12/17 05:40:04"
D,METER_DATA,GEN_DUID,1,"2015/12/17 05:45:00",ANGAS2,0,"2015/12/17 05:40:04"
D,METER_DATA,GEN_DUID,1,"2015/12/17 05:45:00",BUTLERSG,-0.000002,"2015/12/17 05:40:04"
D,METER_DATA,GEN_DUID,1,"2015/12/17 05:45:00",CALL_A_4,0,"2015/12/17 05:40:04"
D,METER_DATA,GEN_DUID,1,"2015/12/17 05:45:00",CAPTL_WF,0,"2015/12/17 05:40:04"
D,METER_DATA,GEN_DUID,1,"2015/12/17 05:45:00",CATHROCK,7.84,"2015/12/17 05:40:04"
D,METER_DATA,GEN_DUID,1,"2015/12/17 05:45:00",CHALLHWF,10.40,"2015/12/17 05:40:04"
D,METER_DATA,GEN_DUID,1,"2015/12/17 05:45:00",CLOVER,-0.01,"2015/12/17 05:40:04"
D,METER_DATA,GEN_DUID,1,"2015/12/17 05:45:00",CLUNY,8.331070,"2015/12/17 05:40:04"
D,METER_DATA,GEN_DUID,1,"2015/12/17 05:45:00",CNUNDAWF,2.502920,"2015/12/17 05:40:04"
D,METER_DATA,GEN_DUID,1,"2015/12/17 05:45:00",CULLRGWF,3.33,"2015/12/17 05:40:04"
D,METER_DATA,GEN_DUID,1,"2015/12/17 05:45:00",ERGT01,0,"2015/12/17 05:40:04"
D,METER_DATA,GEN_DUID,1,"2015/12/17 05:45:00",GB01,0.193146,"2015/12/17 05:40:04"
D,METER_DATA,GEN_DUID,1,"2015/12/17 05:45:00",GERMCRK,35.200001,"2015/12/17 05:40:04"
D,METER_DATA,GEN_DUID,1,"2015/12/17 05:45:00",INVICTA,0,"2015/12/17 05:40:04"
D,METER_DATA,GEN_DUID,1,"2015/12/17 05:45:00",LKBONNY1,-0.270719,"2015/12/17 05:40:04"
D,METER_DATA,GEN_DUID,1,"2015/12/17 05:45:00",MBAHNTH,1.893751,"2015/12/17 05:40:04"
D,METER_DATA,GEN_DUID,1,"2015/12/17 05:45:00",MLWF1,1.0350,"2015/12/17 05:40:04"
D,METER_DATA,GEN_DUID,1,"2015/12/17 05:45:00",MTMILLAR,4.732674,"2015/12/17 05:40:04"
D,METER_DATA,GEN_DUID,1,"2015/12/17 05:45:00",PALOONA,7.91,"2015/12/17 05:40:04"
D,METER_DATA,GEN_DUID,1,"2015/12/17 05:45:00",PIONEER,-0.40,"2015/12/17 05:40:04"
D,METER_DATA,GEN_DUID,1,"2015/12/17 05:45:00",PORTWF,12.90,"2015/12/17 05:40:04"
D,METER_DATA,GEN_DUID,1,"2015/12/17 05:45:00",REPULSE,17.854534,"2015/12/17 05:40:04"
D,METER_DATA,GEN_DUID,1,"2015/12/17 05:45:00",ROWALLAN,0,"2015/12/17 05:40:04"
D,METER_DATA,GEN_DUID,1,"2015/12/17 05:45:00",RPCG,8.20,"2015/12/17 05:40:04"
D,METER_DATA,GEN_DUID,1,"2015/12/17 05:45:00",RUBICON,0,"2015/12/17 05:40:04"
D,METER_DATA,GEN_DUID,1,"2015/12/17 05:45:00",STARHLWF,10.596910,"2015/12/17 05:40:04"
D,METER_DATA,GEN_DUID,1,"2015/12/17 05:45:00",WAUBRAWF,130.330994,"2015/12/17 05:40:04"
D,METER_DATA,GEN_DUID,1,"2015/12/17 05:45:00",WOOLNTH1,70.080017,"2015/12/17 05:40:04"
D,METER_DATA,GEN_DUID,1,"2015/12/17 05:45:00",WPWF,5,"2015/12/17 05:40:04"
D,METER_DATA,GEN_DUID,1,"2015/12/17 05:45:00",YAMBUKWF,1.70,"2015/12/17 05:40:04"
D,METER_DATA,GEN_DUID,1,"2015/12/17 05:50:00",ANGAS1,0,"2015/12/17 05:45:04"
D,METER_DATA,GEN_DUID,1,"2015/12/17 05:50:00",ANGAS2,0,"2015/12/17 05:45:04"
D,METER_DATA,GEN_DUID,1,"2015/12/17 05:50:00",BUTLERSG,-0.000002,"2015/12/17 05:45:04"
D,METER_DATA,GEN_DUID,1,"2015/12/17 05:50:00",CALL_A_4,0,"2015/12/17 05:45:04"
D,METER_DATA,GEN_DUID,1,"2015/12/17 05:50:00",CAPTL_WF,0,"2015/12/17 05:45:04"
D,METER_DATA,GEN_DUID,1,"2015/12/17 05:50:00",CATHROCK,7.139999,"2015/12/17 05:45:04"
D,METER_DATA,GEN_DUID,1,"2015/12/17 05:50:00",CHALLHWF,10.799999,"2015/12/17 05:45:04"
D,METER_DATA,GEN_DUID,1,"2015/12/17 05:50:00",CLOVER,-0.01,"2015/12/17 05:45:04"
D,METER_DATA,GEN_DUID,1,"2015/12/17 05:50:00",CLUNY,8.316780,"2015/12/17 05:45:04"
D,METER_DATA,GEN_DUID,1,"2015/12/17 05:50:00",CNUNDAWF,2.102453,"2015/12/17 05:45:04"
D,METER_DATA,GEN_DUID,1,"2015/12/17 05:50:00",CULLRGWF,3.05,"2015/12/17 05:45:04"
D,METER_DATA,GEN_DUID,1,"2015/12/17 05:50:00",ERGT01,0,"2015/12/17 05:45:04"
D,METER_DATA,GEN_DUID,1,"2015/12/17 05:50:00",GB01,0.193146,"2015/12/17 05:45:04"
D,METER_DATA,GEN_DUID,1,"2015/12/17 05:50:00",GERMCRK,35.200001,"2015/12/17 05:45:04"
D,METER_DATA,GEN_DUID,1,"2015/12/17 05:50:00",INVICTA,0,"2015/12/17 05:45:04"
D,METER_DATA,GEN_DUID,1,"2015/12/17 05:50:00",LKBONNY1,-0.181410,"2015/12/17 05:45:04"
D,METER_DATA,GEN_DUID,1,"2015/12/17 05:50:00",MBAHNTH,1.893751,"2015/12/17 05:45:04"
D,METER_DATA,GEN_DUID,1,"2015/12/17 05:50:00",MLWF1,0.93,"2015/12/17 05:45:04"
D,METER_DATA,GEN_DUID,1,"2015/12/17 05:50:00",MTMILLAR,4.524317,"2015/12/17 05:45:04"
D,METER_DATA,GEN_DUID,1,"2015/12/17 05:50:00",PALOONA,7.91,"2015/12/17 05:45:04"
D,METER_DATA,GEN_DUID,1,"2015/12/17 05:50:00",PIONEER,-0.40,"2015/12/17 05:45:04"
D,METER_DATA,GEN_DUID,1,"2015/12/17 05:50:00",PORTWF,13.20,"2015/12/17 05:45:04"
D,METER_DATA,GEN_DUID,1,"2015/12/17 05:50:00",REPULSE,17.987919,"2015/12/17 05:45:04"
D,METER_DATA,GEN_DUID,1,"2015/12/17 05:50:00",ROWALLAN,0,"2015/12/17 05:45:04"
D,METER_DATA,GEN_DUID,1,"2015/12/17 05:50:00",RPCG,8.20,"2015/12/17 05:45:04"
D,METER_DATA,GEN_DUID,1,"2015/12/17 05:50:00",RUBICON,0,"2015/12/17 05:45:04"
D,METER_DATA,GEN_DUID,1,"2015/12/17 05:50:00",STARHLWF,8.897406,"2015/12/17 05:45:04"
D,METER_DATA,GEN_DUID,1,"2015/12/17 05:50:00",WAUBRAWF,139.503998,"2015/12/17 05:45:04"
D,METER_DATA,GEN_DUID,1,"2015/12/17 05:50:00",WOOLNTH1,66.240021,"2015/12/17 05:45:04"
D,METER_DATA,GEN_DUID,1,"2015/12/17 05:50:00",WPWF,6,"2015/12/17 05:45:04"
D,METER_DATA,GEN_DUID,1,"2015/12/17 05:50:00",YAMBUKWF,1.60,"2015/12/17 05:45:04"
D,METER_DATA,GEN_DUID,1,"2015/12/17 05:55:00",ANGAS1,0,"2015/12/17 05:50:05"
D,METER_DATA,GEN_DUID,1,"2015/12/17 05:55:00",ANGAS2,0,"2015/12/17 05:50:05"
D,METER_DATA,GEN_DUID,1,"2015/12/17 05:55:00",BUTLERSG,-0.000002,"2015/12/17 05:50:05"
D,METER_DATA,GEN_DUID,1,"2015/12/17 05:55:00",CALL_A_4,0,"2015/12/17 05:50:05"
D,METER_DATA,GEN_DUID,1,"2015/12/17 05:55:00",CAPTL_WF,0,"2015/12/17 05:50:05"
D,METER_DATA,GEN_DUID,1,"2015/12/17 05:55:00",CATHROCK,6.28,"2015/12/17 05:50:05"
D,METER_DATA,GEN_DUID,1,"2015/12/17 05:55:00",CHALLHWF,9.20,"2015/12/17 05:50:05"
D,METER_DATA,GEN_DUID,1,"2015/12/17 05:55:00",CLOVER,-0.01,"2015/12/17 05:50:05"
D,METER_DATA,GEN_DUID,1,"2015/12/17 05:55:00",CLUNY,8.202460,"2015/12/17 05:50:05"
D,METER_DATA,GEN_DUID,1,"2015/12/17 05:55:00",CNUNDAWF,2.102453,"2015/12/17 05:50:05"
D,METER_DATA,GEN_DUID,1,"2015/12/17 05:55:00",CULLRGWF,3.67,"2015/12/17 05:50:05"
D,METER_DATA,GEN_DUID,1,"2015/12/17 05:55:00",ERGT01,0,"2015/12/17 05:50:05"
D,METER_DATA,GEN_DUID,1,"2015/12/17 05:55:00",GB01,0.193146,"2015/12/17 05:50:05"
D,METER_DATA,GEN_DUID,1,"2015/12/17 05:55:00",GERMCRK,37,"2015/12/17 05:50:05"
D,METER_DATA,GEN_DUID,1,"2015/12/17 05:55:00",INVICTA,0,"2015/12/17 05:50:05"
D,METER_DATA,GEN_DUID,1,"2015/12/17 05:55:00",LKBONNY1,-0.0921,"2015/12/17 05:50:05"
D,METER_DATA,GEN_DUID,1,"2015/12/17 05:55:00",MBAHNTH,1.893751,"2015/12/17 05:50:05"
D,METER_DATA,GEN_DUID,1,"2015/12/17 05:55:00",MLWF1,0.6150,"2015/12/17 05:50:05"
D,METER_DATA,GEN_DUID,1,"2015/12/17 05:55:00",MTMILLAR,4.903824,"2015/12/17 05:50:05"
D,METER_DATA,GEN_DUID,1,"2015/12/17 05:55:00",PALOONA,7.91,"2015/12/17 05:50:05"
D,METER_DATA,GEN_DUID,1,"2015/12/17 05:55:00",PIONEER,-0.40,"2015/12/17 05:50:05"
D,METER_DATA,GEN_DUID,1,"2015/12/17 05:55:00",PORTWF,12.90,"2015/12/17 05:50:05"
D,METER_DATA,GEN_DUID,1,"2015/12/17 05:55:00",REPULSE,17.702095,"2015/12/17 05:50:05"
D,METER_DATA,GEN_DUID,1,"2015/12/17 05:55:00",ROWALLAN,0,"2015/12/17 05:50:05"
D,METER_DATA,GEN_DUID,1,"2015/12/17 05:55:00",RPCG,9.30,"2015/12/17 05:50:05"
D,METER_DATA,GEN_DUID,1,"2015/12/17 05:55:00",RUBICON,0,"2015/12/17 05:50:05"
D,METER_DATA,GEN_DUID,1,"2015/12/17 05:55:00",STARHLWF,7.697755,"2015/12/17 05:50:05"
D,METER_DATA,GEN_DUID,1,"2015/12/17 05:55:00",WAUBRAWF,141.460007,"2015/12/17 05:50:05"
D,METER_DATA,GEN_DUID,1,"2015/12/17 05:55:00",WOOLNTH1,65.890015,"2015/12/17 05:50:05"
D,METER_DATA,GEN_DUID,1,"2015/12/17 05:55:00",WPWF,5,"2015/12/17 05:50:05"
D,METER_DATA,GEN_DUID,1,"2015/12/17 05:55:00",YAMBUKWF,1.80,"2015/12/17 05:50:05"
D,METER_DATA,GEN_DUID,1,"2015/12/17 06:00:00",ANGAS1,0,"2015/12/17 05:55:05"
D,METER_DATA,GEN_DUID,1,"2015/12/17 06:00:00",ANGAS2,0,"2015/12/17 05:55:05"
D,METER_DATA,GEN_DUID,1,"2015/12/17 06:00:00",BUTLERSG,-0.000002,"2015/12/17 05:55:05"
D,METER_DATA,GEN_DUID,1,"2015/12/17 06:00:00",CALL_A_4,0,"2015/12/17 05:55:05"
D,METER_DATA,GEN_DUID,1,"2015/12/17 06:00:00",CAPTL_WF,0,"2015/12/17 05:55:05"
D,METER_DATA,GEN_DUID,1,"2015/12/17 06:00:00",CATHROCK,4.789999,"2015/12/17 05:55:05"
D,METER_DATA,GEN_DUID,1,"2015/12/17 06:00:00",CHALLHWF,10.70,"2015/12/17 05:55:05"
D,METER_DATA,GEN_DUID,1,"2015/12/17 06:00:00",CLOVER,-0.01,"2015/12/17 05:55:05"
D,METER_DATA,GEN_DUID,1,"2015/12/17 06:00:00",CLUNY,8.173881,"2015/12/17 05:55:05"
D,METER_DATA,GEN_DUID,1,"2015/12/17 06:00:00",CNUNDAWF,1.701985,"2015/12/17 05:55:05"
D,METER_DATA,GEN_DUID,1,"2015/12/17 06:00:00",CULLRGWF,3.43,"2015/12/17 05:55:05"
D,METER_DATA,GEN_DUID,1,"2015/12/17 06:00:00",ERGT01,0,"2015/12/17 05:55:05"
D,METER_DATA,GEN_DUID,1,"2015/12/17 06:00:00",GB01,0.193146,"2015/12/17 05:55:05"
D,METER_DATA,GEN_DUID,1,"2015/12/17 06:00:00",GERMCRK,37.099998,"2015/12/17 05:55:05"
D,METER_DATA,GEN_DUID,1,"2015/12/17 06:00:00",INVICTA,0,"2015/12/17 05:55:05"
D,METER_DATA,GEN_DUID,1,"2015/12/17 06:00:00",LKBONNY1,0.178619,"2015/12/17 05:55:05"
D,METER_DATA,GEN_DUID,1,"2015/12/17 06:00:00",MBAHNTH,1.893751,"2015/12/17 05:55:05"
D,METER_DATA,GEN_DUID,1,"2015/12/17 06:00:00",MLWF1,0.30,"2015/12/17 05:55:05"
D,METER_DATA,GEN_DUID,1,"2015/12/17 06:00:00",MTMILLAR,5.275890,"2015/12/17 05:55:05"
D,METER_DATA,GEN_DUID,1,"2015/12/17 06:00:00",PALOONA,7.91,"2015/12/17 05:55:05"
D,METER_DATA,GEN_DUID,1,"2015/12/17 06:00:00",PIONEER,-0.40,"2015/12/17 05:55:05"
D,METER_DATA,GEN_DUID,1,"2015/12/17 06:00:00",PORTWF,12.30,"2015/12/17 05:55:05"
D,METER_DATA,GEN_DUID,1,"2015/12/17 06:00:00",REPULSE,17.568710,"2015/12/17 05:55:05"
D,METER_DATA,GEN_DUID,1,"2015/12/17 06:00:00",ROWALLAN,0,"2015/12/17 05:55:05"
D,METER_DATA,GEN_DUID,1,"2015/12/17 06:00:00",RPCG,8.20,"2015/12/17 05:55:05"
D,METER_DATA,GEN_DUID,1,"2015/12/17 06:00:00",RUBICON,0,"2015/12/17 05:55:05"
D,METER_DATA,GEN_DUID,1,"2015/12/17 06:00:00",STARHLWF,7.397843,"2015/12/17 05:55:05"
D,METER_DATA,GEN_DUID,1,"2015/12/17 06:00:00",WAUBRAWF,143.6810,"2015/12/17 05:55:05"
D,METER_DATA,GEN_DUID,1,"2015/12/17 06:00:00",WOOLNTH1,70.590019,"2015/12/17 05:55:05"
D,METER_DATA,GEN_DUID,1,"2015/12/17 06:00:00",WPWF,4,"2015/12/17 05:55:05"
D,METER_DATA,GEN_DUID,1,"2015/12/17 06:00:00",YAMBUKWF,2.40,"2015/12/17 05:55:05"
D,METER_DATA,GEN_DUID,1,"2015/12/17 06:05:00",ANGAS1,0,"2015/12/17 06:00:04"
D,METER_DATA,GEN_DUID,1,"2015/12/17 06:05:00",ANGAS2,0,"2015/12/17 06:00:04"
D,METER_DATA,GEN_DUID,1,"2015/12/17 06:05:00",BUTLERSG,-0.000002,"2015/12/17 06:00:04"
D,METER_DATA,GEN_DUID,1,"2015/12/17 06:05:00",CALL_A_4,0,"2015/12/17 06:00:04"
D,METER_DATA,GEN_DUID,1,"2015/12/17 06:05:00",CAPTL_WF,0,"2015/12/17 06:00:04"
D,METER_DATA,GEN_DUID,1,"2015/12/17 06:05:00",CATHROCK,4.29,"2015/12/17 06:00:04"
D,METER_DATA,GEN_DUID,1,"2015/12/17 06:05:00",CHALLHWF,10.30,"2015/12/17 06:00:04"
D,METER_DATA,GEN_DUID,1,"2015/12/17 06:05:00",CLOVER,-0.01,"2015/12/17 06:00:04"
D,METER_DATA,GEN_DUID,1,"2015/12/17 06:05:00",CLUNY,8.402520,"2015/12/17 06:00:04"
D,METER_DATA,GEN_DUID,1,"2015/12/17 06:05:00",CNUNDAWF,1.701985,"2015/12/17 06:00:04"
D,METER_DATA,GEN_DUID,1,"2015/12/17 06:05:00",CULLRGWF,2.52,"2015/12/17 06:00:04"
D,METER_DATA,GEN_DUID,1,"2015/12/17 06:05:00",ERGT01,0,"2015/12/17 06:00:04"
D,METER_DATA,GEN_DUID,1,"2015/12/17 06:05:00",GB01,0.193146,"2015/12/17 06:00:04"
D,METER_DATA,GEN_DUID,1,"2015/12/17 06:05:00",GERMCRK,37,"2015/12/17 06:00:04"
D,METER_DATA,GEN_DUID,1,"2015/12/17 06:05:00",INVICTA,0,"2015/12/17 06:00:04"
D,METER_DATA,GEN_DUID,1,"2015/12/17 06:05:00",LKBONNY1,0.089309,"2015/12/17 06:00:04"
D,METER_DATA,GEN_DUID,1,"2015/12/17 06:05:00",MBAHNTH,1.893751,"2015/12/17 06:00:04"
D,METER_DATA,GEN_DUID,1,"2015/12/17 06:05:00",MLWF1,0.30,"2015/12/17 06:00:04"
D,METER_DATA,GEN_DUID,1,"2015/12/17 06:05:00",MTMILLAR,5.714927,"2015/12/17 06:00:04"
D,METER_DATA,GEN_DUID,1,"2015/12/17 06:05:00",PALOONA,7.91,"2015/12/17 06:00:04"
D,METER_DATA,GEN_DUID,1,"2015/12/17 06:05:00",PIONEER,-0.40,"2015/12/17 06:00:04"
D,METER_DATA,GEN_DUID,1,"2015/12/17 06:05:00",PORTWF,11.10,"2015/12/17 06:00:04"
D,METER_DATA,GEN_DUID,1,"2015/12/17 06:05:00",REPULSE,18.045084,"2015/12/17 06:00:04"
D,METER_DATA,GEN_DUID,1,"2015/12/17 06:05:00",ROWALLAN,0,"2015/12/17 06:00:04"
D,METER_DATA,GEN_DUID,1,"2015/12/17 06:05:00",RPCG,8.20,"2015/12/17 06:00:04"
D,METER_DATA,GEN_DUID,1,"2015/12/17 06:05:00",RUBICON,0,"2015/12/17 06:00:04"
D,METER_DATA,GEN_DUID,1,"2015/12/17 06:05:00",STARHLWF,7.797726,"2015/12/17 06:00:04"
D,METER_DATA,GEN_DUID,1,"2015/12/17 06:05:00",WAUBRAWF,141.740997,"2015/12/17 06:00:04"
D,METER_DATA,GEN_DUID,1,"2015/12/17 06:05:00",WOOLNTH1,67.620018,"2015/12/17 06:00:04"
D,METER_DATA,GEN_DUID,1,"2015/12/17 06:05:00",WPWF,3,"2015/12/17 06:00:04"
D,METER_DATA,GEN_DUID,1,"2015/12/17 06:05:00",YAMBUKWF,3,"2015/12/17 06:00:04"
D,METER_DATA,GEN_DUID,1,"2015/12/17 06:10:00",ANGAS1,0,"2015/12/17 06:05:04"
D,METER_DATA,GEN_DUID,1,"2015/12/17 06:10:00",ANGAS2,0,"2015/12/17 06:05:04"
D,METER_DATA,GEN_DUID,1,"2015/12/17 06:10:00",BUTLERSG,-0.000002,"2015/12/17 06:05:04"
D,METER_DATA,GEN_DUID,1,"2015/12/17 06:10:00",CALL_A_4,0,"2015/12/17 06:05:04"
D,METER_DATA,GEN_DUID,1,"2015/12/17 06:10:00",CAPTL_WF,0,"2015/12/17 06:05:04"
D,METER_DATA,GEN_DUID,1,"2015/12/17 06:10:00",CATHROCK,3.66,"2015/12/17 06:05:04"
D,METER_DATA,GEN_DUID,1,"2015/12/17 06:10:00",CHALLHWF,9.30,"2015/12/17 06:05:04"
D,METER_DATA,GEN_DUID,1,"2015/12/17 06:10:00",CLOVER,-0.01,"2015/12/17 06:05:04"
D,METER_DATA,GEN_DUID,1,"2015/12/17 06:10:00",CLUNY,8.345360,"2015/12/17 06:05:04"
D,METER_DATA,GEN_DUID,1,"2015/12/17 06:10:00",CNUNDAWF,2.102453,"2015/12/17 06:05:04"
D,METER_DATA,GEN_DUID,1,"2015/12/17 06:10:00",CULLRGWF,1.77,"2015/12/17 06:05:04"
D,METER_DATA,GEN_DUID,1,"2015/12/17 06:10:00",ERGT01,0,"2015/12/17 06:05:04"
D,METER_DATA,GEN_DUID,1,"2015/12/17 06:10:00",GB01,0.193146,"2015/12/17 06:05:04"
D,METER_DATA,GEN_DUID,1,"2015/12/17 06:10:00",GERMCRK,36.299999,"2015/12/17 06:05:04"
D,METER_DATA,GEN_DUID,1,"2015/12/17 06:10:00",INVICTA,0,"2015/12/17 06:05:04"
D,METER_DATA,GEN_DUID,1,"2015/12/17 06:10:00",LKBONNY1,-0.181410,"2015/12/17 06:05:04"
D,METER_DATA,GEN_DUID,1,"2015/12/17 06:10:00",MBAHNTH,1.893751,"2015/12/17 06:05:04"
D,METER_DATA,GEN_DUID,1,"2015/12/17 06:10:00",MLWF1,0.51,"2015/12/17 06:05:04"
D,METER_DATA,GEN_DUID,1,"2015/12/17 06:10:00",MTMILLAR,6.116758,"2015/12/17 06:05:04"
D,METER_DATA,GEN_DUID,1,"2015/12/17 06:10:00",PALOONA,7.91,"2015/12/17 06:05:04"
D,METER_DATA,GEN_DUID,1,"2015/12/17 06:10:00",PIONEER,-0.40,"2015/12/17 06:05:04"
D,METER_DATA,GEN_DUID,1,"2015/12/17 06:10:00",PORTWF,9.50,"2015/12/17 06:05:04"
D,METER_DATA,GEN_DUID,1,"2015/12/17 06:10:00",REPULSE,17.892645,"2015/12/17 06:05:04"
D,METER_DATA,GEN_DUID,1,"2015/12/17 06:10:00",ROWALLAN,0,"2015/12/17 06:05:04"
D,METER_DATA,GEN_DUID,1,"2015/12/17 06:10:00",RPCG,8.20,"2015/12/17 06:05:04"
D,METER_DATA,GEN_DUID,1,"2015/12/17 06:10:00",RUBICON,0,"2015/12/17 06:05:04"
D,METER_DATA,GEN_DUID,1,"2015/12/17 06:10:00",STARHLWF,8.797435,"2015/12/17 06:05:04"
D,METER_DATA,GEN_DUID,1,"2015/12/17 06:10:00",WAUBRAWF,142.343994,"2015/12/17 06:05:04"
D,METER_DATA,GEN_DUID,1,"2015/12/17 06:10:00",WOOLNTH1,65.030014,"2015/12/17 06:05:04"
D,METER_DATA,GEN_DUID,1,"2015/12/17 06:10:00",WPWF,2,"2015/12/17 06:05:04"
D,METER_DATA,GEN_DUID,1,"2015/12/17 06:10:00",YAMBUKWF,3.10,"2015/12/17 06:05:04"
D,METER_DATA,GEN_DUID,1,"2015/12/17 06:15:00",ANGAS1,0,"2015/12/17 06:10:04"
D,METER_DATA,GEN_DUID,1,"2015/12/17 06:15:00",ANGAS2,0,"2015/12/17 06:10:04"
D,METER_DATA,GEN_DUID,1,"2015/12/17 06:15:00",BUTLERSG,-0.000002,"2015/12/17 06:10:04"
D,METER_DATA,GEN_DUID,1,"2015/12/17 06:15:00",CALL_A_4,0,"2015/12/17 06:10:04"
D,METER_DATA,GEN_DUID,1,"2015/12/17 06:15:00",CAPTL_WF,0,"2015/12/17 06:10:04"
D,METER_DATA,GEN_DUID,1,"2015/12/17 06:15:00",CATHROCK,4.80,"2015/12/17 06:10:04"
D,METER_DATA,GEN_DUID,1,"2015/12/17 06:15:00",CHALLHWF,8.60,"2015/12/17 06:10:04"
D,METER_DATA,GEN_DUID,1,"2015/12/17 06:15:00",CLOVER,-0.01,"2015/12/17 06:10:04"
D,METER_DATA,GEN_DUID,1,"2015/12/17 06:15:00",CLUNY,8.473970,"2015/12/17 06:10:04"
D,METER_DATA,GEN_DUID,1,"2015/12/17 06:15:00",CNUNDAWF,2.102453,"2015/12/17 06:10:04"
D,METER_DATA,GEN_DUID,1,"2015/12/17 06:15:00",CULLRGWF,1.45,"2015/12/17 06:10:04"
D,METER_DATA,GEN_DUID,1,"2015/12/17 06:15:00",ERGT01,0,"2015/12/17 06:10:04"
D,METER_DATA,GEN_DUID,1,"2015/12/17 06:15:00",GB01,0.193146,"2015/12/17 06:10:04"
D,METER_DATA,GEN_DUID,1,"2015/12/17 06:15:00",GERMCRK,37,"2015/12/17 06:10:04"
D,METER_DATA,GEN_DUID,1,"2015/12/17 06:15:00",INVICTA,0,"2015/12/17 06:10:04"
D,METER_DATA,GEN_DUID,1,"2015/12/17 06:15:00",LKBONNY1,-0.270719,"2015/12/17 06:10:04"
D,METER_DATA,GEN_DUID,1,"2015/12/17 06:15:00",MBAHNTH,1.893751,"2015/12/17 06:10:04"
D,METER_DATA,GEN_DUID,1,"2015/12/17 06:15:00",MLWF1,0.72,"2015/12/17 06:10:04"
D,METER_DATA,GEN_DUID,1,"2015/12/17 06:15:00",MTMILLAR,6.176289,"2015/12/17 06:10:04"
D,METER_DATA,GEN_DUID,1,"2015/12/17 06:15:00",PALOONA,7.91,"2015/12/17 06:10:04"
D,METER_DATA,GEN_DUID,1,"2015/12/17 06:15:00",PIONEER,-0.40,"2015/12/17 06:10:04"
D,METER_DATA,GEN_DUID,1,"2015/12/17 06:15:00",PORTWF,7.90,"2015/12/17 06:10:04"
D,METER_DATA,GEN_DUID,1,"2015/12/17 06:15:00",REPULSE,18.197525,"2015/12/17 06:10:04"
D,METER_DATA,GEN_DUID,1,"2015/12/17 06:15:00",ROWALLAN,0,"2015/12/17 06:10:04"
D,METER_DATA,GEN_DUID,1,"2015/12/17 06:15:00",RPCG,8.20,"2015/12/17 06:10:04"
D,METER_DATA,GEN_DUID,1,"2015/12/17 06:15:00",RUBICON,0,"2015/12/17 06:10:04"
D,METER_DATA,GEN_DUID,1,"2015/12/17 06:15:00",STARHLWF,7.797726,"2015/12/17 06:10:04"
D,METER_DATA,GEN_DUID,1,"2015/12/17 06:15:00",WAUBRAWF,139.367996,"2015/12/17 06:10:04"
D,METER_DATA,GEN_DUID,1,"2015/12/17 06:15:00",WOOLNTH1,67.380020,"2015/12/17 06:10:04"
D,METER_DATA,GEN_DUID,1,"2015/12/17 06:15:00",WPWF,2,"2015/12/17 06:10:04"
D,METER_DATA,GEN_DUID,1,"2015/12/17 06:15:00",YAMBUKWF,2.90,"2015/12/17 06:10:04"
D,METER_DATA,GEN_DUID,1,"2015/12/17 06:20:00",ANGAS1,0,"2015/12/17 06:15:04"
D,METER_DATA,GEN_DUID,1,"2015/12/17 06:20:00",ANGAS2,0,"2015/12/17 06:15:04"
D,METER_DATA,GEN_DUID,1,"2015/12/17 06:20:00",BUTLERSG,-0.000002,"2015/12/17 06:15:04"
D,METER_DATA,GEN_DUID,1,"2015/12/17 06:20:00",CALL_A_4,0,"2015/12/17 06:15:04"
D,METER_DATA,GEN_DUID,1,"2015/12/17 06:20:00",CAPTL_WF,0,"2015/12/17 06:15:04"
D,METER_DATA,GEN_DUID,1,"2015/12/17 06:20:00",CATHROCK,6.01,"2015/12/17 06:15:04"
D,METER_DATA,GEN_DUID,1,"2015/12/17 06:20:00",CHALLHWF,8.299999,"2015/12/17 06:15:04"
D,METER_DATA,GEN_DUID,1,"2015/12/17 06:20:00",CLOVER,-0.01,"2015/12/17 06:15:04"
D,METER_DATA,GEN_DUID,1,"2015/12/17 06:20:00",CLUNY,10.503150,"2015/12/17 06:15:04"
D,METER_DATA,GEN_DUID,1,"2015/12/17 06:20:00",CNUNDAWF,2.102453,"2015/12/17 06:15:04"
D,METER_DATA,GEN_DUID,1,"2015/12/17 06:20:00",CULLRGWF,1.52,"2015/12/17 06:15:04"
D,METER_DATA,GEN_DUID,1,"2015/12/17 06:20:00",ERGT01,0,"2015/12/17 06:15:04"
D,METER_DATA,GEN_DUID,1,"2015/12/17 06:20:00",GB01,0.193146,"2015/12/17 06:15:04"
D,METER_DATA,GEN_DUID,1,"2015/12/17 06:20:00",GERMCRK,36.50,"2015/12/17 06:15:04"
D,METER_DATA,GEN_DUID,1,"2015/12/17 06:20:00",INVICTA,0,"2015/12/17 06:15:04"
D,METER_DATA,GEN_DUID,1,"2015/12/17 06:20:00",LKBONNY1,-0.270719,"2015/12/17 06:15:04"
D,METER_DATA,GEN_DUID,1,"2015/12/17 06:20:00",MBAHNTH,1.893751,"2015/12/17 06:15:04"
D,METER_DATA,GEN_DUID,1,"2015/12/17 06:20:00",MLWF1,0.72,"2015/12/17 06:15:04"
D,METER_DATA,GEN_DUID,1,"2015/12/17 06:20:00",MTMILLAR,6.540913,"2015/12/17 06:15:04"
D,METER_DATA,GEN_DUID,1,"2015/12/17 06:20:00",PALOONA,7.91,"2015/12/17 06:15:04"
D,METER_DATA,GEN_DUID,1,"2015/12/17 06:20:00",PIONEER,-0.40,"2015/12/17 06:15:04"
D,METER_DATA,GEN_DUID,1,"2015/12/17 06:20:00",PORTWF,6.40,"2015/12/17 06:15:04"
D,METER_DATA,GEN_DUID,1,"2015/12/17 06:20:00",REPULSE,21.112940,"2015/12/17 06:15:04"
D,METER_DATA,GEN_DUID,1,"2015/12/17 06:20:00",ROWALLAN,0,"2015/12/17 06:15:04"
D,METER_DATA,GEN_DUID,1,"2015/12/17 06:20:00",RPCG,8.20,"2015/12/17 06:15:04"
D,METER_DATA,GEN_DUID,1,"2015/12/17 06:20:00",RUBICON,0,"2015/12/17 06:15:04"
D,METER_DATA,GEN_DUID,1,"2015/12/17 06:20:00",STARHLWF,9.197318,"2015/12/17 06:15:04"
D,METER_DATA,GEN_DUID,1,"2015/12/17 06:20:00",WAUBRAWF,141.076996,"2015/12/17 06:15:04"
D,METER_DATA,GEN_DUID,1,"2015/12/17 06:20:00",WOOLNTH1,66.630020,"2015/12/17 06:15:04"
D,METER_DATA,GEN_DUID,1,"2015/12/17 06:20:00",WPWF,1,"2015/12/17 06:15:04"
D,METER_DATA,GEN_DUID,1,"2015/12/17 06:20:00",YAMBUKWF,2.50,"2015/12/17 06:15:04"
D,METER_DATA,GEN_DUID,1,"2015/12/17 06:25:00",ANGAS1,0,"2015/12/17 06:20:04"
D,METER_DATA,GEN_DUID,1,"2015/12/17 06:25:00",ANGAS2,0,"2015/12/17 06:20:04"
D,METER_DATA,GEN_DUID,1,"2015/12/17 06:25:00",BUTLERSG,-0.000002,"2015/12/17 06:20:04"
D,METER_DATA,GEN_DUID,1,"2015/12/17 06:25:00",CALL_A_4,0,"2015/12/17 06:20:04"
D,METER_DATA,GEN_DUID,1,"2015/12/17 06:25:00",CAPTL_WF,0,"2015/12/17 06:20:04"
D,METER_DATA,GEN_DUID,1,"2015/12/17 06:25:00",CATHROCK,6.639999,"2015/12/17 06:20:04"
D,METER_DATA,GEN_DUID,1,"2015/12/17 06:25:00",CHALLHWF,6.90,"2015/12/17 06:20:04"
D,METER_DATA,GEN_DUID,1,"2015/12/17 06:25:00",CLOVER,0,"2015/12/17 06:20:04"
D,METER_DATA,GEN_DUID,1,"2015/12/17 06:25:00",CLUNY,13.604080,"2015/12/17 06:20:04"
D,METER_DATA,GEN_DUID,1,"2015/12/17 06:25:00",CNUNDAWF,2.102453,"2015/12/17 06:20:04"
D,METER_DATA,GEN_DUID,1,"2015/12/17 06:25:00",CULLRGWF,2.46,"2015/12/17 06:20:04"
D,METER_DATA,GEN_DUID,1,"2015/12/17 06:25:00",ERGT01,0,"2015/12/17 06:20:04"
D,METER_DATA,GEN_DUID,1,"2015/12/17 06:25:00",GB01,0.190945,"2015/12/17 06:20:04"
D,METER_DATA,GEN_DUID,1,"2015/12/17 06:25:00",GERMCRK,37.099998,"2015/12/17 06:20:04"
D,METER_DATA,GEN_DUID,1,"2015/12/17 06:25:00",INVICTA,0,"2015/12/17 06:20:04"
D,METER_DATA,GEN_DUID,1,"2015/12/17 06:25:00",LKBONNY1,-0.270719,"2015/12/17 06:20:04"
D,METER_DATA,GEN_DUID,1,"2015/12/17 06:25:00",MBAHNTH,1.893751,"2015/12/17 06:20:04"
D,METER_DATA,GEN_DUID,1,"2015/12/17 06:25:00",MLWF1,0.60,"2015/12/17 06:20:04"
D,METER_DATA,GEN_DUID,1,"2015/12/17 06:25:00",MTMILLAR,6.846006,"2015/12/17 06:20:04"
D,METER_DATA,GEN_DUID,1,"2015/12/17 06:25:00",PALOONA,7.91,"2015/12/17 06:20:04"
D,METER_DATA,GEN_DUID,1,"2015/12/17 06:25:00",PIONEER,-0.40,"2015/12/17 06:20:04"
D,METER_DATA,GEN_DUID,1,"2015/12/17 06:25:00",PORTWF,5.50,"2015/12/17 06:20:04"
D,METER_DATA,GEN_DUID,1,"2015/12/17 06:25:00",REPULSE,23.399540,"2015/12/17 06:20:04"
D,METER_DATA,GEN_DUID,1,"2015/12/17 06:25:00",ROWALLAN,0,"2015/12/17 06:20:04"
D,METER_DATA,GEN_DUID,1,"2015/12/17 06:25:00",RPCG,9.30,"2015/12/17 06:20:04"
D,METER_DATA,GEN_DUID,1,"2015/12/17 06:25:00",RUBICON,0,"2015/12/17 06:20:04"
D,METER_DATA,GEN_DUID,1,"2015/12/17 06:25:00",STARHLWF,7.397843,"2015/12/17 06:20:04"
D,METER_DATA,GEN_DUID,1,"2015/12/17 06:25:00",WAUBRAWF,133.244995,"2015/12/17 06:20:04"
D,METER_DATA,GEN_DUID,1,"2015/12/17 06:25:00",WOOLNTH1,78.960022,"2015/12/17 06:20:04"
D,METER_DATA,GEN_DUID,1,"2015/12/17 06:25:00",WPWF,1,"2015/12/17 06:20:04"
D,METER_DATA,GEN_DUID,1,"2015/12/17 06:25:00",YAMBUKWF,2.20,"2015/12/17 06:20:04"
D,METER_DATA,GEN_DUID,1,"2015/12/17 06:30:00",ANGAS1,0,"2015/12/17 06:25:04"
D,METER_DATA,GEN_DUID,1,"2015/12/17 06:30:00",ANGAS2,0,"2015/12/17 06:25:04"
D,METER_DATA,GEN_DUID,1,"2015/12/17 06:30:00",BUTLERSG,-0.000002,"2015/12/17 06:25:04"
D,METER_DATA,GEN_DUID,1,"2015/12/17 06:30:00",CALL_A_4,0,"2015/12/17 06:25:04"
D,METER_DATA,GEN_DUID,1,"2015/12/17 06:30:00",CAPTL_WF,0,"2015/12/17 06:25:04"
D,METER_DATA,GEN_DUID,1,"2015/12/17 06:30:00",CATHROCK,5,"2015/12/17 06:25:04"
D,METER_DATA,GEN_DUID,1,"2015/12/17 06:30:00",CHALLHWF,6.60,"2015/12/17 06:25:04"
D,METER_DATA,GEN_DUID,1,"2015/12/17 06:30:00",CLOVER,-0.01,"2015/12/17 06:25:04"
D,METER_DATA,GEN_DUID,1,"2015/12/17 06:30:00",CLUNY,13.904170,"2015/12/17 06:25:04"
D,METER_DATA,GEN_DUID,1,"2015/12/17 06:30:00",CNUNDAWF,2.102453,"2015/12/17 06:25:04"
D,METER_DATA,GEN_DUID,1,"2015/12/17 06:30:00",CULLRGWF,1.79,"2015/12/17 06:25:04"
D,METER_DATA,GEN_DUID,1,"2015/12/17 06:30:00",ERGT01,0,"2015/12/17 06:25:04"
D,METER_DATA,GEN_DUID,1,"2015/12/17 06:30:00",GB01,0.190945,"2015/12/17 06:25:04"
D,METER_DATA,GEN_DUID,1,"2015/12/17 06:30:00",GERMCRK,37,"2015/12/17 06:25:04"
D,METER_DATA,GEN_DUID,1,"2015/12/17 06:30:00",INVICTA,0,"2015/12/17 06:25:04"
D,METER_DATA,GEN_DUID,1,"2015/12/17 06:30:00",LKBONNY1,-0.449338,"2015/12/17 06:25:04"
D,METER_DATA,GEN_DUID,1,"2015/12/17 06:30:00",MBAHNTH,1.893751,"2015/12/17 06:25:04"
D,METER_DATA,GEN_DUID,1,"2015/12/17 06:30:00",MLWF1,0.4950,"2015/12/17 06:25:04"
D,METER_DATA,GEN_DUID,1,"2015/12/17 06:30:00",MTMILLAR,6.622767,"2015/12/17 06:25:04"
D,METER_DATA,GEN_DUID,1,"2015/12/17 06:30:00",PALOONA,7.91,"2015/12/17 06:25:04"
D,METER_DATA,GEN_DUID,1,"2015/12/17 06:30:00",PIONEER,-0.40,"2015/12/17 06:25:04"
D,METER_DATA,GEN_DUID,1,"2015/12/17 06:30:00",PORTWF,6.20,"2015/12/17 06:25:04"
D,METER_DATA,GEN_DUID,1,"2015/12/17 06:30:00",REPULSE,23.742529,"2015/12/17 06:25:04"
D,METER_DATA,GEN_DUID,1,"2015/12/17 06:30:00",ROWALLAN,0,"2015/12/17 06:25:04"
D,METER_DATA,GEN_DUID,1,"2015/12/17 06:30:00",RPCG,9.30,"2015/12/17 06:25:04"
D,METER_DATA,GEN_DUID,1,"2015/12/17 06:30:00",RUBICON,0,"2015/12/17 06:25:04"
D,METER_DATA,GEN_DUID,1,"2015/12/17 06:30:00",STARHLWF,6.897988,"2015/12/17 06:25:04"
D,METER_DATA,GEN_DUID,1,"2015/12/17 06:30:00",WAUBRAWF,133.201004,"2015/12/17 06:25:04"
D,METER_DATA,GEN_DUID,1,"2015/12/17 06:30:00",WOOLNTH1,75.900017,"2015/12/17 06:25:04"
D,METER_DATA,GEN_DUID,1,"2015/12/17 06:30:00",WPWF,1,"2015/12/17 06:25:04"
D,METER_DATA,GEN_DUID,1,"2015/12/17 06:30:00",YAMBUKWF,1.90,"2015/12/17 06:25:04"
D,METER_DATA,GEN_DUID,1,"2015/12/17 06:35:00",ANGAS1,0,"2015/12/17 06:30:04"
D,METER_DATA,GEN_DUID,1,"2015/12/17 06:35:00",ANGAS2,0,"2015/12/17 06:30:04"
D,METER_DATA,GEN_DUID,1,"2015/12/17 06:35:00",BUTLERSG,-0.000002,"2015/12/17 06:30:04"
D,METER_DATA,GEN_DUID,1,"2015/12/17 06:35:00",CALL_A_4,0,"2015/12/17 06:30:04"
D,METER_DATA,GEN_DUID,1,"2015/12/17 06:35:00",CAPTL_WF,0,"2015/12/17 06:30:04"
D,METER_DATA,GEN_DUID,1,"2015/12/17 06:35:00",CATHROCK,4.69,"2015/12/17 06:30:04"
D,METER_DATA,GEN_DUID,1,"2015/12/17 06:35:00",CHALLHWF,6.10,"2015/12/17 06:30:04"
D,METER_DATA,GEN_DUID,1,"2015/12/17 06:35:00",CLOVER,-0.01,"2015/12/17 06:30:04"
D,METER_DATA,GEN_DUID,1,"2015/12/17 06:35:00",CLUNY,14.361450,"2015/12/17 06:30:04"
D,METER_DATA,GEN_DUID,1,"2015/12/17 06:35:00",CNUNDAWF,2.102453,"2015/12/17 06:30:04"
D,METER_DATA,GEN_DUID,1,"2015/12/17 06:35:00",CULLRGWF,2.03,"2015/12/17 06:30:04"
D,METER_DATA,GEN_DUID,1,"2015/12/17 06:35:00",ERGT01,0,"2015/12/17 06:30:04"
D,METER_DATA,GEN_DUID,1,"2015/12/17 06:35:00",GB01,0.190945,"2015/12/17 06:30:04"
D,METER_DATA,GEN_DUID,1,"2015/12/17 06:35:00",GERMCRK,36.700001,"2015/12/17 06:30:04"
D,METER_DATA,GEN_DUID,1,"2015/12/17 06:35:00",INVICTA,0,"2015/12/17 06:30:04"
D,METER_DATA,GEN_DUID,1,"2015/12/17 06:35:00",LKBONNY1,-0.449338,"2015/12/17 06:30:04"
D,METER_DATA,GEN_DUID,1,"2015/12/17 06:35:00",MBAHNTH,1.893751,"2015/12/17 06:30:04"
D,METER_DATA,GEN_DUID,1,"2015/12/17 06:35:00",MLWF1,0.4950,"2015/12/17 06:30:04"
D,METER_DATA,GEN_DUID,1,"2015/12/17 06:35:00",MTMILLAR,5.685162,"2015/12/17 06:30:04"
D,METER_DATA,GEN_DUID,1,"2015/12/17 06:35:00",PALOONA,7.91,"2015/12/17 06:30:04"
D,METER_DATA,GEN_DUID,1,"2015/12/17 06:35:00",PIONEER,-0.40,"2015/12/17 06:30:04"
D,METER_DATA,GEN_DUID,1,"2015/12/17 06:35:00",PORTWF,6.50,"2015/12/17 06:30:04"
D,METER_DATA,GEN_DUID,1,"2015/12/17 06:35:00",REPULSE,24.104574,"2015/12/17 06:30:04"
D,METER_DATA,GEN_DUID,1,"2015/12/17 06:35:00",ROWALLAN,0,"2015/12/17 06:30:04"
D,METER_DATA,GEN_DUID,1,"2015/12/17 06:35:00",RPCG,9.30,"2015/12/17 06:30:04"
D,METER_DATA,GEN_DUID,1,"2015/12/17 06:35:00",RUBICON,0,"2015/12/17 06:30:04"
D,METER_DATA,GEN_DUID,1,"2015/12/17 06:35:00",STARHLWF,6.098222,"2015/12/17 06:30:04"
D,METER_DATA,GEN_DUID,1,"2015/12/17 06:35:00",WAUBRAWF,126.704002,"2015/12/17 06:30:04"
D,METER_DATA,GEN_DUID,1,"2015/12/17 06:35:00",WOOLNTH1,75.930016,"2015/12/17 06:30:04"
D,METER_DATA,GEN_DUID,1,"2015/12/17 06:35:00",WPWF,1,"2015/12/17 06:30:04"
D,METER_DATA,GEN_DUID,1,"2015/12/17 06:35:00",YAMBUKWF,1.50,"2015/12/17 06:30:04"
D,METER_DATA,GEN_DUID,1,"2015/12/17 06:40:00",ANGAS1,0,"2015/12/17 06:35:04"
D,METER_DATA,GEN_DUID,1,"2015/12/17 06:40:00",ANGAS2,0,"2015/12/17 06:35:04"
D,METER_DATA,GEN_DUID,1,"2015/12/17 06:40:00",BUTLERSG,-0.000002,"2015/12/17 06:35:04"
D,METER_DATA,GEN_DUID,1,"2015/12/17 06:40:00",CALL_A_4,0,"2015/12/17 06:35:04"
D,METER_DATA,GEN_DUID,1,"2015/12/17 06:40:00",CAPTL_WF,0,"2015/12/17 06:35:04"
D,METER_DATA,GEN_DUID,1,"2015/12/17 06:40:00",CATHROCK,4.56,"2015/12/17 06:35:04"
D,METER_DATA,GEN_DUID,1,"2015/12/17 06:40:00",CHALLHWF,5.90,"2015/12/17 06:35:04"
D,METER_DATA,GEN_DUID,1,"2015/12/17 06:40:00",CLOVER,-0.02,"2015/12/17 06:35:04"
D,METER_DATA,GEN_DUID,1,"2015/12/17 06:40:00",CLUNY,13.475471,"2015/12/17 06:35:04"
D,METER_DATA,GEN_DUID,1,"2015/12/17 06:40:00",CNUNDAWF,2.102453,"2015/12/17 06:35:04"
D,METER_DATA,GEN_DUID,1,"2015/12/17 06:40:00",CULLRGWF,2.89,"2015/12/17 06:35:04"
D,METER_DATA,GEN_DUID,1,"2015/12/17 06:40:00",ERGT01,0,"2015/12/17 06:35:04"
D,METER_DATA,GEN_DUID,1,"2015/12/17 06:40:00",GB01,0.190945,"2015/12/17 06:35:04"
D,METER_DATA,GEN_DUID,1,"2015/12/17 06:40:00",GERMCRK,36.799999,"2015/12/17 06:35:04"
D,METER_DATA,GEN_DUID,1,"2015/12/17 06:40:00",INVICTA,0,"2015/12/17 06:35:04"
D,METER_DATA,GEN_DUID,1,"2015/12/17 06:40:00",LKBONNY1,-0.538647,"2015/12/17 06:35:04"
D,METER_DATA,GEN_DUID,1,"2015/12/17 06:40:00",MBAHNTH,1.893751,"2015/12/17 06:35:04"
D,METER_DATA,GEN_DUID,1,"2015/12/17 06:40:00",MLWF1,0.2850,"2015/12/17 06:35:04"
D,METER_DATA,GEN_DUID,1,"2015/12/17 06:40:00",MTMILLAR,4.665702,"2015/12/17 06:35:04"
D,METER_DATA,GEN_DUID,1,"2015/12/17 06:40:00",PALOONA,7.91,"2015/12/17 06:35:04"
D,METER_DATA,GEN_DUID,1,"2015/12/17 06:40:00",PIONEER,-0.40,"2015/12/17 06:35:04"
D,METER_DATA,GEN_DUID,1,"2015/12/17 06:40:00",PORTWF,6.80,"2015/12/17 06:35:04"
D,METER_DATA,GEN_DUID,1,"2015/12/17 06:40:00",REPULSE,22.885054,"2015/12/17 06:35:04"
D,METER_DATA,GEN_DUID,1,"2015/12/17 06:40:00",ROWALLAN,0,"2015/12/17 06:35:04"
D,METER_DATA,GEN_DUID,1,"2015/12/17 06:40:00",RPCG,9.30,"2015/12/17 06:35:04"
D,METER_DATA,GEN_DUID,1,"2015/12/17 06:40:00",RUBICON,0,"2015/12/17 06:35:04"
D,METER_DATA,GEN_DUID,1,"2015/12/17 06:40:00",STARHLWF,4.998542,"2015/12/17 06:35:04"
D,METER_DATA,GEN_DUID,1,"2015/12/17 06:40:00",WAUBRAWF,129.602005,"2015/12/17 06:35:04"
D,METER_DATA,GEN_DUID,1,"2015/12/17 06:40:00",WOOLNTH1,84.710022,"2015/12/17 06:35:04"
D,METER_DATA,GEN_DUID,1,"2015/12/17 06:40:00",WPWF,1,"2015/12/17 06:35:04"
D,METER_DATA,GEN_DUID,1,"2015/12/17 06:40:00",YAMBUKWF,0.90,"2015/12/17 06:35:04"
D,METER_DATA,GEN_DUID,1,"2015/12/17 06:45:00",ANGAS1,0,"2015/12/17 06:40:04"
D,METER_DATA,GEN_DUID,1,"2015/12/17 06:45:00",ANGAS2,0,"2015/12/17 06:40:04"
D,METER_DATA,GEN_DUID,1,"2015/12/17 06:45:00",BUTLERSG,-0.000002,"2015/12/17 06:40:04"
D,METER_DATA,GEN_DUID,1,"2015/12/17 06:45:00",CALL_A_4,0,"2015/12/17 06:40:04"
D,METER_DATA,GEN_DUID,1,"2015/12/17 06:45:00",CAPTL_WF,0,"2015/12/17 06:40:04"
D,METER_DATA,GEN_DUID,1,"2015/12/17 06:45:00",CATHROCK,3.17,"2015/12/17 06:40:04"
D,METER_DATA,GEN_DUID,1,"2015/12/17 06:45:00",CHALLHWF,5.90,"2015/12/17 06:40:04"
D,METER_DATA,GEN_DUID,1,"2015/12/17 06:45:00",CLOVER,-0.01,"2015/12/17 06:40:04"
D,METER_DATA,GEN_DUID,1,"2015/12/17 06:45:00",CLUNY,13.404020,"2015/12/17 06:40:04"
D,METER_DATA,GEN_DUID,1,"2015/12/17 06:45:00",CNUNDAWF,2.102453,"2015/12/17 06:40:04"
D,METER_DATA,GEN_DUID,1,"2015/12/17 06:45:00",CULLRGWF,3.47,"2015/12/17 06:40:04"
D,METER_DATA,GEN_DUID,1,"2015/12/17 06:45:00",ERGT01,0,"2015/12/17 06:40:04"
D,METER_DATA,GEN_DUID,1,"2015/12/17 06:45:00",GB01,0.190945,"2015/12/17 06:40:04"
D,METER_DATA,GEN_DUID,1,"2015/12/17 06:45:00",GERMCRK,36.799999,"2015/12/17 06:40:04"
D,METER_DATA,GEN_DUID,1,"2015/12/17 06:45:00",INVICTA,0,"2015/12/17 06:40:04"
D,METER_DATA,GEN_DUID,1,"2015/12/17 06:45:00",LKBONNY1,-0.360028,"2015/12/17 06:40:04"
D,METER_DATA,GEN_DUID,1,"2015/12/17 06:45:00",MBAHNTH,1.893751,"2015/12/17 06:40:04"
D,METER_DATA,GEN_DUID,1,"2015/12/17 06:45:00",MLWF1,0.2850,"2015/12/17 06:40:04"
D,METER_DATA,GEN_DUID,1,"2015/12/17 06:45:00",MTMILLAR,4.308519,"2015/12/17 06:40:04"
D,METER_DATA,GEN_DUID,1,"2015/12/17 06:45:00",PALOONA,7.91,"2015/12/17 06:40:04"
D,METER_DATA,GEN_DUID,1,"2015/12/17 06:45:00",PIONEER,-0.40,"2015/12/17 06:40:04"
D,METER_DATA,GEN_DUID,1,"2015/12/17 06:45:00",PORTWF,7.10,"2015/12/17 06:40:04"
D,METER_DATA,GEN_DUID,1,"2015/12/17 06:45:00",REPULSE,22.999384,"2015/12/17 06:40:04"
D,METER_DATA,GEN_DUID,1,"2015/12/17 06:45:00",ROWALLAN,0,"2015/12/17 06:40:04"
D,METER_DATA,GEN_DUID,1,"2015/12/17 06:45:00",RPCG,10.40,"2015/12/17 06:40:04"
D,METER_DATA,GEN_DUID,1,"2015/12/17 06:45:00",RUBICON,0,"2015/12/17 06:40:04"
D,METER_DATA,GEN_DUID,1,"2015/12/17 06:45:00",STARHLWF,4.998542,"2015/12/17 06:40:04"
D,METER_DATA,GEN_DUID,1,"2015/12/17 06:45:00",WAUBRAWF,129.957993,"2015/12/17 06:40:04"
D,METER_DATA,GEN_DUID,1,"2015/12/17 06:45:00",WOOLNTH1,88.970016,"2015/12/17 06:40:04"
D,METER_DATA,GEN_DUID,1,"2015/12/17 06:45:00",WPWF,2,"2015/12/17 06:40:04"
D,METER_DATA,GEN_DUID,1,"2015/12/17 06:45:00",YAMBUKWF,1.30,"2015/12/17 06:40:04"
D,METER_DATA,GEN_DUID,1,"2015/12/17 06:50:00",ANGAS1,0,"2015/12/17 06:45:04"
D,METER_DATA,GEN_DUID,1,"2015/12/17 06:50:00",ANGAS2,0,"2015/12/17 06:45:04"
D,METER_DATA,GEN_DUID,1,"2015/12/17 06:50:00",BUTLERSG,-0.000002,"2015/12/17 06:45:04"
D,METER_DATA,GEN_DUID,1,"2015/12/17 06:50:00",CALL_A_4,0,"2015/12/17 06:45:04"
D,METER_DATA,GEN_DUID,1,"2015/12/17 06:50:00",CAPTL_WF,0,"2015/12/17 06:45:04"
D,METER_DATA,GEN_DUID,1,"2015/12/17 06:50:00",CATHROCK,1.50,"2015/12/17 06:45:04"
D,METER_DATA,GEN_DUID,1,"2015/12/17 06:50:00",CHALLHWF,4.90,"2015/12/17 06:45:04"
D,METER_DATA,GEN_DUID,1,"2015/12/17 06:50:00",CLOVER,-0.01,"2015/12/17 06:45:04"
D,METER_DATA,GEN_DUID,1,"2015/12/17 06:50:00",CLUNY,14.0042,"2015/12/17 06:45:04"
D,METER_DATA,GEN_DUID,1,"2015/12/17 06:50:00",CNUNDAWF,2.302686,"2015/12/17 06:45:04"
D,METER_DATA,GEN_DUID,1,"2015/12/17 06:50:00",CULLRGWF,3.85,"2015/12/17 06:45:04"
D,METER_DATA,GEN_DUID,1,"2015/12/17 06:50:00",ERGT01,0,"2015/12/17 06:45:04"
D,METER_DATA,GEN_DUID,1,"2015/12/17 06:50:00",GB01,0.190945,"2015/12/17 06:45:04"
D,METER_DATA,GEN_DUID,1,"2015/12/17 06:50:00",GERMCRK,37.200001,"2015/12/17 06:45:04"
D,METER_DATA,GEN_DUID,1,"2015/12/17 06:50:00",INVICTA,0,"2015/12/17 06:45:04"
D,METER_DATA,GEN_DUID,1,"2015/12/17 06:50:00",LKBONNY1,-0.449338,"2015/12/17 06:45:04"
D,METER_DATA,GEN_DUID,1,"2015/12/17 06:50:00",MBAHNTH,1.893751,"2015/12/17 06:45:04"
D,METER_DATA,GEN_DUID,1,"2015/12/17 06:50:00",MLWF1,0.2850,"2015/12/17 06:45:04"
D,METER_DATA,GEN_DUID,1,"2015/12/17 06:50:00",MTMILLAR,4.055515,"2015/12/17 06:45:04"
D,METER_DATA,GEN_DUID,1,"2015/12/17 06:50:00",PALOONA,7.91,"2015/12/17 06:45:04"
D,METER_DATA,GEN_DUID,1,"2015/12/17 06:50:00",PIONEER,-0.40,"2015/12/17 06:45:04"
D,METER_DATA,GEN_DUID,1,"2015/12/17 06:50:00",PORTWF,7.40,"2015/12/17 06:45:04"
D,METER_DATA,GEN_DUID,1,"2015/12/17 06:50:00",REPULSE,24.0093,"2015/12/17 06:45:04"
D,METER_DATA,GEN_DUID,1,"2015/12/17 06:50:00",ROWALLAN,0,"2015/12/17 06:45:04"
D,METER_DATA,GEN_DUID,1,"2015/12/17 06:50:00",RPCG,9.10,"2015/12/17 06:45:04"
D,METER_DATA,GEN_DUID,1,"2015/12/17 06:50:00",RUBICON,0,"2015/12/17 06:45:04"
D,METER_DATA,GEN_DUID,1,"2015/12/17 06:50:00",STARHLWF,4.998542,"2015/12/17 06:45:04"
D,METER_DATA,GEN_DUID,1,"2015/12/17 06:50:00",WAUBRAWF,127.901001,"2015/12/17 06:45:04"
D,METER_DATA,GEN_DUID,1,"2015/12/17 06:50:00",WOOLNTH1,86.600021,"2015/12/17 06:45:04"
D,METER_DATA,GEN_DUID,1,"2015/12/17 06:50:00",WPWF,1,"2015/12/17 06:45:04"
D,METER_DATA,GEN_DUID,1,"2015/12/17 06:50:00",YAMBUKWF,1.50,"2015/12/17 06:45:04"
D,METER_DATA,GEN_DUID,1,"2015/12/17 06:55:00",ANGAS1,0,"2015/12/17 06:50:04"
D,METER_DATA,GEN_DUID,1,"2015/12/17 06:55:00",ANGAS2,0,"2015/12/17 06:50:04"
D,METER_DATA,GEN_DUID,1,"2015/12/17 06:55:00",BUTLERSG,-0.000002,"2015/12/17 06:50:04"
D,METER_DATA,GEN_DUID,1,"2015/12/17 06:55:00",CALL_A_4,0,"2015/12/17 06:50:04"
D,METER_DATA,GEN_DUID,1,"2015/12/17 06:55:00",CAPTL_WF,0,"2015/12/17 06:50:04"
D,METER_DATA,GEN_DUID,1,"2015/12/17 06:55:00",CATHROCK,0,"2015/12/17 06:50:04"
D,METER_DATA,GEN_DUID,1,"2015/12/17 06:55:00",CHALLHWF,5.60,"2015/12/17 06:50:04"
D,METER_DATA,GEN_DUID,1,"2015/12/17 06:55:00",CLOVER,-0.01,"2015/12/17 06:50:04"
D,METER_DATA,GEN_DUID,1,"2015/12/17 06:55:00",CLUNY,13.8613,"2015/12/17 06:50:04"
D,METER_DATA,GEN_DUID,1,"2015/12/17 06:55:00",CNUNDAWF,1.902219,"2015/12/17 06:50:04"
D,METER_DATA,GEN_DUID,1,"2015/12/17 06:55:00",CULLRGWF,4.02,"2015/12/17 06:50:04"
D,METER_DATA,GEN_DUID,1,"2015/12/17 06:55:00",ERGT01,0,"2015/12/17 06:50:04"
D,METER_DATA,GEN_DUID,1,"2015/12/17 06:55:00",GB01,0.190945,"2015/12/17 06:50:04"
D,METER_DATA,GEN_DUID,1,"2015/12/17 06:55:00",GERMCRK,33.900002,"2015/12/17 06:50:04"
D,METER_DATA,GEN_DUID,1,"2015/12/17 06:55:00",INVICTA,0,"2015/12/17 06:50:04"
D,METER_DATA,GEN_DUID,1,"2015/12/17 06:55:00",LKBONNY1,-0.360028,"2015/12/17 06:50:04"
D,METER_DATA,GEN_DUID,1,"2015/12/17 06:55:00",MBAHNTH,1.893751,"2015/12/17 06:50:04"
D,METER_DATA,GEN_DUID,1,"2015/12/17 06:55:00",MLWF1,0.09,"2015/12/17 06:50:04"
D,METER_DATA,GEN_DUID,1,"2015/12/17 06:55:00",MTMILLAR,3.876923,"2015/12/17 06:50:04"
D,METER_DATA,GEN_DUID,1,"2015/12/17 06:55:00",PALOONA,7.91,"2015/12/17 06:50:04"
D,METER_DATA,GEN_DUID,1,"2015/12/17 06:55:00",PIONEER,-0.40,"2015/12/17 06:50:04"
D,METER_DATA,GEN_DUID,1,"2015/12/17 06:55:00",PORTWF,6.10,"2015/12/17 06:50:04"
D,METER_DATA,GEN_DUID,1,"2015/12/17 06:55:00",REPULSE,23.456705,"2015/12/17 06:50:04"
D,METER_DATA,GEN_DUID,1,"2015/12/17 06:55:00",ROWALLAN,0,"2015/12/17 06:50:04"
D,METER_DATA,GEN_DUID,1,"2015/12/17 06:55:00",RPCG,9.10,"2015/12/17 06:50:04"
D,METER_DATA,GEN_DUID,1,"2015/12/17 06:55:00",RUBICON,0,"2015/12/17 06:50:04"
D,METER_DATA,GEN_DUID,1,"2015/12/17 06:55:00",STARHLWF,3.598951,"2015/12/17 06:50:04"
D,METER_DATA,GEN_DUID,1,"2015/12/17 06:55:00",WAUBRAWF,126.246002,"2015/12/17 06:50:04"
D,METER_DATA,GEN_DUID,1,"2015/12/17 06:55:00",WOOLNTH1,80.700012,"2015/12/17 06:50:04"
D,METER_DATA,GEN_DUID,1,"2015/12/17 06:55:00",WPWF,2,"2015/12/17 06:50:04"
D,METER_DATA,GEN_DUID,1,"2015/12/17 06:55:00",YAMBUKWF,1.40,"2015/12/17 06:50:04"
D,METER_DATA,GEN_DUID,1,"2015/12/17 07:00:00",ANGAS1,0,"2015/12/17 06:55:05"
D,METER_DATA,GEN_DUID,1,"2015/12/17 07:00:00",ANGAS2,0,"2015/12/17 06:55:05"
D,METER_DATA,GEN_DUID,1,"2015/12/17 07:00:00",BUTLERSG,-0.000002,"2015/12/17 06:55:05"
D,METER_DATA,GEN_DUID,1,"2015/12/17 07:00:00",CALL_A_4,0,"2015/12/17 06:55:05"
D,METER_DATA,GEN_DUID,1,"2015/12/17 07:00:00",CAPTL_WF,0,"2015/12/17 06:55:05"
D,METER_DATA,GEN_DUID,1,"2015/12/17 07:00:00",CATHROCK,0,"2015/12/17 06:55:05"
D,METER_DATA,GEN_DUID,1,"2015/12/17 07:00:00",CHALLHWF,5.50,"2015/12/17 06:55:05"
D,METER_DATA,GEN_DUID,1,"2015/12/17 07:00:00",CLOVER,-0.01,"2015/12/17 06:55:05"
D,METER_DATA,GEN_DUID,1,"2015/12/17 07:00:00",CLUNY,13.7184,"2015/12/17 06:55:05"
D,METER_DATA,GEN_DUID,1,"2015/12/17 07:00:00",CNUNDAWF,1.902219,"2015/12/17 06:55:05"
D,METER_DATA,GEN_DUID,1,"2015/12/17 07:00:00",CULLRGWF,4.91,"2015/12/17 06:55:05"
D,METER_DATA,GEN_DUID,1,"2015/12/17 07:00:00",ERGT01,0,"2015/12/17 06:55:05"
D,METER_DATA,GEN_DUID,1,"2015/12/17 07:00:00",GB01,0.190945,"2015/12/17 06:55:05"
D,METER_DATA,GEN_DUID,1,"2015/12/17 07:00:00",GERMCRK,37,"2015/12/17 06:55:05"
D,METER_DATA,GEN_DUID,1,"2015/12/17 07:00:00",INVICTA,0,"2015/12/17 06:55:05"
D,METER_DATA,GEN_DUID,1,"2015/12/17 07:00:00",LKBONNY1,-0.0921,"2015/12/17 06:55:05"
D,METER_DATA,GEN_DUID,1,"2015/12/17 07:00:00",MBAHNTH,1.893751,"2015/12/17 06:55:05"
D,METER_DATA,GEN_DUID,1,"2015/12/17 07:00:00",MLWF1,0.09,"2015/12/17 06:55:05"
D,METER_DATA,GEN_DUID,1,"2015/12/17 07:00:00",MTMILLAR,4.092721,"2015/12/17 06:55:05"
D,METER_DATA,GEN_DUID,1,"2015/12/17 07:00:00",PALOONA,7.91,"2015/12/17 06:55:05"
D,METER_DATA,GEN_DUID,1,"2015/12/17 07:00:00",PIONEER,-0.40,"2015/12/17 06:55:05"
D,METER_DATA,GEN_DUID,1,"2015/12/17 07:00:00",PORTWF,5.20,"2015/12/17 06:55:05"
D,METER_DATA,GEN_DUID,1,"2015/12/17 07:00:00",REPULSE,23.704420,"2015/12/17 06:55:05"
D,METER_DATA,GEN_DUID,1,"2015/12/17 07:00:00",ROWALLAN,0,"2015/12/17 06:55:05"
D,METER_DATA,GEN_DUID,1,"2015/12/17 07:00:00",RPCG,9.10,"2015/12/17 06:55:05"
D,METER_DATA,GEN_DUID,1,"2015/12/17 07:00:00",RUBICON,0,"2015/12/17 06:55:05"
D,METER_DATA,GEN_DUID,1,"2015/12/17 07:00:00",STARHLWF,4.398717,"2015/12/17 06:55:05"
D,METER_DATA,GEN_DUID,1,"2015/12/17 07:00:00",WAUBRAWF,123.9870,"2015/12/17 06:55:05"
D,METER_DATA,GEN_DUID,1,"2015/12/17 07:00:00",WOOLNTH1,71.070015,"2015/12/17 06:55:05"
D,METER_DATA,GEN_DUID,1,"2015/12/17 07:00:00",WPWF,2,"2015/12/17 06:55:05"
D,METER_DATA,GEN_DUID,1,"2015/12/17 07:00:00",YAMBUKWF,1.10,"2015/12/17 06:55:05"
D,METER_DATA,GEN_DUID,1,"2015/12/17 07:05:00",ANGAS1,0,"2015/12/17 07:00:04"
D,METER_DATA,GEN_DUID,1,"2015/12/17 07:05:00",ANGAS2,0,"2015/12/17 07:00:04"
D,METER_DATA,GEN_DUID,1,"2015/12/17 07:05:00",BUTLERSG,-0.000002,"2015/12/17 07:00:04"
D,METER_DATA,GEN_DUID,1,"2015/12/17 07:05:00",CALL_A_4,0,"2015/12/17 07:00:04"
D,METER_DATA,GEN_DUID,1,"2015/12/17 07:05:00",CAPTL_WF,0,"2015/12/17 07:00:04"
D,METER_DATA,GEN_DUID,1,"2015/12/17 07:05:00",CATHROCK,0,"2015/12/17 07:00:04"
D,METER_DATA,GEN_DUID,1,"2015/12/17 07:05:00",CHALLHWF,4.30,"2015/12/17 07:00:04"
D,METER_DATA,GEN_DUID,1,"2015/12/17 07:05:00",CLOVER,-0.01,"2015/12/17 07:00:04"
D,METER_DATA,GEN_DUID,1,"2015/12/17 07:05:00",CLUNY,12.989611,"2015/12/17 07:00:04"
D,METER_DATA,GEN_DUID,1,"2015/12/17 07:05:00",CNUNDAWF,1.902219,"2015/12/17 07:00:04"
D,METER_DATA,GEN_DUID,1,"2015/12/17 07:05:00",CULLRGWF,4.03,"2015/12/17 07:00:04"
D,METER_DATA,GEN_DUID,1,"2015/12/17 07:05:00",ERGT01,0,"2015/12/17 07:00:04"
D,METER_DATA,GEN_DUID,1,"2015/12/17 07:05:00",GB01,0.190945,"2015/12/17 07:00:04"
D,METER_DATA,GEN_DUID,1,"2015/12/17 07:05:00",GERMCRK,37.200001,"2015/12/17 07:00:04"
D,METER_DATA,GEN_DUID,1,"2015/12/17 07:05:00",INVICTA,0,"2015/12/17 07:00:04"
D,METER_DATA,GEN_DUID,1,"2015/12/17 07:05:00",LKBONNY1,-0.360028,"2015/12/17 07:00:04"
D,METER_DATA,GEN_DUID,1,"2015/12/17 07:05:00",MBAHNTH,1.893751,"2015/12/17 07:00:04"
D,METER_DATA,GEN_DUID,1,"2015/12/17 07:05:00",MLWF1,0.0150,"2015/12/17 07:00:04"
D,METER_DATA,GEN_DUID,1,"2015/12/17 07:05:00",MTMILLAR,3.936454,"2015/12/17 07:00:04"
D,METER_DATA,GEN_DUID,1,"2015/12/17 07:05:00",PALOONA,7.91,"2015/12/17 07:00:04"
D,METER_DATA,GEN_DUID,1,"2015/12/17 07:05:00",PIONEER,-0.40,"2015/12/17 07:00:04"
D,METER_DATA,GEN_DUID,1,"2015/12/17 07:05:00",PORTWF,5.50,"2015/12/17 07:00:04"
D,METER_DATA,GEN_DUID,1,"2015/12/17 07:05:00",REPULSE,23.151825,"2015/12/17 07:00:04"
D,METER_DATA,GEN_DUID,1,"2015/12/17 07:05:00",ROWALLAN,0,"2015/12/17 07:00:04"
D,METER_DATA,GEN_DUID,1,"2015/12/17 07:05:00",RPCG,9.10,"2015/12/17 07:00:04"
D,METER_DATA,GEN_DUID,1,"2015/12/17 07:05:00",RUBICON,0,"2015/12/17 07:00:04"
D,METER_DATA,GEN_DUID,1,"2015/12/17 07:05:00",STARHLWF,3.798892,"2015/12/17 07:00:04"
D,METER_DATA,GEN_DUID,1,"2015/12/17 07:05:00",WAUBRAWF,125.184998,"2015/12/17 07:00:04"
D,METER_DATA,GEN_DUID,1,"2015/12/17 07:05:00",WOOLNTH1,73.410019,"2015/12/17 07:00:04"
D,METER_DATA,GEN_DUID,1,"2015/12/17 07:05:00",WPWF,2,"2015/12/17 07:00:04"
D,METER_DATA,GEN_DUID,1,"2015/12/17 07:05:00",YAMBUKWF,0.70,"2015/12/17 07:00:04"
D,METER_DATA,GEN_DUID,1,"2015/12/17 07:10:00",ANGAS1,0,"2015/12/17 07:05:05"
D,METER_DATA,GEN_DUID,1,"2015/12/17 07:10:00",ANGAS2,0,"2015/12/17 07:05:05"
D,METER_DATA,GEN_DUID,1,"2015/12/17 07:10:00",BUTLERSG,-0.000002,"2015/12/17 07:05:05"
D,METER_DATA,GEN_DUID,1,"2015/12/17 07:10:00",CALL_A_4,0,"2015/12/17 07:05:05"
D,METER_DATA,GEN_DUID,1,"2015/12/17 07:10:00",CAPTL_WF,0,"2015/12/17 07:05:05"
D,METER_DATA,GEN_DUID,1,"2015/12/17 07:10:00",CATHROCK,0,"2015/12/17 07:05:05"
D,METER_DATA,GEN_DUID,1,"2015/12/17 07:10:00",CHALLHWF,2.80,"2015/12/17 07:05:05"
D,METER_DATA,GEN_DUID,1,"2015/12/17 07:10:00",CLOVER,-0.02,"2015/12/17 07:05:05"
D,METER_DATA,GEN_DUID,1,"2015/12/17 07:10:00",CLUNY,14.4329,"2015/12/17 07:05:05"
D,METER_DATA,GEN_DUID,1,"2015/12/17 07:10:00",CNUNDAWF,2.302686,"2015/12/17 07:05:05"
D,METER_DATA,GEN_DUID,1,"2015/12/17 07:10:00",CULLRGWF,4.01,"2015/12/17 07:05:05"
D,METER_DATA,GEN_DUID,1,"2015/12/17 07:10:00",ERGT01,0,"2015/12/17 07:05:05"
D,METER_DATA,GEN_DUID,1,"2015/12/17 07:10:00",GB01,0.188759,"2015/12/17 07:05:05"
D,METER_DATA,GEN_DUID,1,"2015/12/17 07:10:00",GERMCRK,36.799999,"2015/12/17 07:05:05"
D,METER_DATA,GEN_DUID,1,"2015/12/17 07:10:00",INVICTA,0,"2015/12/17 07:05:05"
D,METER_DATA,GEN_DUID,1,"2015/12/17 07:10:00",LKBONNY1,-0.270719,"2015/12/17 07:05:05"
D,METER_DATA,GEN_DUID,1,"2015/12/17 07:10:00",MBAHNTH,1.893751,"2015/12/17 07:05:05"
D,METER_DATA,GEN_DUID,1,"2015/12/17 07:10:00",MLWF1,0.0150,"2015/12/17 07:05:05"
D,METER_DATA,GEN_DUID,1,"2015/12/17 07:10:00",MTMILLAR,3.579271,"2015/12/17 07:05:05"
D,METER_DATA,GEN_DUID,1,"2015/12/17 07:10:00",PALOONA,7.91,"2015/12/17 07:05:05"
D,METER_DATA,GEN_DUID,1,"2015/12/17 07:10:00",PIONEER,-0.40,"2015/12/17 07:05:05"
D,METER_DATA,GEN_DUID,1,"2015/12/17 07:10:00",PORTWF,4.30,"2015/12/17 07:05:05"
D,METER_DATA,GEN_DUID,1,"2015/12/17 07:10:00",REPULSE,23.894970,"2015/12/17 07:05:05"
D,METER_DATA,GEN_DUID,1,"2015/12/17 07:10:00",ROWALLAN,0,"2015/12/17 07:05:05"
D,METER_DATA,GEN_DUID,1,"2015/12/17 07:10:00",RPCG,10.40,"2015/12/17 07:05:05"
D,METER_DATA,GEN_DUID,1,"2015/12/17 07:10:00",RUBICON,0,"2015/12/17 07:05:05"
D,METER_DATA,GEN_DUID,1,"2015/12/17 07:10:00",STARHLWF,3.299038,"2015/12/17 07:05:05"
D,METER_DATA,GEN_DUID,1,"2015/12/17 07:10:00",WAUBRAWF,121.795998,"2015/12/17 07:05:05"
D,METER_DATA,GEN_DUID,1,"2015/12/17 07:10:00",WOOLNTH1,81.540024,"2015/12/17 07:05:05"
D,METER_DATA,GEN_DUID,1,"2015/12/17 07:10:00",WPWF,2,"2015/12/17 07:05:05"
D,METER_DATA,GEN_DUID,1,"2015/12/17 07:10:00",YAMBUKWF,0.20,"2015/12/17 07:05:05"
D,METER_DATA,GEN_DUID,1,"2015/12/17 07:15:00",ANGAS1,0,"2015/12/17 07:10:05"
D,METER_DATA,GEN_DUID,1,"2015/12/17 07:15:00",ANGAS2,0,"2015/12/17 07:10:05"
D,METER_DATA,GEN_DUID,1,"2015/12/17 07:15:00",BUTLERSG,-0.000002,"2015/12/17 07:10:05"
D,METER_DATA,GEN_DUID,1,"2015/12/17 07:15:00",CALL_A_4,0,"2015/12/17 07:10:05"
D,METER_DATA,GEN_DUID,1,"2015/12/17 07:15:00",CAPTL_WF,0,"2015/12/17 07:10:05"
D,METER_DATA,GEN_DUID,1,"2015/12/17 07:15:00",CATHROCK,0,"2015/12/17 07:10:05"
D,METER_DATA,GEN_DUID,1,"2015/12/17 07:15:00",CHALLHWF,1.50,"2015/12/17 07:10:05"
D,METER_DATA,GEN_DUID,1,"2015/12/17 07:15:00",CLOVER,-0.01,"2015/12/17 07:10:05"
D,METER_DATA,GEN_DUID,1,"2015/12/17 07:15:00",CLUNY,13.118220,"2015/12/17 07:10:05"
D,METER_DATA,GEN_DUID,1,"2015/12/17 07:15:00",CNUNDAWF,2.002336,"2015/12/17 07:10:05"
D,METER_DATA,GEN_DUID,1,"2015/12/17 07:15:00",CULLRGWF,4.47,"2015/12/17 07:10:05"
D,METER_DATA,GEN_DUID,1,"2015/12/17 07:15:00",ERGT01,0,"2015/12/17 07:10:05"
D,METER_DATA,GEN_DUID,1,"2015/12/17 07:15:00",GB01,0.188759,"2015/12/17 07:10:05"
D,METER_DATA,GEN_DUID,1,"2015/12/17 07:15:00",GERMCRK,36.599998,"2015/12/17 07:10:05"
D,METER_DATA,GEN_DUID,1,"2015/12/17 07:15:00",INVICTA,0,"2015/12/17 07:10:05"
D,METER_DATA,GEN_DUID,1,"2015/12/17 07:15:00",LKBONNY1,-0.0921,"2015/12/17 07:10:05"
D,METER_DATA,GEN_DUID,1,"2015/12/17 07:15:00",MBAHNTH,1.893751,"2015/12/17 07:10:05"
D,METER_DATA,GEN_DUID,1,"2015/12/17 07:15:00",MLWF1,0.0150,"2015/12/17 07:10:05"
D,METER_DATA,GEN_DUID,1,"2015/12/17 07:15:00",MTMILLAR,3.214647,"2015/12/17 07:10:05"
D,METER_DATA,GEN_DUID,1,"2015/12/17 07:15:00",PALOONA,7.81,"2015/12/17 07:10:05"
D,METER_DATA,GEN_DUID,1,"2015/12/17 07:15:00",PIONEER,-0.40,"2015/12/17 07:10:05"
D,METER_DATA,GEN_DUID,1,"2015/12/17 07:15:00",PORTWF,4.20,"2015/12/17 07:10:05"
D,METER_DATA,GEN_DUID,1,"2015/12/17 07:15:00",REPULSE,22.694504,"2015/12/17 07:10:05"
D,METER_DATA,GEN_DUID,1,"2015/12/17 07:15:00",ROWALLAN,0,"2015/12/17 07:10:05"
D,METER_DATA,GEN_DUID,1,"2015/12/17 07:15:00",RPCG,8.50,"2015/12/17 07:10:05"
D,METER_DATA,GEN_DUID,1,"2015/12/17 07:15:00",RUBICON,0,"2015/12/17 07:10:05"
D,METER_DATA,GEN_DUID,1,"2015/12/17 07:15:00",STARHLWF,3.498980,"2015/12/17 07:10:05"
D,METER_DATA,GEN_DUID,1,"2015/12/17 07:15:00",WAUBRAWF,125.038002,"2015/12/17 07:10:05"
D,METER_DATA,GEN_DUID,1,"2015/12/17 07:15:00",WOOLNTH1,79.960014,"2015/12/17 07:10:05"
D,METER_DATA,GEN_DUID,1,"2015/12/17 07:15:00",WPWF,1,"2015/12/17 07:10:05"
D,METER_DATA,GEN_DUID,1,"2015/12/17 07:15:00",YAMBUKWF,0.40,"2015/12/17 07:10:05"
D,METER_DATA,GEN_DUID,1,"2015/12/17 07:20:00",ANGAS1,0,"2015/12/17 07:15:04"
D,METER_DATA,GEN_DUID,1,"2015/12/17 07:20:00",ANGAS2,0,"2015/12/17 07:15:04"
D,METER_DATA,GEN_DUID,1,"2015/12/17 07:20:00",BUTLERSG,-0.000002,"2015/12/17 07:15:04"
D,METER_DATA,GEN_DUID,1,"2015/12/17 07:20:00",CALL_A_4,0,"2015/12/17 07:15:04"
D,METER_DATA,GEN_DUID,1,"2015/12/17 07:20:00",CAPTL_WF,0,"2015/12/17 07:15:04"
D,METER_DATA,GEN_DUID,1,"2015/12/17 07:20:00",CATHROCK,0,"2015/12/17 07:15:04"
D,METER_DATA,GEN_DUID,1,"2015/12/17 07:20:00",CHALLHWF,1.30,"2015/12/17 07:15:04"
D,METER_DATA,GEN_DUID,1,"2015/12/17 07:20:00",CLOVER,-0.01,"2015/12/17 07:15:04"
D,METER_DATA,GEN_DUID,1,"2015/12/17 07:20:00",CLUNY,14.089940,"2015/12/17 07:15:04"
D,METER_DATA,GEN_DUID,1,"2015/12/17 07:20:00",CNUNDAWF,2.002336,"2015/12/17 07:15:04"
D,METER_DATA,GEN_DUID,1,"2015/12/17 07:20:00",CULLRGWF,5.28,"2015/12/17 07:15:04"
D,METER_DATA,GEN_DUID,1,"2015/12/17 07:20:00",ERGT01,0,"2015/12/17 07:15:04"
D,METER_DATA,GEN_DUID,1,"2015/12/17 07:20:00",GB01,0.188759,"2015/12/17 07:15:04"
D,METER_DATA,GEN_DUID,1,"2015/12/17 07:20:00",GERMCRK,37.200001,"2015/12/17 07:15:04"
D,METER_DATA,GEN_DUID,1,"2015/12/17 07:20:00",INVICTA,0,"2015/12/17 07:15:04"
D,METER_DATA,GEN_DUID,1,"2015/12/17 07:20:00",LKBONNY1,-0.0921,"2015/12/17 07:15:04"
D,METER_DATA,GEN_DUID,1,"2015/12/17 07:20:00",MBAHNTH,1.893751,"2015/12/17 07:15:04"
D,METER_DATA,GEN_DUID,1,"2015/12/17 07:20:00",MLWF1,0.0150,"2015/12/17 07:15:04"
D,METER_DATA,GEN_DUID,1,"2015/12/17 07:20:00",MTMILLAR,3.802510,"2015/12/17 07:15:04"
D,METER_DATA,GEN_DUID,1,"2015/12/17 07:20:00",PALOONA,7.96,"2015/12/17 07:15:04"
D,METER_DATA,GEN_DUID,1,"2015/12/17 07:20:00",PIONEER,-0.40,"2015/12/17 07:15:04"
D,METER_DATA,GEN_DUID,1,"2015/12/17 07:20:00",PORTWF,3.90,"2015/12/17 07:15:04"
D,METER_DATA,GEN_DUID,1,"2015/12/17 07:20:00",REPULSE,23.647255,"2015/12/17 07:15:04"
D,METER_DATA,GEN_DUID,1,"2015/12/17 07:20:00",ROWALLAN,0,"2015/12/17 07:15:04"
D,METER_DATA,GEN_DUID,1,"2015/12/17 07:20:00",RPCG,8.50,"2015/12/17 07:15:04"
D,METER_DATA,GEN_DUID,1,"2015/12/17 07:20:00",RUBICON,0,"2015/12/17 07:15:04"
D,METER_DATA,GEN_DUID,1,"2015/12/17 07:20:00",STARHLWF,3.598951,"2015/12/17 07:15:04"
D,METER_DATA,GEN_DUID,1,"2015/12/17 07:20:00",WAUBRAWF,131.110001,"2015/12/17 07:15:04"
D,METER_DATA,GEN_DUID,1,"2015/12/17 07:20:00",WOOLNTH1,83.880020,"2015/12/17 07:15:04"
D,METER_DATA,GEN_DUID,1,"2015/12/17 07:20:00",WPWF,2,"2015/12/17 07:15:04"
D,METER_DATA,GEN_DUID,1,"2015/12/17 07:20:00",YAMBUKWF,0.40,"2015/12/17 07:15:04"
D,METER_DATA,GEN_DUID,1,"2015/12/17 07:25:00",ANGAS1,0,"2015/12/17 07:20:04"
D,METER_DATA,GEN_DUID,1,"2015/12/17 07:25:00",ANGAS2,0,"2015/12/17 07:20:04"
D,METER_DATA,GEN_DUID,1,"2015/12/17 07:25:00",BUTLERSG,-0.000002,"2015/12/17 07:20:04"
D,METER_DATA,GEN_DUID,1,"2015/12/17 07:25:00",CALL_A_4,0,"2015/12/17 07:20:04"
D,METER_DATA,GEN_DUID,1,"2015/12/17 07:25:00",CAPTL_WF,0,"2015/12/17 07:20:04"
D,METER_DATA,GEN_DUID,1,"2015/12/17 07:25:00",CATHROCK,0,"2015/12/17 07:20:04"
D,METER_DATA,GEN_DUID,1,"2015/12/17 07:25:00",CHALLHWF,0,"2015/12/17 07:20:04"
D,METER_DATA,GEN_DUID,1,"2015/12/17 07:25:00",CLOVER,-0.01,"2015/12/17 07:20:04"
D,METER_DATA,GEN_DUID,1,"2015/12/17 07:25:00",CLUNY,14.132811,"2015/12/17 07:20:04"
D,METER_DATA,GEN_DUID,1,"2015/12/17 07:25:00",CNUNDAWF,1.902219,"2015/12/17 07:20:04"
D,METER_DATA,GEN_DUID,1,"2015/12/17 07:25:00",CULLRGWF,4.69,"2015/12/17 07:20:04"
D,METER_DATA,GEN_DUID,1,"2015/12/17 07:25:00",ERGT01,0,"2015/12/17 07:20:04"
D,METER_DATA,GEN_DUID,1,"2015/12/17 07:25:00",GB01,0.188759,"2015/12/17 07:20:04"
D,METER_DATA,GEN_DUID,1,"2015/12/17 07:25:00",GERMCRK,31.700001,"2015/12/17 07:20:04"
D,METER_DATA,GEN_DUID,1,"2015/12/17 07:25:00",INVICTA,0,"2015/12/17 07:20:04"
D,METER_DATA,GEN_DUID,1,"2015/12/17 07:25:00",LKBONNY1,0,"2015/12/17 07:20:04"
D,METER_DATA,GEN_DUID,1,"2015/12/17 07:25:00",MBAHNTH,1.893751,"2015/12/17 07:20:04"
D,METER_DATA,GEN_DUID,1,"2015/12/17 07:25:00",MLWF1,0.0150,"2015/12/17 07:20:04"
D,METER_DATA,GEN_DUID,1,"2015/12/17 07:25:00",MTMILLAR,3.690891,"2015/12/17 07:20:04"
D,METER_DATA,GEN_DUID,1,"2015/12/17 07:25:00",PALOONA,7.88,"2015/12/17 07:20:04"
D,METER_DATA,GEN_DUID,1,"2015/12/17 07:25:00",PIONEER,-0.40,"2015/12/17 07:20:04"
D,METER_DATA,GEN_DUID,1,"2015/12/17 07:25:00",PORTWF,4.20,"2015/12/17 07:20:04"
D,METER_DATA,GEN_DUID,1,"2015/12/17 07:25:00",REPULSE,24.409454,"2015/12/17 07:20:04"
D,METER_DATA,GEN_DUID,1,"2015/12/17 07:25:00",ROWALLAN,0,"2015/12/17 07:20:04"
D,METER_DATA,GEN_DUID,1,"2015/12/17 07:25:00",RPCG,10,"2015/12/17 07:20:04"
D,METER_DATA,GEN_DUID,1,"2015/12/17 07:25:00",RUBICON,0,"2015/12/17 07:20:04"
D,METER_DATA,GEN_DUID,1,"2015/12/17 07:25:00",STARHLWF,2.599242,"2015/12/17 07:20:04"
D,METER_DATA,GEN_DUID,1,"2015/12/17 07:25:00",WAUBRAWF,134.298004,"2015/12/17 07:20:04"
D,METER_DATA,GEN_DUID,1,"2015/12/17 07:25:00",WOOLNTH1,80.750015,"2015/12/17 07:20:04"
D,METER_DATA,GEN_DUID,1,"2015/12/17 07:25:00",WPWF,2,"2015/12/17 07:20:04"
D,METER_DATA,GEN_DUID,1,"2015/12/17 07:30:00",ANGAS1,0,"2015/12/17 07:25:04"
D,METER_DATA,GEN_DUID,1,"2015/12/17 07:30:00",ANGAS2,0,"2015/12/17 07:25:04"
D,METER_DATA,GEN_DUID,1,"2015/12/17 07:30:00",BUTLERSG,-0.000002,"2015/12/17 07:25:04"
D,METER_DATA,GEN_DUID,1,"2015/12/17 07:30:00",CALL_A_4,0,"2015/12/17 07:25:04"
D,METER_DATA,GEN_DUID,1,"2015/12/17 07:30:00",CAPTL_WF,0,"2015/12/17 07:25:04"
D,METER_DATA,GEN_DUID,1,"2015/12/17 07:30:00",CATHROCK,0,"2015/12/17 07:25:04"
D,METER_DATA,GEN_DUID,1,"2015/12/17 07:30:00",CHALLHWF,0,"2015/12/17 07:25:04"
D,METER_DATA,GEN_DUID,1,"2015/12/17 07:30:00",CLOVER,-0.01,"2015/12/17 07:25:04"
D,METER_DATA,GEN_DUID,1,"2015/12/17 07:30:00",CLUNY,13.947041,"2015/12/17 07:25:04"
D,METER_DATA,GEN_DUID,1,"2015/12/17 07:30:00",CNUNDAWF,1.902219,"2015/12/17 07:25:04"
D,METER_DATA,GEN_DUID,1,"2015/12/17 07:30:00",CULLRGWF,3.86,"2015/12/17 07:25:04"
D,METER_DATA,GEN_DUID,1,"2015/12/17 07:30:00",ERGT01,0,"2015/12/17 07:25:04"
D,METER_DATA,GEN_DUID,1,"2015/12/17 07:30:00",GB01,0.188759,"2015/12/17 07:25:04"
D,METER_DATA,GEN_DUID,1,"2015/12/17 07:30:00",GERMCRK,32.400002,"2015/12/17 07:25:04"
D,METER_DATA,GEN_DUID,1,"2015/12/17 07:30:00",INVICTA,0,"2015/12/17 07:25:04"
D,METER_DATA,GEN_DUID,1,"2015/12/17 07:30:00",LKBONNY1,-0.0921,"2015/12/17 07:25:04"
D,METER_DATA,GEN_DUID,1,"2015/12/17 07:30:00",MBAHNTH,1.893751,"2015/12/17 07:25:04"
D,METER_DATA,GEN_DUID,1,"2015/12/17 07:30:00",MLWF1,0.0150,"2015/12/17 07:25:04"
D,METER_DATA,GEN_DUID,1,"2015/12/17 07:30:00",MTMILLAR,4.144811,"2015/12/17 07:25:04"
D,METER_DATA,GEN_DUID,1,"2015/12/17 07:30:00",PALOONA,7.88,"2015/12/17 07:25:04"
D,METER_DATA,GEN_DUID,1,"2015/12/17 07:30:00",PIONEER,-0.40,"2015/12/17 07:25:04"
D,METER_DATA,GEN_DUID,1,"2015/12/17 07:30:00",PORTWF,4.50,"2015/12/17 07:25:04"
D,METER_DATA,GEN_DUID,1,"2015/12/17 07:30:00",REPULSE,23.590090,"2015/12/17 07:25:04"
D,METER_DATA,GEN_DUID,1,"2015/12/17 07:30:00",ROWALLAN,0,"2015/12/17 07:25:04"
D,METER_DATA,GEN_DUID,1,"2015/12/17 07:30:00",RPCG,10,"2015/12/17 07:25:04"
D,METER_DATA,GEN_DUID,1,"2015/12/17 07:30:00",RUBICON,0,"2015/12/17 07:25:04"
D,METER_DATA,GEN_DUID,1,"2015/12/17 07:30:00",STARHLWF,2.999125,"2015/12/17 07:25:04"
D,METER_DATA,GEN_DUID,1,"2015/12/17 07:30:00",WAUBRAWF,141.4310,"2015/12/17 07:25:04"
D,METER_DATA,GEN_DUID,1,"2015/12/17 07:30:00",WOOLNTH1,76.830017,"2015/12/17 07:25:04"
D,METER_DATA,GEN_DUID,1,"2015/12/17 07:30:00",WPWF,2,"2015/12/17 07:25:04"
D,METER_DATA,GEN_DUID,1,"2015/12/17 07:30:00",YAMBUKWF,0.60,"2015/12/17 07:25:04"
D,METER_DATA,GEN_DUID,1,"2015/12/17 07:35:00",ANGAS1,0,"2015/12/17 07:30:04"
D,METER_DATA,GEN_DUID,1,"2015/12/17 07:35:00",ANGAS2,0,"2015/12/17 07:30:04"
D,METER_DATA,GEN_DUID,1,"2015/12/17 07:35:00",BUTLERSG,-0.000002,"2015/12/17 07:30:04"
D,METER_DATA,GEN_DUID,1,"2015/12/17 07:35:00",CALL_A_4,0,"2015/12/17 07:30:04"
D,METER_DATA,GEN_DUID,1,"2015/12/17 07:35:00",CAPTL_WF,0,"2015/12/17 07:30:04"
D,METER_DATA,GEN_DUID,1,"2015/12/17 07:35:00",CATHROCK,0,"2015/12/17 07:30:04"
D,METER_DATA,GEN_DUID,1,"2015/12/17 07:35:00",CHALLHWF,0.60,"2015/12/17 07:30:04"
D,METER_DATA,GEN_DUID,1,"2015/12/17 07:35:00",CLOVER,-0.01,"2015/12/17 07:30:04"
D,METER_DATA,GEN_DUID,1,"2015/12/17 07:35:00",CLUNY,14.790151,"2015/12/17 07:30:04"
D,METER_DATA,GEN_DUID,1,"2015/12/17 07:35:00",CNUNDAWF,1.501752,"2015/12/17 07:30:04"
D,METER_DATA,GEN_DUID,1,"2015/12/17 07:35:00",CULLRGWF,4.70,"2015/12/17 07:30:04"
D,METER_DATA,GEN_DUID,1,"2015/12/17 07:35:00",ERGT01,0,"2015/12/17 07:30:04"
D,METER_DATA,GEN_DUID,1,"2015/12/17 07:35:00",GB01,0.188759,"2015/12/17 07:30:04"
D,METER_DATA,GEN_DUID,1,"2015/12/17 07:35:00",GERMCRK,32.400002,"2015/12/17 07:30:04"
D,METER_DATA,GEN_DUID,1,"2015/12/17 07:35:00",INVICTA,0,"2015/12/17 07:30:04"
D,METER_DATA,GEN_DUID,1,"2015/12/17 07:35:00",LKBONNY1,-0.0921,"2015/12/17 07:30:04"
D,METER_DATA,GEN_DUID,1,"2015/12/17 07:35:00",MBAHNTH,1.893751,"2015/12/17 07:30:04"
D,METER_DATA,GEN_DUID,1,"2015/12/17 07:35:00",MLWF1,0.0150,"2015/12/17 07:30:04"
D,METER_DATA,GEN_DUID,1,"2015/12/17 07:35:00",MTMILLAR,3.519740,"2015/12/17 07:30:04"
D,METER_DATA,GEN_DUID,1,"2015/12/17 07:35:00",PALOONA,7.88,"2015/12/17 07:30:04"
D,METER_DATA,GEN_DUID,1,"2015/12/17 07:35:00",PIONEER,-0.40,"2015/12/17 07:30:04"
D,METER_DATA,GEN_DUID,1,"2015/12/17 07:35:00",PORTWF,5.20,"2015/12/17 07:30:04"
D,METER_DATA,GEN_DUID,1,"2015/12/17 07:35:00",REPULSE,24.580950,"2015/12/17 07:30:04"
D,METER_DATA,GEN_DUID,1,"2015/12/17 07:35:00",ROWALLAN,0,"2015/12/17 07:30:04"
D,METER_DATA,GEN_DUID,1,"2015/12/17 07:35:00",RPCG,10,"2015/12/17 07:30:04"
D,METER_DATA,GEN_DUID,1,"2015/12/17 07:35:00",RUBICON,0,"2015/12/17 07:30:04"
D,METER_DATA,GEN_DUID,1,"2015/12/17 07:35:00",STARHLWF,3.498980,"2015/12/17 07:30:04"
D,METER_DATA,GEN_DUID,1,"2015/12/17 07:35:00",WAUBRAWF,145.591995,"2015/12/17 07:30:04"
D,METER_DATA,GEN_DUID,1,"2015/12/17 07:35:00",WOOLNTH1,84.900017,"2015/12/17 07:30:04"
D,METER_DATA,GEN_DUID,1,"2015/12/17 07:35:00",WPWF,2,"2015/12/17 07:30:04"
D,METER_DATA,GEN_DUID,1,"2015/12/17 07:35:00",YAMBUKWF,0.20,"2015/12/17 07:30:04"
D,METER_DATA,GEN_DUID,1,"2015/12/17 07:40:00",ANGAS1,0,"2015/12/17 07:35:04"
D,METER_DATA,GEN_DUID,1,"2015/12/17 07:40:00",ANGAS2,0,"2015/12/17 07:35:04"
D,METER_DATA,GEN_DUID,1,"2015/12/17 07:40:00",BUTLERSG,-0.000002,"2015/12/17 07:35:04"
D,METER_DATA,GEN_DUID,1,"2015/12/17 07:40:00",CALL_A_4,0,"2015/12/17 07:35:04"
D,METER_DATA,GEN_DUID,1,"2015/12/17 07:40:00",CAPTL_WF,0,"2015/12/17 07:35:04"
D,METER_DATA,GEN_DUID,1,"2015/12/17 07:40:00",CATHROCK,0,"2015/12/17 07:35:04"
D,METER_DATA,GEN_DUID,1,"2015/12/17 07:40:00",CHALLHWF,0.50,"2015/12/17 07:35:04"
D,METER_DATA,GEN_DUID,1,"2015/12/17 07:40:00",CLOVER,-0.01,"2015/12/17 07:35:04"
D,METER_DATA,GEN_DUID,1,"2015/12/17 07:40:00",CLUNY,13.989910,"2015/12/17 07:35:04"
D,METER_DATA,GEN_DUID,1,"2015/12/17 07:40:00",CNUNDAWF,1.101285,"2015/12/17 07:35:04"
D,METER_DATA,GEN_DUID,1,"2015/12/17 07:40:00",CULLRGWF,4.55,"2015/12/17 07:35:04"
D,METER_DATA,GEN_DUID,1,"2015/12/17 07:40:00",ERGT01,0,"2015/12/17 07:35:04"
D,METER_DATA,GEN_DUID,1,"2015/12/17 07:40:00",GB01,0.188759,"2015/12/17 07:35:04"
D,METER_DATA,GEN_DUID,1,"2015/12/17 07:40:00",GERMCRK,31.60,"2015/12/17 07:35:04"
D,METER_DATA,GEN_DUID,1,"2015/12/17 07:40:00",INVICTA,0,"2015/12/17 07:35:04"
D,METER_DATA,GEN_DUID,1,"2015/12/17 07:40:00",LKBONNY1,0.089309,"2015/12/17 07:35:04"
D,METER_DATA,GEN_DUID,1,"2015/12/17 07:40:00",MBAHNTH,1.893751,"2015/12/17 07:35:04"
D,METER_DATA,GEN_DUID,1,"2015/12/17 07:40:00",MLWF1,0.0150,"2015/12/17 07:35:04"
D,METER_DATA,GEN_DUID,1,"2015/12/17 07:40:00",MTMILLAR,3.006290,"2015/12/17 07:35:04"
D,METER_DATA,GEN_DUID,1,"2015/12/17 07:40:00",PALOONA,7.88,"2015/12/17 07:35:04"
D,METER_DATA,GEN_DUID,1,"2015/12/17 07:40:00",PIONEER,-0.40,"2015/12/17 07:35:04"
D,METER_DATA,GEN_DUID,1,"2015/12/17 07:40:00",PORTWF,4.90,"2015/12/17 07:35:04"
D,METER_DATA,GEN_DUID,1,"2015/12/17 07:40:00",REPULSE,25.114489,"2015/12/17 07:35:04"
D,METER_DATA,GEN_DUID,1,"2015/12/17 07:40:00",ROWALLAN,0,"2015/12/17 07:35:04"
D,METER_DATA,GEN_DUID,1,"2015/12/17 07:40:00",RPCG,10,"2015/12/17 07:35:04"
D,METER_DATA,GEN_DUID,1,"2015/12/17 07:40:00",RUBICON,0,"2015/12/17 07:35:04"
D,METER_DATA,GEN_DUID,1,"2015/12/17 07:40:00",STARHLWF,3.598951,"2015/12/17 07:35:04"
D,METER_DATA,GEN_DUID,1,"2015/12/17 07:40:00",WAUBRAWF,152.171997,"2015/12/17 07:35:04"
D,METER_DATA,GEN_DUID,1,"2015/12/17 07:40:00",WOOLNTH1,83.310013,"2015/12/17 07:35:04"
D,METER_DATA,GEN_DUID,1,"2015/12/17 07:40:00",WPWF,3,"2015/12/17 07:35:04"
D,METER_DATA,GEN_DUID,1,"2015/12/17 07:40:00",YAMBUKWF,0,"2015/12/17 07:35:04"
D,METER_DATA,GEN_DUID,1,"2015/12/17 07:45:00",ANGAS1,0,"2015/12/17 07:40:04"
D,METER_DATA,GEN_DUID,1,"2015/12/17 07:45:00",ANGAS2,0,"2015/12/17 07:40:04"
D,METER_DATA,GEN_DUID,1,"2015/12/17 07:45:00",BUTLERSG,-0.000002,"2015/12/17 07:40:04"
D,METER_DATA,GEN_DUID,1,"2015/12/17 07:45:00",CALL_A_4,0,"2015/12/17 07:40:04"
D,METER_DATA,GEN_DUID,1,"2015/12/17 07:45:00",CAPTL_WF,0,"2015/12/17 07:40:04"
D,METER_DATA,GEN_DUID,1,"2015/12/17 07:45:00",CATHROCK,0,"2015/12/17 07:40:04"
D,METER_DATA,GEN_DUID,1,"2015/12/17 07:45:00",CHALLHWF,1,"2015/12/17 07:40:04"
D,METER_DATA,GEN_DUID,1,"2015/12/17 07:45:00",CLOVER,-0.01,"2015/12/17 07:40:04"
D,METER_DATA,GEN_DUID,1,"2015/12/17 07:45:00",CLUNY,13.918460,"2015/12/17 07:40:04"
D,METER_DATA,GEN_DUID,1,"2015/12/17 07:45:00",CNUNDAWF,1.101285,"2015/12/17 07:40:04"
D,METER_DATA,GEN_DUID,1,"2015/12/17 07:45:00",CULLRGWF,4.29,"2015/12/17 07:40:04"
D,METER_DATA,GEN_DUID,1,"2015/12/17 07:45:00",ERGT01,0,"2015/12/17 07:40:04"
D,METER_DATA,GEN_DUID,1,"2015/12/17 07:45:00",GB01,0.188759,"2015/12/17 07:40:04"
D,METER_DATA,GEN_DUID,1,"2015/12/17 07:45:00",GERMCRK,32.599998,"2015/12/17 07:40:04"
D,METER_DATA,GEN_DUID,1,"2015/12/17 07:45:00",INVICTA,0,"2015/12/17 07:40:04"
D,METER_DATA,GEN_DUID,1,"2015/12/17 07:45:00",LKBONNY1,-0.0921,"2015/12/17 07:40:04"
D,METER_DATA,GEN_DUID,1,"2015/12/17 07:45:00",MBAHNTH,1.893751,"2015/12/17 07:40:04"
D,METER_DATA,GEN_DUID,1,"2015/12/17 07:45:00",MLWF1,0.0150,"2015/12/17 07:40:04"
D,METER_DATA,GEN_DUID,1,"2015/12/17 07:45:00",MTMILLAR,2.835140,"2015/12/17 07:40:04"
D,METER_DATA,GEN_DUID,1,"2015/12/17 07:45:00",PALOONA,7.88,"2015/12/17 07:40:04"
D,METER_DATA,GEN_DUID,1,"2015/12/17 07:45:00",PIONEER,-0.40,"2015/12/17 07:40:04"
D,METER_DATA,GEN_DUID,1,"2015/12/17 07:45:00",PORTWF,5.80,"2015/12/17 07:40:04"
D,METER_DATA,GEN_DUID,1,"2015/12/17 07:45:00",REPULSE,24.333235,"2015/12/17 07:40:04"
D,METER_DATA,GEN_DUID,1,"2015/12/17 07:45:00",ROWALLAN,0,"2015/12/17 07:40:04"
D,METER_DATA,GEN_DUID,1,"2015/12/17 07:45:00",RPCG,11.20,"2015/12/17 07:40:04"
D,METER_DATA,GEN_DUID,1,"2015/12/17 07:45:00",RUBICON,0,"2015/12/17 07:40:04"
D,METER_DATA,GEN_DUID,1,"2015/12/17 07:45:00",STARHLWF,3.998834,"2015/12/17 07:40:04"
D,METER_DATA,GEN_DUID,1,"2015/12/17 07:45:00",WAUBRAWF,155.781998,"2015/12/17 07:40:04"
D,METER_DATA,GEN_DUID,1,"2015/12/17 07:45:00",WOOLNTH1,79.970016,"2015/12/17 07:40:04"
D,METER_DATA,GEN_DUID,1,"2015/12/17 07:45:00",WPWF,3,"2015/12/17 07:40:04"
D,METER_DATA,GEN_DUID,1,"2015/12/17 07:45:00",YAMBUKWF,0,"2015/12/17 07:40:04"
D,METER_DATA,GEN_DUID,1,"2015/12/17 07:50:00",ANGAS1,0,"2015/12/17 07:45:05"
D,METER_DATA,GEN_DUID,1,"2015/12/17 07:50:00",ANGAS2,0,"2015/12/17 07:45:05"
D,METER_DATA,GEN_DUID,1,"2015/12/17 07:50:00",BUTLERSG,-0.000002,"2015/12/17 07:45:05"
D,METER_DATA,GEN_DUID,1,"2015/12/17 07:50:00",CALL_A_4,0,"2015/12/17 07:45:05"
D,METER_DATA,GEN_DUID,1,"2015/12/17 07:50:00",CAPTL_WF,0,"2015/12/17 07:45:05"
D,METER_DATA,GEN_DUID,1,"2015/12/17 07:50:00",CATHROCK,0,"2015/12/17 07:45:05"
D,METER_DATA,GEN_DUID,1,"2015/12/17 07:50:00",CHALLHWF,1.30,"2015/12/17 07:45:05"
D,METER_DATA,GEN_DUID,1,"2015/12/17 07:50:00",CLOVER,-0.01,"2015/12/17 07:45:05"
D,METER_DATA,GEN_DUID,1,"2015/12/17 07:50:00",CLUNY,14.347160,"2015/12/17 07:45:05"
D,METER_DATA,GEN_DUID,1,"2015/12/17 07:50:00",CNUNDAWF,1.101285,"2015/12/17 07:45:05"
D,METER_DATA,GEN_DUID,1,"2015/12/17 07:50:00",CULLRGWF,2.73,"2015/12/17 07:45:05"
D,METER_DATA,GEN_DUID,1,"2015/12/17 07:50:00",ERGT01,0,"2015/12/17 07:45:05"
D,METER_DATA,GEN_DUID,1,"2015/12/17 07:50:00",GB01,0.188759,"2015/12/17 07:45:05"
D,METER_DATA,GEN_DUID,1,"2015/12/17 07:50:00",GERMCRK,29.200001,"2015/12/17 07:45:05"
D,METER_DATA,GEN_DUID,1,"2015/12/17 07:50:00",INVICTA,0,"2015/12/17 07:45:05"
D,METER_DATA,GEN_DUID,1,"2015/12/17 07:50:00",LKBONNY1,0.089309,"2015/12/17 07:45:05"
D,METER_DATA,GEN_DUID,1,"2015/12/17 07:50:00",MBAHNTH,1.893751,"2015/12/17 07:45:05"
D,METER_DATA,GEN_DUID,1,"2015/12/17 07:50:00",MLWF1,0.0150,"2015/12/17 07:45:05"
D,METER_DATA,GEN_DUID,1,"2015/12/17 07:50:00",MTMILLAR,2.820257,"2015/12/17 07:45:05"
D,METER_DATA,GEN_DUID,1,"2015/12/17 07:50:00",PALOONA,8.02,"2015/12/17 07:45:05"
D,METER_DATA,GEN_DUID,1,"2015/12/17 07:50:00",PIONEER,-0.40,"2015/12/17 07:45:05"
D,METER_DATA,GEN_DUID,1,"2015/12/17 07:50:00",PORTWF,5.20,"2015/12/17 07:45:05"
D,METER_DATA,GEN_DUID,1,"2015/12/17 07:50:00",REPULSE,22.961275,"2015/12/17 07:45:05"
D,METER_DATA,GEN_DUID,1,"2015/12/17 07:50:00",ROWALLAN,0,"2015/12/17 07:45:05"
D,METER_DATA,GEN_DUID,1,"2015/12/17 07:50:00",RPCG,11.20,"2015/12/17 07:45:05"
D,METER_DATA,GEN_DUID,1,"2015/12/17 07:50:00",RUBICON,0,"2015/12/17 07:45:05"
D,METER_DATA,GEN_DUID,1,"2015/12/17 07:50:00",STARHLWF,3.498980,"2015/12/17 07:45:05"
D,METER_DATA,GEN_DUID,1,"2015/12/17 07:50:00",WAUBRAWF,162.009003,"2015/12/17 07:45:05"
D,METER_DATA,GEN_DUID,1,"2015/12/17 07:50:00",WOOLNTH1,77.360016,"2015/12/17 07:45:05"
D,METER_DATA,GEN_DUID,1,"2015/12/17 07:50:00",WPWF,4,"2015/12/17 07:45:05"
D,METER_DATA,GEN_DUID,1,"2015/12/17 07:50:00",YAMBUKWF,-0.20,"2015/12/17 07:45:05"
D,METER_DATA,GEN_DUID,1,"2015/12/17 07:55:00",ANGAS1,0,"2015/12/17 07:50:05"
D,METER_DATA,GEN_DUID,1,"2015/12/17 07:55:00",ANGAS2,0,"2015/12/17 07:50:05"
D,METER_DATA,GEN_DUID,1,"2015/12/17 07:55:00",BUTLERSG,-0.000002,"2015/12/17 07:50:05"
D,METER_DATA,GEN_DUID,1,"2015/12/17 07:55:00",CALL_A_4,0,"2015/12/17 07:50:05"
D,METER_DATA,GEN_DUID,1,"2015/12/17 07:55:00",CAPTL_WF,0,"2015/12/17 07:50:05"
D,METER_DATA,GEN_DUID,1,"2015/12/17 07:55:00",CATHROCK,0,"2015/12/17 07:50:05"
D,METER_DATA,GEN_DUID,1,"2015/12/17 07:55:00",CHALLHWF,2.30,"2015/12/17 07:50:05"
D,METER_DATA,GEN_DUID,1,"2015/12/17 07:55:00",CLOVER,-0.01,"2015/12/17 07:50:05"
D,METER_DATA,GEN_DUID,1,"2015/12/17 07:55:00",CLUNY,13.961330,"2015/12/17 07:50:05"
D,METER_DATA,GEN_DUID,1,"2015/12/17 07:55:00",CNUNDAWF,1.501752,"2015/12/17 07:50:05"
D,METER_DATA,GEN_DUID,1,"2015/12/17 07:55:00",CULLRGWF,2.42,"2015/12/17 07:50:05"
D,METER_DATA,GEN_DUID,1,"2015/12/17 07:55:00",ERGT01,0,"2015/12/17 07:50:05"
D,METER_DATA,GEN_DUID,1,"2015/12/17 07:55:00",GB01,0.189735,"2015/12/17 07:50:05"
D,METER_DATA,GEN_DUID,1,"2015/12/17 07:55:00",GERMCRK,29.50,"2015/12/17 07:50:05"
D,METER_DATA,GEN_DUID,1,"2015/12/17 07:55:00",INVICTA,0,"2015/12/17 07:50:05"
D,METER_DATA,GEN_DUID,1,"2015/12/17 07:55:00",LKBONNY1,0.357237,"2015/12/17 07:50:05"
D,METER_DATA,GEN_DUID,1,"2015/12/17 07:55:00",MBAHNTH,1.893751,"2015/12/17 07:50:05"
D,METER_DATA,GEN_DUID,1,"2015/12/17 07:55:00",MLWF1,0.0150,"2015/12/17 07:50:05"
D,METER_DATA,GEN_DUID,1,"2015/12/17 07:55:00",MTMILLAR,2.507722,"2015/12/17 07:50:05"
D,METER_DATA,GEN_DUID,1,"2015/12/17 07:55:00",PALOONA,7.84,"2015/12/17 07:50:05"
D,METER_DATA,GEN_DUID,1,"2015/12/17 07:55:00",PIONEER,-0.40,"2015/12/17 07:50:05"
D,METER_DATA,GEN_DUID,1,"2015/12/17 07:55:00",PORTWF,4.60,"2015/12/17 07:50:05"
D,METER_DATA,GEN_DUID,1,"2015/12/17 07:55:00",REPULSE,23.990244,"2015/12/17 07:50:05"
D,METER_DATA,GEN_DUID,1,"2015/12/17 07:55:00",ROWALLAN,0,"2015/12/17 07:50:05"
D,METER_DATA,GEN_DUID,1,"2015/12/17 07:55:00",RPCG,10.10,"2015/12/17 07:50:05"
D,METER_DATA,GEN_DUID,1,"2015/12/17 07:55:00",RUBICON,0,"2015/12/17 07:50:05"
D,METER_DATA,GEN_DUID,1,"2015/12/17 07:55:00",STARHLWF,5.198484,"2015/12/17 07:50:05"
D,METER_DATA,GEN_DUID,1,"2015/12/17 07:55:00",WAUBRAWF,159.188995,"2015/12/17 07:50:05"
D,METER_DATA,GEN_DUID,1,"2015/12/17 07:55:00",WOOLNTH1,68.930016,"2015/12/17 07:50:05"
D,METER_DATA,GEN_DUID,1,"2015/12/17 07:55:00",WPWF,5,"2015/12/17 07:50:05"
D,METER_DATA,GEN_DUID,1,"2015/12/17 07:55:00",YAMBUKWF,-0.10,"2015/12/17 07:50:05"
D,METER_DATA,GEN_DUID,1,"2015/12/17 08:00:00",ANGAS1,0,"2015/12/17 07:55:05"
D,METER_DATA,GEN_DUID,1,"2015/12/17 08:00:00",ANGAS2,0,"2015/12/17 07:55:05"
D,METER_DATA,GEN_DUID,1,"2015/12/17 08:00:00",BUTLERSG,-0.000002,"2015/12/17 07:55:05"
D,METER_DATA,GEN_DUID,1,"2015/12/17 08:00:00",CALL_A_4,0,"2015/12/17 07:55:05"
D,METER_DATA,GEN_DUID,1,"2015/12/17 08:00:00",CAPTL_WF,0,"2015/12/17 07:55:05"
D,METER_DATA,GEN_DUID,1,"2015/12/17 08:00:00",CATHROCK,0,"2015/12/17 07:55:05"
D,METER_DATA,GEN_DUID,1,"2015/12/17 08:00:00",CHALLHWF,3.30,"2015/12/17 07:55:05"
D,METER_DATA,GEN_DUID,1,"2015/12/17 08:00:00",CLOVER,-0.02,"2015/12/17 07:55:05"
D,METER_DATA,GEN_DUID,1,"2015/12/17 08:00:00",CLUNY,14.332870,"2015/12/17 07:55:05"
D,METER_DATA,GEN_DUID,1,"2015/12/17 08:00:00",CNUNDAWF,1.101285,"2015/12/17 07:55:05"
D,METER_DATA,GEN_DUID,1,"2015/12/17 08:00:00",CULLRGWF,3.29,"2015/12/17 07:55:05"
D,METER_DATA,GEN_DUID,1,"2015/12/17 08:00:00",ERGT01,0,"2015/12/17 07:55:05"
D,METER_DATA,GEN_DUID,1,"2015/12/17 08:00:00",GB01,0.189735,"2015/12/17 07:55:05"
D,METER_DATA,GEN_DUID,1,"2015/12/17 08:00:00",GERMCRK,31.299999,"2015/12/17 07:55:05"
D,METER_DATA,GEN_DUID,1,"2015/12/17 08:00:00",INVICTA,0,"2015/12/17 07:55:05"
D,METER_DATA,GEN_DUID,1,"2015/12/17 08:00:00",LKBONNY1,0.446547,"2015/12/17 07:55:05"
D,METER_DATA,GEN_DUID,1,"2015/12/17 08:00:00",MBAHNTH,1.893751,"2015/12/17 07:55:05"
D,METER_DATA,GEN_DUID,1,"2015/12/17 08:00:00",MLWF1,0.0150,"2015/12/17 07:55:05"
D,METER_DATA,GEN_DUID,1,"2015/12/17 08:00:00",MTMILLAR,2.373778,"2015/12/17 07:55:05"
D,METER_DATA,GEN_DUID,1,"2015/12/17 08:00:00",PALOONA,7.87,"2015/12/17 07:55:05"
D,METER_DATA,GEN_DUID,1,"2015/12/17 08:00:00",PIONEER,-0.40,"2015/12/17 07:55:05"
D,METER_DATA,GEN_DUID,1,"2015/12/17 08:00:00",PORTWF,4.80,"2015/12/17 07:55:05"
D,METER_DATA,GEN_DUID,1,"2015/12/17 08:00:00",REPULSE,24.752445,"2015/12/17 07:55:05"
D,METER_DATA,GEN_DUID,1,"2015/12/17 08:00:00",ROWALLAN,0,"2015/12/17 07:55:05"
D,METER_DATA,GEN_DUID,1,"2015/12/17 08:00:00",RPCG,10.10,"2015/12/17 07:55:05"
D,METER_DATA,GEN_DUID,1,"2015/12/17 08:00:00",RUBICON,0,"2015/12/17 07:55:05"
D,METER_DATA,GEN_DUID,1,"2015/12/17 08:00:00",STARHLWF,5.298455,"2015/12/17 07:55:05"
D,METER_DATA,GEN_DUID,1,"2015/12/17 08:00:00",WAUBRAWF,158.281998,"2015/12/17 07:55:05"
D,METER_DATA,GEN_DUID,1,"2015/12/17 08:00:00",WOOLNTH1,75.320023,"2015/12/17 07:55:05"
D,METER_DATA,GEN_DUID,1,"2015/12/17 08:00:00",WPWF,7,"2015/12/17 07:55:05"
D,METER_DATA,GEN_DUID,1,"2015/12/17 08:00:00",YAMBUKWF,-0.10,"2015/12/17 07:55:05"
D,METER_DATA,GEN_DUID,1,"2015/12/17 08:05:00",ANGAS1,0,"2015/12/17 08:00:04"
D,METER_DATA,GEN_DUID,1,"2015/12/17 08:05:00",ANGAS2,0,"2015/12/17 08:00:04"
D,METER_DATA,GEN_DUID,1,"2015/12/17 08:05:00",BUTLERSG,-0.000002,"2015/12/17 08:00:04"
D,METER_DATA,GEN_DUID,1,"2015/12/17 08:05:00",CALL_A_4,0,"2015/12/17 08:00:04"
D,METER_DATA,GEN_DUID,1,"2015/12/17 08:05:00",CAPTL_WF,0,"2015/12/17 08:00:04"
D,METER_DATA,GEN_DUID,1,"2015/12/17 08:05:00",CATHROCK,0,"2015/12/17 08:00:04"
D,METER_DATA,GEN_DUID,1,"2015/12/17 08:05:00",CHALLHWF,3.30,"2015/12/17 08:00:04"
D,METER_DATA,GEN_DUID,1,"2015/12/17 08:05:00",CLOVER,-0.01,"2015/12/17 08:00:04"
D,METER_DATA,GEN_DUID,1,"2015/12/17 08:05:00",CLUNY,13.7184,"2015/12/17 08:00:04"
D,METER_DATA,GEN_DUID,1,"2015/12/17 08:05:00",CNUNDAWF,1.101285,"2015/12/17 08:00:04"
D,METER_DATA,GEN_DUID,1,"2015/12/17 08:05:00",CULLRGWF,2.12,"2015/12/17 08:00:04"
D,METER_DATA,GEN_DUID,1,"2015/12/17 08:05:00",ERGT01,0,"2015/12/17 08:00:04"
D,METER_DATA,GEN_DUID,1,"2015/12/17 08:05:00",GB01,0.189735,"2015/12/17 08:00:04"
D,METER_DATA,GEN_DUID,1,"2015/12/17 08:05:00",GERMCRK,32.299999,"2015/12/17 08:00:04"
D,METER_DATA,GEN_DUID,1,"2015/12/17 08:05:00",INVICTA,0,"2015/12/17 08:00:04"
D,METER_DATA,GEN_DUID,1,"2015/12/17 08:05:00",LKBONNY1,1.071712,"2015/12/17 08:00:04"
D,METER_DATA,GEN_DUID,1,"2015/12/17 08:05:00",MBAHNTH,1.893751,"2015/12/17 08:00:04"
D,METER_DATA,GEN_DUID,1,"2015/12/17 08:05:00",MLWF1,0.0150,"2015/12/17 08:00:04"
D,METER_DATA,GEN_DUID,1,"2015/12/17 08:05:00",MTMILLAR,2.135656,"2015/12/17 08:00:04"
D,METER_DATA,GEN_DUID,1,"2015/12/17 08:05:00",PALOONA,7.87,"2015/12/17 08:00:04"
D,METER_DATA,GEN_DUID,1,"2015/12/17 08:05:00",PIONEER,-0.40,"2015/12/17 08:00:04"
D,METER_DATA,GEN_DUID,1,"2015/12/17 08:05:00",PORTWF,4.80,"2015/12/17 08:00:04"
D,METER_DATA,GEN_DUID,1,"2015/12/17 08:05:00",REPULSE,24.695280,"2015/12/17 08:00:04"
D,METER_DATA,GEN_DUID,1,"2015/12/17 08:05:00",ROWALLAN,0,"2015/12/17 08:00:04"
D,METER_DATA,GEN_DUID,1,"2015/12/17 08:05:00",RPCG,9,"2015/12/17 08:00:04"
D,METER_DATA,GEN_DUID,1,"2015/12/17 08:05:00",RUBICON,0,"2015/12/17 08:00:04"
D,METER_DATA,GEN_DUID,1,"2015/12/17 08:05:00",STARHLWF,5.998251,"2015/12/17 08:00:04"
D,METER_DATA,GEN_DUID,1,"2015/12/17 08:05:00",WAUBRAWF,158.197006,"2015/12/17 08:00:04"
D,METER_DATA,GEN_DUID,1,"2015/12/17 08:05:00",WOOLNTH1,81.820015,"2015/12/17 08:00:04"
D,METER_DATA,GEN_DUID,1,"2015/12/17 08:05:00",WPWF,7,"2015/12/17 08:00:04"
D,METER_DATA,GEN_DUID,1,"2015/12/17 08:05:00",YAMBUKWF,-0.20,"2015/12/17 08:00:04"
D,METER_DATA,GEN_DUID,1,"2015/12/17 08:10:00",ANGAS1,0,"2015/12/17 08:05:05"
D,METER_DATA,GEN_DUID,1,"2015/12/17 08:10:00",ANGAS2,0,"2015/12/17 08:05:05"
D,METER_DATA,GEN_DUID,1,"2015/12/17 08:10:00",BUTLERSG,-0.000002,"2015/12/17 08:05:05"
D,METER_DATA,GEN_DUID,1,"2015/12/17 08:10:00",CALL_A_4,0,"2015/12/17 08:05:05"
D,METER_DATA,GEN_DUID,1,"2015/12/17 08:10:00",CAPTL_WF,0,"2015/12/17 08:05:05"
D,METER_DATA,GEN_DUID,1,"2015/12/17 08:10:00",CATHROCK,0,"2015/12/17 08:05:05"
D,METER_DATA,GEN_DUID,1,"2015/12/17 08:10:00",CHALLHWF,4.80,"2015/12/17 08:05:05"
D,METER_DATA,GEN_DUID,1,"2015/12/17 08:10:00",CLOVER,0,"2015/12/17 08:05:05"
D,METER_DATA,GEN_DUID,1,"2015/12/17 08:10:00",CLUNY,13.203960,"2015/12/17 08:05:05"
D,METER_DATA,GEN_DUID,1,"2015/12/17 08:10:00",CNUNDAWF,1.101285,"2015/12/17 08:05:05"
D,METER_DATA,GEN_DUID,1,"2015/12/17 08:10:00",CULLRGWF,2.60,"2015/12/17 08:05:05"
D,METER_DATA,GEN_DUID,1,"2015/12/17 08:10:00",ERGT01,0,"2015/12/17 08:05:05"
D,METER_DATA,GEN_DUID,1,"2015/12/17 08:10:00",GB01,0.189735,"2015/12/17 08:05:05"
D,METER_DATA,GEN_DUID,1,"2015/12/17 08:10:00",GERMCRK,33.200001,"2015/12/17 08:05:05"
D,METER_DATA,GEN_DUID,1,"2015/12/17 08:10:00",INVICTA,0,"2015/12/17 08:05:05"
D,METER_DATA,GEN_DUID,1,"2015/12/17 08:10:00",LKBONNY1,1.161022,"2015/12/17 08:05:05"
D,METER_DATA,GEN_DUID,1,"2015/12/17 08:10:00",MBAHNTH,1.893751,"2015/12/17 08:05:05"
D,METER_DATA,GEN_DUID,1,"2015/12/17 08:10:00",MLWF1,0.0150,"2015/12/17 08:05:05"
D,METER_DATA,GEN_DUID,1,"2015/12/17 08:10:00",MTMILLAR,1.815680,"2015/12/17 08:05:05"
D,METER_DATA,GEN_DUID,1,"2015/12/17 08:10:00",PALOONA,7.87,"2015/12/17 08:05:05"
D,METER_DATA,GEN_DUID,1,"2015/12/17 08:10:00",PIONEER,-0.40,"2015/12/17 08:05:05"
D,METER_DATA,GEN_DUID,1,"2015/12/17 08:10:00",PORTWF,4.80,"2015/12/17 08:05:05"
D,METER_DATA,GEN_DUID,1,"2015/12/17 08:10:00",REPULSE,23.399540,"2015/12/17 08:05:05"
D,METER_DATA,GEN_DUID,1,"2015/12/17 08:10:00",ROWALLAN,0,"2015/12/17 08:05:05"
D,METER_DATA,GEN_DUID,1,"2015/12/17 08:10:00",RPCG,9,"2015/12/17 08:05:05"
D,METER_DATA,GEN_DUID,1,"2015/12/17 08:10:00",RUBICON,0,"2015/12/17 08:05:05"
D,METER_DATA,GEN_DUID,1,"2015/12/17 08:10:00",STARHLWF,7.597785,"2015/12/17 08:05:05"
D,METER_DATA,GEN_DUID,1,"2015/12/17 08:10:00",WAUBRAWF,155.852997,"2015/12/17 08:05:05"
D,METER_DATA,GEN_DUID,1,"2015/12/17 08:10:00",WOOLNTH1,84.530014,"2015/12/17 08:05:05"
D,METER_DATA,GEN_DUID,1,"2015/12/17 08:10:00",WPWF,8,"2015/12/17 08:05:05"
D,METER_DATA,GEN_DUID,1,"2015/12/17 08:10:00",YAMBUKWF,0,"2015/12/17 08:05:05"
D,METER_DATA,GEN_DUID,1,"2015/12/17 08:15:00",ANGAS1,0,"2015/12/17 08:10:04"
D,METER_DATA,GEN_DUID,1,"2015/12/17 08:15:00",ANGAS2,0,"2015/12/17 08:10:04"
D,METER_DATA,GEN_DUID,1,"2015/12/17 08:15:00",BUTLERSG,-0.000002,"2015/12/17 08:10:04"
D,METER_DATA,GEN_DUID,1,"2015/12/17 08:15:00",CALL_A_4,0,"2015/12/17 08:10:04"
D,METER_DATA,GEN_DUID,1,"2015/12/17 08:15:00",CAPTL_WF,0,"2015/12/17 08:10:04"
D,METER_DATA,GEN_DUID,1,"2015/12/17 08:15:00",CATHROCK,0,"2015/12/17 08:10:04"
D,METER_DATA,GEN_DUID,1,"2015/12/17 08:15:00",CHALLHWF,5.40,"2015/12/17 08:10:04"
D,METER_DATA,GEN_DUID,1,"2015/12/17 08:15:00",CLOVER,-0.01,"2015/12/17 08:10:04"
D,METER_DATA,GEN_DUID,1,"2015/12/17 08:15:00",CLUNY,13.675530,"2015/12/17 08:10:04"
D,METER_DATA,GEN_DUID,1,"2015/12/17 08:15:00",CNUNDAWF,1.501752,"2015/12/17 08:10:04"
D,METER_DATA,GEN_DUID,1,"2015/12/17 08:15:00",CULLRGWF,2.06,"2015/12/17 08:10:04"
D,METER_DATA,GEN_DUID,1,"2015/12/17 08:15:00",ERGT01,0,"2015/12/17 08:10:04"
D,METER_DATA,GEN_DUID,1,"2015/12/17 08:15:00",GB01,0.189735,"2015/12/17 08:10:04"
D,METER_DATA,GEN_DUID,1,"2015/12/17 08:15:00",GERMCRK,32.700001,"2015/12/17 08:10:04"
D,METER_DATA,GEN_DUID,1,"2015/12/17 08:15:00",INVICTA,0,"2015/12/17 08:10:04"
D,METER_DATA,GEN_DUID,1,"2015/12/17 08:15:00",LKBONNY1,1.339640,"2015/12/17 08:10:04"
D,METER_DATA,GEN_DUID,1,"2015/12/17 08:15:00",MBAHNTH,1.893751,"2015/12/17 08:10:04"
D,METER_DATA,GEN_DUID,1,"2015/12/17 08:15:00",MLWF1,0.0150,"2015/12/17 08:10:04"
D,METER_DATA,GEN_DUID,1,"2015/12/17 08:15:00",MTMILLAR,1.808239,"2015/12/17 08:10:04"
D,METER_DATA,GEN_DUID,1,"2015/12/17 08:15:00",PALOONA,7.87,"2015/12/17 08:10:04"
D,METER_DATA,GEN_DUID,1,"2015/12/17 08:15:00",PIONEER,-0.40,"2015/12/17 08:10:04"
D,METER_DATA,GEN_DUID,1,"2015/12/17 08:15:00",PORTWF,5.60,"2015/12/17 08:10:04"
D,METER_DATA,GEN_DUID,1,"2015/12/17 08:15:00",REPULSE,23.456705,"2015/12/17 08:10:04"
D,METER_DATA,GEN_DUID,1,"2015/12/17 08:15:00",ROWALLAN,0,"2015/12/17 08:10:04"
D,METER_DATA,GEN_DUID,1,"2015/12/17 08:15:00",RPCG,9,"2015/12/17 08:10:04"
D,METER_DATA,GEN_DUID,1,"2015/12/17 08:15:00",RUBICON,0,"2015/12/17 08:10:04"
D,METER_DATA,GEN_DUID,1,"2015/12/17 08:15:00",STARHLWF,8.097639,"2015/12/17 08:10:04"
D,METER_DATA,GEN_DUID,1,"2015/12/17 08:15:00",WAUBRAWF,144.824005,"2015/12/17 08:10:04"
D,METER_DATA,GEN_DUID,1,"2015/12/17 08:15:00",WOOLNTH1,88.660019,"2015/12/17 08:10:04"
D,METER_DATA,GEN_DUID,1,"2015/12/17 08:15:00",WPWF,8,"2015/12/17 08:10:04"
D,METER_DATA,GEN_DUID,1,"2015/12/17 08:15:00",YAMBUKWF,0,"2015/12/17 08:10:04"
D,METER_DATA,GEN_DUID,1,"2015/12/17 08:20:00",ANGAS1,0,"2015/12/17 08:15:04"
D,METER_DATA,GEN_DUID,1,"2015/12/17 08:20:00",ANGAS2,0,"2015/12/17 08:15:04"
D,METER_DATA,GEN_DUID,1,"2015/12/17 08:20:00",BUTLERSG,-0.000002,"2015/12/17 08:15:04"
D,METER_DATA,GEN_DUID,1,"2015/12/17 08:20:00",CALL_A_4,0,"2015/12/17 08:15:04"
D,METER_DATA,GEN_DUID,1,"2015/12/17 08:20:00",CAPTL_WF,0,"2015/12/17 08:15:04"
D,METER_DATA,GEN_DUID,1,"2015/12/17 08:20:00",CATHROCK,0,"2015/12/17 08:15:04"
D,METER_DATA,GEN_DUID,1,"2015/12/17 08:20:00",CHALLHWF,5.90,"2015/12/17 08:15:04"
D,METER_DATA,GEN_DUID,1,"2015/12/17 08:20:00",CLOVER,-0.01,"2015/12/17 08:15:04"
D,METER_DATA,GEN_DUID,1,"2015/12/17 08:20:00",CLUNY,14.7187,"2015/12/17 08:15:04"
D,METER_DATA,GEN_DUID,1,"2015/12/17 08:20:00",CNUNDAWF,1.501752,"2015/12/17 08:15:04"
D,METER_DATA,GEN_DUID,1,"2015/12/17 08:20:00",CULLRGWF,2.30,"2015/12/17 08:15:04"
D,METER_DATA,GEN_DUID,1,"2015/12/17 08:20:00",ERGT01,0,"2015/12/17 08:15:04"
D,METER_DATA,GEN_DUID,1,"2015/12/17 08:20:00",GB01,0.189735,"2015/12/17 08:15:04"
D,METER_DATA,GEN_DUID,1,"2015/12/17 08:20:00",GERMCRK,33,"2015/12/17 08:15:04"
D,METER_DATA,GEN_DUID,1,"2015/12/17 08:20:00",INVICTA,0,"2015/12/17 08:15:04"
D,METER_DATA,GEN_DUID,1,"2015/12/17 08:20:00",LKBONNY1,1.250331,"2015/12/17 08:15:04"
D,METER_DATA,GEN_DUID,1,"2015/12/17 08:20:00",MBAHNTH,1.893751,"2015/12/17 08:15:04"
D,METER_DATA,GEN_DUID,1,"2015/12/17 08:20:00",MLWF1,0.0150,"2015/12/17 08:15:04"
D,METER_DATA,GEN_DUID,1,"2015/12/17 08:20:00",MTMILLAR,2.463074,"2015/12/17 08:15:04"
D,METER_DATA,GEN_DUID,1,"2015/12/17 08:20:00",PALOONA,7.94,"2015/12/17 08:15:04"
D,METER_DATA,GEN_DUID,1,"2015/12/17 08:20:00",PIONEER,-0.40,"2015/12/17 08:15:04"
D,METER_DATA,GEN_DUID,1,"2015/12/17 08:20:00",PORTWF,5.90,"2015/12/17 08:15:04"
D,METER_DATA,GEN_DUID,1,"2015/12/17 08:20:00",REPULSE,23.647255,"2015/12/17 08:15:04"
D,METER_DATA,GEN_DUID,1,"2015/12/17 08:20:00",ROWALLAN,0,"2015/12/17 08:15:04"
D,METER_DATA,GEN_DUID,1,"2015/12/17 08:20:00",RPCG,10.10,"2015/12/17 08:15:04"
D,METER_DATA,GEN_DUID,1,"2015/12/17 08:20:00",RUBICON,0,"2015/12/17 08:15:04"
D,METER_DATA,GEN_DUID,1,"2015/12/17 08:20:00",STARHLWF,8.597493,"2015/12/17 08:15:04"
D,METER_DATA,GEN_DUID,1,"2015/12/17 08:20:00",WAUBRAWF,141.462997,"2015/12/17 08:15:04"
D,METER_DATA,GEN_DUID,1,"2015/12/17 08:20:00",WOOLNTH1,90.360016,"2015/12/17 08:15:04"
D,METER_DATA,GEN_DUID,1,"2015/12/17 08:20:00",WPWF,10,"2015/12/17 08:15:04"
D,METER_DATA,GEN_DUID,1,"2015/12/17 08:20:00",YAMBUKWF,-0.20,"2015/12/17 08:15:04"
D,METER_DATA,GEN_DUID,1,"2015/12/17 08:25:00",ANGAS1,0,"2015/12/17 08:20:04"
D,METER_DATA,GEN_DUID,1,"2015/12/17 08:25:00",ANGAS2,0,"2015/12/17 08:20:04"
D,METER_DATA,GEN_DUID,1,"2015/12/17 08:25:00",BUTLERSG,-0.000002,"2015/12/17 08:20:04"
D,METER_DATA,GEN_DUID,1,"2015/12/17 08:25:00",CALL_A_4,0,"2015/12/17 08:20:04"
D,METER_DATA,GEN_DUID,1,"2015/12/17 08:25:00",CAPTL_WF,0,"2015/12/17 08:20:04"
D,METER_DATA,GEN_DUID,1,"2015/12/17 08:25:00",CATHROCK,0,"2015/12/17 08:20:04"
D,METER_DATA,GEN_DUID,1,"2015/12/17 08:25:00",CHALLHWF,7.80,"2015/12/17 08:20:04"
D,METER_DATA,GEN_DUID,1,"2015/12/17 08:25:00",CLOVER,-0.01,"2015/12/17 08:20:04"
D,METER_DATA,GEN_DUID,1,"2015/12/17 08:25:00",CLUNY,13.947041,"2015/12/17 08:20:04"
D,METER_DATA,GEN_DUID,1,"2015/12/17 08:25:00",CNUNDAWF,1.301518,"2015/12/17 08:20:04"
D,METER_DATA,GEN_DUID,1,"2015/12/17 08:25:00",CULLRGWF,2.78,"2015/12/17 08:20:04"
D,METER_DATA,GEN_DUID,1,"2015/12/17 08:25:00",ERGT01,0,"2015/12/17 08:20:04"
D,METER_DATA,GEN_DUID,1,"2015/12/17 08:25:00",GB01,0.189735,"2015/12/17 08:20:04"
D,METER_DATA,GEN_DUID,1,"2015/12/17 08:25:00",GERMCRK,34.200001,"2015/12/17 08:20:04"
D,METER_DATA,GEN_DUID,1,"2015/12/17 08:25:00",INVICTA,0,"2015/12/17 08:20:04"
D,METER_DATA,GEN_DUID,1,"2015/12/17 08:25:00",LKBONNY1,0.982403,"2015/12/17 08:20:04"
D,METER_DATA,GEN_DUID,1,"2015/12/17 08:25:00",MBAHNTH,1.893751,"2015/12/17 08:20:04"
D,METER_DATA,GEN_DUID,1,"2015/12/17 08:25:00",MLWF1,0.0150,"2015/12/17 08:20:04"
D,METER_DATA,GEN_DUID,1,"2015/12/17 08:25:00",MTMILLAR,2.440750,"2015/12/17 08:20:04"
D,METER_DATA,GEN_DUID,1,"2015/12/17 08:25:00",PALOONA,7.94,"2015/12/17 08:20:04"
D,METER_DATA,GEN_DUID,1,"2015/12/17 08:25:00",PIONEER,-0.40,"2015/12/17 08:20:04"
D,METER_DATA,GEN_DUID,1,"2015/12/17 08:25:00",PORTWF,6.20,"2015/12/17 08:20:04"
D,METER_DATA,GEN_DUID,1,"2015/12/17 08:25:00",REPULSE,24.428509,"2015/12/17 08:20:04"
D,METER_DATA,GEN_DUID,1,"2015/12/17 08:25:00",ROWALLAN,0,"2015/12/17 08:20:04"
D,METER_DATA,GEN_DUID,1,"2015/12/17 08:25:00",RPCG,10.10,"2015/12/17 08:20:04"
D,METER_DATA,GEN_DUID,1,"2015/12/17 08:25:00",RUBICON,0,"2015/12/17 08:20:04"
D,METER_DATA,GEN_DUID,1,"2015/12/17 08:25:00",STARHLWF,8.997376,"2015/12/17 08:20:04"
D,METER_DATA,GEN_DUID,1,"2015/12/17 08:25:00",WAUBRAWF,136.076004,"2015/12/17 08:20:04"
D,METER_DATA,GEN_DUID,1,"2015/12/17 08:25:00",WOOLNTH1,93.210022,"2015/12/17 08:20:04"
D,METER_DATA,GEN_DUID,1,"2015/12/17 08:25:00",WPWF,14,"2015/12/17 08:20:04"
D,METER_DATA,GEN_DUID,1,"2015/12/17 08:25:00",YAMBUKWF,-0.10,"2015/12/17 08:20:04"
D,METER_DATA,GEN_DUID,1,"2015/12/17 08:30:00",ANGAS1,0,"2015/12/17 08:25:04"
D,METER_DATA,GEN_DUID,1,"2015/12/17 08:30:00",ANGAS2,0,"2015/12/17 08:25:04"
D,METER_DATA,GEN_DUID,1,"2015/12/17 08:30:00",BUTLERSG,-0.000002,"2015/12/17 08:25:04"
D,METER_DATA,GEN_DUID,1,"2015/12/17 08:30:00",CALL_A_4,0,"2015/12/17 08:25:04"
D,METER_DATA,GEN_DUID,1,"2015/12/17 08:30:00",CAPTL_WF,0,"2015/12/17 08:25:04"
D,METER_DATA,GEN_DUID,1,"2015/12/17 08:30:00",CATHROCK,0,"2015/12/17 08:25:04"
D,METER_DATA,GEN_DUID,1,"2015/12/17 08:30:00",CHALLHWF,10.20,"2015/12/17 08:25:04"
D,METER_DATA,GEN_DUID,1,"2015/12/17 08:30:00",CLOVER,-0.01,"2015/12/17 08:25:04"
D,METER_DATA,GEN_DUID,1,"2015/12/17 08:30:00",CLUNY,13.689820,"2015/12/17 08:25:04"
D,METER_DATA,GEN_DUID,1,"2015/12/17 08:30:00",CNUNDAWF,0.901051,"2015/12/17 08:25:04"
D,METER_DATA,GEN_DUID,1,"2015/12/17 08:30:00",CULLRGWF,1.24,"2015/12/17 08:25:04"
D,METER_DATA,GEN_DUID,1,"2015/12/17 08:30:00",ERGT01,0,"2015/12/17 08:25:04"
D,METER_DATA,GEN_DUID,1,"2015/12/17 08:30:00",GB01,0.189735,"2015/12/17 08:25:04"
D,METER_DATA,GEN_DUID,1,"2015/12/17 08:30:00",GERMCRK,33.799999,"2015/12/17 08:25:04"
D,METER_DATA,GEN_DUID,1,"2015/12/17 08:30:00",INVICTA,0,"2015/12/17 08:25:04"
D,METER_DATA,GEN_DUID,1,"2015/12/17 08:30:00",LKBONNY1,0.714475,"2015/12/17 08:25:04"
D,METER_DATA,GEN_DUID,1,"2015/12/17 08:30:00",MBAHNTH,1.893751,"2015/12/17 08:25:04"
D,METER_DATA,GEN_DUID,1,"2015/12/17 08:30:00",MLWF1,0.0150,"2015/12/17 08:25:04"
D,METER_DATA,GEN_DUID,1,"2015/12/17 08:30:00",MTMILLAR,2.574694,"2015/12/17 08:25:04"
D,METER_DATA,GEN_DUID,1,"2015/12/17 08:30:00",PALOONA,7.92,"2015/12/17 08:25:04"
D,METER_DATA,GEN_DUID,1,"2015/12/17 08:30:00",PIONEER,-0.40,"2015/12/17 08:25:04"
D,METER_DATA,GEN_DUID,1,"2015/12/17 08:30:00",PORTWF,4.70,"2015/12/17 08:25:04"
D,METER_DATA,GEN_DUID,1,"2015/12/17 08:30:00",REPULSE,24.104574,"2015/12/17 08:25:04"
D,METER_DATA,GEN_DUID,1,"2015/12/17 08:30:00",ROWALLAN,0,"2015/12/17 08:25:04"
D,METER_DATA,GEN_DUID,1,"2015/12/17 08:30:00",RPCG,10.10,"2015/12/17 08:25:04"
D,METER_DATA,GEN_DUID,1,"2015/12/17 08:30:00",RUBICON,0,"2015/12/17 08:25:04"
D,METER_DATA,GEN_DUID,1,"2015/12/17 08:30:00",STARHLWF,8.297581,"2015/12/17 08:25:04"
D,METER_DATA,GEN_DUID,1,"2015/12/17 08:30:00",WAUBRAWF,130.113007,"2015/12/17 08:25:04"
D,METER_DATA,GEN_DUID,1,"2015/12/17 08:30:00",WOOLNTH1,92.990021,"2015/12/17 08:25:04"
D,METER_DATA,GEN_DUID,1,"2015/12/17 08:30:00",WPWF,13,"2015/12/17 08:25:04"
D,METER_DATA,GEN_DUID,1,"2015/12/17 08:30:00",YAMBUKWF,0,"2015/12/17 08:25:04"
D,METER_DATA,GEN_DUID,1,"2015/12/17 08:35:00",ANGAS1,0,"2015/12/17 08:30:05"
D,METER_DATA,GEN_DUID,1,"2015/12/17 08:35:00",ANGAS2,0,"2015/12/17 08:30:05"
D,METER_DATA,GEN_DUID,1,"2015/12/17 08:35:00",BUTLERSG,-0.000002,"2015/12/17 08:30:05"
D,METER_DATA,GEN_DUID,1,"2015/12/17 08:35:00",CALL_A_4,0,"2015/12/17 08:30:05"
D,METER_DATA,GEN_DUID,1,"2015/12/17 08:35:00",CAPTL_WF,0,"2015/12/17 08:30:05"
D,METER_DATA,GEN_DUID,1,"2015/12/17 08:35:00",CATHROCK,0,"2015/12/17 08:30:05"
D,METER_DATA,GEN_DUID,1,"2015/12/17 08:35:00",CHALLHWF,9.60,"2015/12/17 08:30:05"
D,METER_DATA,GEN_DUID,1,"2015/12/17 08:35:00",CLOVER,-0.01,"2015/12/17 08:30:05"
D,METER_DATA,GEN_DUID,1,"2015/12/17 08:35:00",CLUNY,13.389730,"2015/12/17 08:30:05"
D,METER_DATA,GEN_DUID,1,"2015/12/17 08:35:00",CNUNDAWF,0.901051,"2015/12/17 08:30:05"
D,METER_DATA,GEN_DUID,1,"2015/12/17 08:35:00",CULLRGWF,1.23,"2015/12/17 08:30:05"
D,METER_DATA,GEN_DUID,1,"2015/12/17 08:35:00",ERGT01,0,"2015/12/17 08:30:05"
D,METER_DATA,GEN_DUID,1,"2015/12/17 08:35:00",GB01,0.189735,"2015/12/17 08:30:05"
D,METER_DATA,GEN_DUID,1,"2015/12/17 08:35:00",GERMCRK,34,"2015/12/17 08:30:05"
D,METER_DATA,GEN_DUID,1,"2015/12/17 08:35:00",INVICTA,0,"2015/12/17 08:30:05"
D,METER_DATA,GEN_DUID,1,"2015/12/17 08:35:00",LKBONNY1,0.535856,"2015/12/17 08:30:05"
D,METER_DATA,GEN_DUID,1,"2015/12/17 08:35:00",MBAHNTH,1.893751,"2015/12/17 08:30:05"
D,METER_DATA,GEN_DUID,1,"2015/12/17 08:35:00",MLWF1,0.0150,"2015/12/17 08:30:05"
D,METER_DATA,GEN_DUID,1,"2015/12/17 08:35:00",MTMILLAR,2.314248,"2015/12/17 08:30:05"
D,METER_DATA,GEN_DUID,1,"2015/12/17 08:35:00",PALOONA,7.92,"2015/12/17 08:30:05"
D,METER_DATA,GEN_DUID,1,"2015/12/17 08:35:00",PIONEER,-0.40,"2015/12/17 08:30:05"
D,METER_DATA,GEN_DUID,1,"2015/12/17 08:35:00",PORTWF,5,"2015/12/17 08:30:05"
D,METER_DATA,GEN_DUID,1,"2015/12/17 08:35:00",REPULSE,23.304264,"2015/12/17 08:30:05"
D,METER_DATA,GEN_DUID,1,"2015/12/17 08:35:00",ROWALLAN,0,"2015/12/17 08:30:05"
D,METER_DATA,GEN_DUID,1,"2015/12/17 08:35:00",RPCG,10.10,"2015/12/17 08:30:05"
D,METER_DATA,GEN_DUID,1,"2015/12/17 08:35:00",RUBICON,0,"2015/12/17 08:30:05"
D,METER_DATA,GEN_DUID,1,"2015/12/17 08:35:00",STARHLWF,7.997668,"2015/12/17 08:30:05"
D,METER_DATA,GEN_DUID,1,"2015/12/17 08:35:00",WAUBRAWF,126.6940,"2015/12/17 08:30:05"
D,METER_DATA,GEN_DUID,1,"2015/12/17 08:35:00",WOOLNTH1,96.480019,"2015/12/17 08:30:05"
D,METER_DATA,GEN_DUID,1,"2015/12/17 08:35:00",WPWF,15,"2015/12/17 08:30:05"
D,METER_DATA,GEN_DUID,1,"2015/12/17 08:35:00",YAMBUKWF,0,"2015/12/17 08:30:05"
D,METER_DATA,GEN_DUID,1,"2015/12/17 08:40:00",ANGAS1,0,"2015/12/17 08:35:05"
D,METER_DATA,GEN_DUID,1,"2015/12/17 08:40:00",ANGAS2,0,"2015/12/17 08:35:05"
D,METER_DATA,GEN_DUID,1,"2015/12/17 08:40:00",BUTLERSG,-0.000002,"2015/12/17 08:35:05"
D,METER_DATA,GEN_DUID,1,"2015/12/17 08:40:00",CALL_A_4,0,"2015/12/17 08:35:05"
D,METER_DATA,GEN_DUID,1,"2015/12/17 08:40:00",CAPTL_WF,0,"2015/12/17 08:35:05"
D,METER_DATA,GEN_DUID,1,"2015/12/17 08:40:00",CATHROCK,0,"2015/12/17 08:35:05"
D,METER_DATA,GEN_DUID,1,"2015/12/17 08:40:00",CHALLHWF,9.90,"2015/12/17 08:35:05"
D,METER_DATA,GEN_DUID,1,"2015/12/17 08:40:00",CLOVER,-0.01,"2015/12/17 08:35:05"
D,METER_DATA,GEN_DUID,1,"2015/12/17 08:40:00",CLUNY,14.347160,"2015/12/17 08:35:05"
D,METER_DATA,GEN_DUID,1,"2015/12/17 08:40:00",CNUNDAWF,0.901051,"2015/12/17 08:35:05"
D,METER_DATA,GEN_DUID,1,"2015/12/17 08:40:00",CULLRGWF,1.81,"2015/12/17 08:35:05"
D,METER_DATA,GEN_DUID,1,"2015/12/17 08:40:00",ERGT01,0,"2015/12/17 08:35:05"
D,METER_DATA,GEN_DUID,1,"2015/12/17 08:40:00",GB01,0.188282,"2015/12/17 08:35:05"
D,METER_DATA,GEN_DUID,1,"2015/12/17 08:40:00",GERMCRK,33.099998,"2015/12/17 08:35:05"
D,METER_DATA,GEN_DUID,1,"2015/12/17 08:40:00",INVICTA,0,"2015/12/17 08:35:05"
D,METER_DATA,GEN_DUID,1,"2015/12/17 08:40:00",LKBONNY1,0.625166,"2015/12/17 08:35:05"
D,METER_DATA,GEN_DUID,1,"2015/12/17 08:40:00",MBAHNTH,1.893751,"2015/12/17 08:35:05"
D,METER_DATA,GEN_DUID,1,"2015/12/17 08:40:00",MLWF1,0.0150,"2015/12/17 08:35:05"
D,METER_DATA,GEN_DUID,1,"2015/12/17 08:40:00",MTMILLAR,2.277041,"2015/12/17 08:35:05"
D,METER_DATA,GEN_DUID,1,"2015/12/17 08:40:00",PALOONA,7.92,"2015/12/17 08:35:05"
D,METER_DATA,GEN_DUID,1,"2015/12/17 08:40:00",PIONEER,-0.40,"2015/12/17 08:35:05"
D,METER_DATA,GEN_DUID,1,"2015/12/17 08:40:00",PORTWF,4.70,"2015/12/17 08:35:05"
D,METER_DATA,GEN_DUID,1,"2015/12/17 08:40:00",REPULSE,24.180794,"2015/12/17 08:35:05"
D,METER_DATA,GEN_DUID,1,"2015/12/17 08:40:00",ROWALLAN,0,"2015/12/17 08:35:05"
D,METER_DATA,GEN_DUID,1,"2015/12/17 08:40:00",RPCG,10.10,"2015/12/17 08:35:05"
D,METER_DATA,GEN_DUID,1,"2015/12/17 08:40:00",RUBICON,0,"2015/12/17 08:35:05"
D,METER_DATA,GEN_DUID,1,"2015/12/17 08:40:00",STARHLWF,7.597785,"2015/12/17 08:35:05"
D,METER_DATA,GEN_DUID,1,"2015/12/17 08:40:00",WAUBRAWF,119.943001,"2015/12/17 08:35:05"
D,METER_DATA,GEN_DUID,1,"2015/12/17 08:40:00",WOOLNTH1,101.280014,"2015/12/17 08:35:05"
D,METER_DATA,GEN_DUID,1,"2015/12/17 08:40:00",WPWF,18,"2015/12/17 08:35:05"
D,METER_DATA,GEN_DUID,1,"2015/12/17 08:40:00",YAMBUKWF,-0.10,"2015/12/17 08:35:05"
D,METER_DATA,GEN_DUID,1,"2015/12/17 08:45:00",ANGAS1,0,"2015/12/17 08:40:05"
D,METER_DATA,GEN_DUID,1,"2015/12/17 08:45:00",ANGAS2,0,"2015/12/17 08:40:05"
D,METER_DATA,GEN_DUID,1,"2015/12/17 08:45:00",BUTLERSG,-0.000002,"2015/12/17 08:40:05"
D,METER_DATA,GEN_DUID,1,"2015/12/17 08:45:00",CALL_A_4,0,"2015/12/17 08:40:05"
D,METER_DATA,GEN_DUID,1,"2015/12/17 08:45:00",CAPTL_WF,0,"2015/12/17 08:40:05"
D,METER_DATA,GEN_DUID,1,"2015/12/17 08:45:00",CATHROCK,0,"2015/12/17 08:40:05"
D,METER_DATA,GEN_DUID,1,"2015/12/17 08:45:00",CHALLHWF,12.40,"2015/12/17 08:40:05"
D,METER_DATA,GEN_DUID,1,"2015/12/17 08:45:00",CLOVER,-0.02,"2015/12/17 08:40:05"
D,METER_DATA,GEN_DUID,1,"2015/12/17 08:45:00",CLUNY,13.7184,"2015/12/17 08:40:05"
D,METER_DATA,GEN_DUID,1,"2015/12/17 08:45:00",CNUNDAWF,1.301518,"2015/12/17 08:40:05"
D,METER_DATA,GEN_DUID,1,"2015/12/17 08:45:00",CULLRGWF,1.78,"2015/12/17 08:40:05"
D,METER_DATA,GEN_DUID,1,"2015/12/17 08:45:00",ERGT01,0,"2015/12/17 08:40:05"
D,METER_DATA,GEN_DUID,1,"2015/12/17 08:45:00",GB01,0.188282,"2015/12/17 08:40:05"
D,METER_DATA,GEN_DUID,1,"2015/12/17 08:45:00",GERMCRK,33.200001,"2015/12/17 08:40:05"
D,METER_DATA,GEN_DUID,1,"2015/12/17 08:45:00",INVICTA,0,"2015/12/17 08:40:05"
D,METER_DATA,GEN_DUID,1,"2015/12/17 08:45:00",LKBONNY1,0.267928,"2015/12/17 08:40:05"
D,METER_DATA,GEN_DUID,1,"2015/12/17 08:45:00",MBAHNTH,1.893751,"2015/12/17 08:40:05"
D,METER_DATA,GEN_DUID,1,"2015/12/17 08:45:00",MLWF1,0.0150,"2015/12/17 08:40:05"
D,METER_DATA,GEN_DUID,1,"2015/12/17 08:45:00",MTMILLAR,2.143098,"2015/12/17 08:40:05"
D,METER_DATA,GEN_DUID,1,"2015/12/17 08:45:00",PALOONA,7.89,"2015/12/17 08:40:05"
D,METER_DATA,GEN_DUID,1,"2015/12/17 08:45:00",PIONEER,-0.40,"2015/12/17 08:40:05"
D,METER_DATA,GEN_DUID,1,"2015/12/17 08:45:00",PORTWF,5,"2015/12/17 08:40:05"
D,METER_DATA,GEN_DUID,1,"2015/12/17 08:45:00",REPULSE,23.894970,"2015/12/17 08:40:05"
D,METER_DATA,GEN_DUID,1,"2015/12/17 08:45:00",ROWALLAN,0,"2015/12/17 08:40:05"
D,METER_DATA,GEN_DUID,1,"2015/12/17 08:45:00",RPCG,10.10,"2015/12/17 08:40:05"
D,METER_DATA,GEN_DUID,1,"2015/12/17 08:45:00",RUBICON,0,"2015/12/17 08:40:05"
D,METER_DATA,GEN_DUID,1,"2015/12/17 08:45:00",STARHLWF,10.197026,"2015/12/17 08:40:05"
D,METER_DATA,GEN_DUID,1,"2015/12/17 08:45:00",WAUBRAWF,112.408997,"2015/12/17 08:40:05"
D,METER_DATA,GEN_DUID,1,"2015/12/17 08:45:00",WOOLNTH1,100.130020,"2015/12/17 08:40:05"
D,METER_DATA,GEN_DUID,1,"2015/12/17 08:45:00",WPWF,19,"2015/12/17 08:40:05"
D,METER_DATA,GEN_DUID,1,"2015/12/17 08:45:00",YAMBUKWF,-0.20,"2015/12/17 08:40:05"
D,METER_DATA,GEN_DUID,1,"2015/12/17 08:50:00",ANGAS1,0,"2015/12/17 08:45:05"
D,METER_DATA,GEN_DUID,1,"2015/12/17 08:50:00",ANGAS2,0,"2015/12/17 08:45:05"
D,METER_DATA,GEN_DUID,1,"2015/12/17 08:50:00",BUTLERSG,-0.000002,"2015/12/17 08:45:05"
D,METER_DATA,GEN_DUID,1,"2015/12/17 08:50:00",CALL_A_4,0,"2015/12/17 08:45:05"
D,METER_DATA,GEN_DUID,1,"2015/12/17 08:50:00",CAPTL_WF,0,"2015/12/17 08:45:05"
D,METER_DATA,GEN_DUID,1,"2015/12/17 08:50:00",CATHROCK,0,"2015/12/17 08:45:05"
D,METER_DATA,GEN_DUID,1,"2015/12/17 08:50:00",CHALLHWF,14.90,"2015/12/17 08:45:05"
D,METER_DATA,GEN_DUID,1,"2015/12/17 08:50:00",CLOVER,-0.01,"2015/12/17 08:45:05"
D,METER_DATA,GEN_DUID,1,"2015/12/17 08:50:00",CLUNY,14.418611,"2015/12/17 08:45:05"
D,METER_DATA,GEN_DUID,1,"2015/12/17 08:50:00",CNUNDAWF,1.301518,"2015/12/17 08:45:05"
D,METER_DATA,GEN_DUID,1,"2015/12/17 08:50:00",CULLRGWF,1.43,"2015/12/17 08:45:05"
D,METER_DATA,GEN_DUID,1,"2015/12/17 08:50:00",ERGT01,0,"2015/12/17 08:45:05"
D,METER_DATA,GEN_DUID,1,"2015/12/17 08:50:00",GB01,0.188282,"2015/12/17 08:45:05"
D,METER_DATA,GEN_DUID,1,"2015/12/17 08:50:00",GERMCRK,34.400002,"2015/12/17 08:45:05"
D,METER_DATA,GEN_DUID,1,"2015/12/17 08:50:00",INVICTA,0,"2015/12/17 08:45:05"
D,METER_DATA,GEN_DUID,1,"2015/12/17 08:50:00",LKBONNY1,0.267928,"2015/12/17 08:45:05"
D,METER_DATA,GEN_DUID,1,"2015/12/17 08:50:00",MBAHNTH,1.893751,"2015/12/17 08:45:05"
D,METER_DATA,GEN_DUID,1,"2015/12/17 08:50:00",MLWF1,0.0150,"2015/12/17 08:45:05"
D,METER_DATA,GEN_DUID,1,"2015/12/17 08:50:00",MTMILLAR,2.433309,"2015/12/17 08:45:05"
D,METER_DATA,GEN_DUID,1,"2015/12/17 08:50:00",PALOONA,7.89,"2015/12/17 08:45:05"
D,METER_DATA,GEN_DUID,1,"2015/12/17 08:50:00",PIONEER,-0.40,"2015/12/17 08:45:05"
D,METER_DATA,GEN_DUID,1,"2015/12/17 08:50:00",PORTWF,6.20,"2015/12/17 08:45:05"
D,METER_DATA,GEN_DUID,1,"2015/12/17 08:50:00",REPULSE,23.590090,"2015/12/17 08:45:05"
D,METER_DATA,GEN_DUID,1,"2015/12/17 08:50:00",ROWALLAN,0,"2015/12/17 08:45:05"
D,METER_DATA,GEN_DUID,1,"2015/12/17 08:50:00",RPCG,10.10,"2015/12/17 08:45:05"
D,METER_DATA,GEN_DUID,1,"2015/12/17 08:50:00",RUBICON,0,"2015/12/17 08:45:05"
D,METER_DATA,GEN_DUID,1,"2015/12/17 08:50:00",STARHLWF,8.697464,"2015/12/17 08:45:05"
D,METER_DATA,GEN_DUID,1,"2015/12/17 08:50:00",WAUBRAWF,102.719002,"2015/12/17 08:45:05"
D,METER_DATA,GEN_DUID,1,"2015/12/17 08:50:00",WOOLNTH1,95.340019,"2015/12/17 08:45:05"
D,METER_DATA,GEN_DUID,1,"2015/12/17 08:50:00",WPWF,22,"2015/12/17 08:45:05"
D,METER_DATA,GEN_DUID,1,"2015/12/17 08:50:00",YAMBUKWF,-0.20,"2015/12/17 08:45:05"
D,METER_DATA,GEN_DUID,1,"2015/12/17 08:55:00",ANGAS1,0,"2015/12/17 08:50:04"
D,METER_DATA,GEN_DUID,1,"2015/12/17 08:55:00",ANGAS2,0,"2015/12/17 08:50:04"
D,METER_DATA,GEN_DUID,1,"2015/12/17 08:55:00",BUTLERSG,-0.000002,"2015/12/17 08:50:04"
D,METER_DATA,GEN_DUID,1,"2015/12/17 08:55:00",CALL_A_4,0,"2015/12/17 08:50:04"
D,METER_DATA,GEN_DUID,1,"2015/12/17 08:55:00",CAPTL_WF,0,"2015/12/17 08:50:04"
D,METER_DATA,GEN_DUID,1,"2015/12/17 08:55:00",CATHROCK,0,"2015/12/17 08:50:04"
D,METER_DATA,GEN_DUID,1,"2015/12/17 08:55:00",CHALLHWF,16.200001,"2015/12/17 08:50:04"
D,METER_DATA,GEN_DUID,1,"2015/12/17 08:55:00",CLOVER,0,"2015/12/17 08:50:04"
D,METER_DATA,GEN_DUID,1,"2015/12/17 08:55:00",CLUNY,13.975620,"2015/12/17 08:50:04"
D,METER_DATA,GEN_DUID,1,"2015/12/17 08:55:00",CNUNDAWF,0.901051,"2015/12/17 08:50:04"
D,METER_DATA,GEN_DUID,1,"2015/12/17 08:55:00",CULLRGWF,2.77,"2015/12/17 08:50:04"
D,METER_DATA,GEN_DUID,1,"2015/12/17 08:55:00",ERGT01,0,"2015/12/17 08:50:04"
D,METER_DATA,GEN_DUID,1,"2015/12/17 08:55:00",GB01,0.188282,"2015/12/17 08:50:04"
D,METER_DATA,GEN_DUID,1,"2015/12/17 08:55:00",GERMCRK,33.200001,"2015/12/17 08:50:04"
D,METER_DATA,GEN_DUID,1,"2015/12/17 08:55:00",INVICTA,0,"2015/12/17 08:50:04"
D,METER_DATA,GEN_DUID,1,"2015/12/17 08:55:00",LKBONNY1,0.267928,"2015/12/17 08:50:04"
D,METER_DATA,GEN_DUID,1,"2015/12/17 08:55:00",MBAHNTH,1.893751,"2015/12/17 08:50:04"
D,METER_DATA,GEN_DUID,1,"2015/12/17 08:55:00",MLWF1,0.1050,"2015/12/17 08:50:04"
D,METER_DATA,GEN_DUID,1,"2015/12/17 08:55:00",MTMILLAR,2.314248,"2015/12/17 08:50:04"
D,METER_DATA,GEN_DUID,1,"2015/12/17 08:55:00",PALOONA,7.89,"2015/12/17 08:50:04"
D,METER_DATA,GEN_DUID,1,"2015/12/17 08:55:00",PIONEER,-0.40,"2015/12/17 08:50:04"
D,METER_DATA,GEN_DUID,1,"2015/12/17 08:55:00",PORTWF,6.60,"2015/12/17 08:50:04"
D,METER_DATA,GEN_DUID,1,"2015/12/17 08:55:00",REPULSE,24.066465,"2015/12/17 08:50:04"
D,METER_DATA,GEN_DUID,1,"2015/12/17 08:55:00",ROWALLAN,0,"2015/12/17 08:50:04"
D,METER_DATA,GEN_DUID,1,"2015/12/17 08:55:00",RPCG,10.10,"2015/12/17 08:50:04"
D,METER_DATA,GEN_DUID,1,"2015/12/17 08:55:00",RUBICON,0,"2015/12/17 08:50:04"
D,METER_DATA,GEN_DUID,1,"2015/12/17 08:55:00",STARHLWF,10.596910,"2015/12/17 08:50:04"
D,METER_DATA,GEN_DUID,1,"2015/12/17 08:55:00",WAUBRAWF,100.487999,"2015/12/17 08:50:04"
D,METER_DATA,GEN_DUID,1,"2015/12/17 08:55:00",WOOLNTH1,89.430023,"2015/12/17 08:50:04"
D,METER_DATA,GEN_DUID,1,"2015/12/17 08:55:00",WPWF,21,"2015/12/17 08:50:04"
D,METER_DATA,GEN_DUID,1,"2015/12/17 08:55:00",YAMBUKWF,-0.20,"2015/12/17 08:50:04"
D,METER_DATA,GEN_DUID,1,"2015/12/17 09:00:00",ANGAS1,0,"2015/12/17 08:55:04"
D,METER_DATA,GEN_DUID,1,"2015/12/17 09:00:00",ANGAS2,0,"2015/12/17 08:55:04"
D,METER_DATA,GEN_DUID,1,"2015/12/17 09:00:00",BUTLERSG,-0.000002,"2015/12/17 08:55:04"
D,METER_DATA,GEN_DUID,1,"2015/12/17 09:00:00",CALL_A_4,0,"2015/12/17 08:55:04"
D,METER_DATA,GEN_DUID,1,"2015/12/17 09:00:00",CAPTL_WF,0,"2015/12/17 08:55:04"
D,METER_DATA,GEN_DUID,1,"2015/12/17 09:00:00",CATHROCK,0,"2015/12/17 08:55:04"
D,METER_DATA,GEN_DUID,1,"2015/12/17 09:00:00",CHALLHWF,15.80,"2015/12/17 08:55:04"
D,METER_DATA,GEN_DUID,1,"2015/12/17 09:00:00",CLOVER,-0.01,"2015/12/17 08:55:04"
D,METER_DATA,GEN_DUID,1,"2015/12/17 09:00:00",CLUNY,13.489760,"2015/12/17 08:55:04"
D,METER_DATA,GEN_DUID,1,"2015/12/17 09:00:00",CNUNDAWF,0.901051,"2015/12/17 08:55:04"
D,METER_DATA,GEN_DUID,1,"2015/12/17 09:00:00",CULLRGWF,1.09,"2015/12/17 08:55:04"
D,METER_DATA,GEN_DUID,1,"2015/12/17 09:00:00",ERGT01,0,"2015/12/17 08:55:04"
D,METER_DATA,GEN_DUID,1,"2015/12/17 09:00:00",GB01,0.188282,"2015/12/17 08:55:04"
D,METER_DATA,GEN_DUID,1,"2015/12/17 09:00:00",GERMCRK,33.299999,"2015/12/17 08:55:04"
D,METER_DATA,GEN_DUID,1,"2015/12/17 09:00:00",INVICTA,0,"2015/12/17 08:55:04"
D,METER_DATA,GEN_DUID,1,"2015/12/17 09:00:00",LKBONNY1,0.178619,"2015/12/17 08:55:04"
D,METER_DATA,GEN_DUID,1,"2015/12/17 09:00:00",MBAHNTH,1.893751,"2015/12/17 08:55:04"
D,METER_DATA,GEN_DUID,1,"2015/12/17 09:00:00",MLWF1,0.81,"2015/12/17 08:55:04"
D,METER_DATA,GEN_DUID,1,"2015/12/17 09:00:00",MTMILLAR,2.135656,"2015/12/17 08:55:04"
D,METER_DATA,GEN_DUID,1,"2015/12/17 09:00:00",PALOONA,7.89,"2015/12/17 08:55:04"
D,METER_DATA,GEN_DUID,1,"2015/12/17 09:00:00",PIONEER,-0.40,"2015/12/17 08:55:04"
D,METER_DATA,GEN_DUID,1,"2015/12/17 09:00:00",PORTWF,7.20,"2015/12/17 08:55:04"
D,METER_DATA,GEN_DUID,1,"2015/12/17 09:00:00",REPULSE,23.456705,"2015/12/17 08:55:04"
D,METER_DATA,GEN_DUID,1,"2015/12/17 09:00:00",ROWALLAN,0,"2015/12/17 08:55:04"
D,METER_DATA,GEN_DUID,1,"2015/12/17 09:00:00",RPCG,10.20,"2015/12/17 08:55:04"
D,METER_DATA,GEN_DUID,1,"2015/12/17 09:00:00",RUBICON,0,"2015/12/17 08:55:04"
D,METER_DATA,GEN_DUID,1,"2015/12/17 09:00:00",STARHLWF,10.596910,"2015/12/17 08:55:04"
D,METER_DATA,GEN_DUID,1,"2015/12/17 09:00:00",WAUBRAWF,98.682999,"2015/12/17 08:55:04"
D,METER_DATA,GEN_DUID,1,"2015/12/17 09:00:00",WOOLNTH1,101.590012,"2015/12/17 08:55:04"
D,METER_DATA,GEN_DUID,1,"2015/12/17 09:00:00",WPWF,20,"2015/12/17 08:55:04"
D,METER_DATA,GEN_DUID,1,"2015/12/17 09:00:00",YAMBUKWF,-0.20,"2015/12/17 08:55:04"
D,METER_DATA,GEN_DUID,1,"2015/12/17 09:05:00",ANGAS1,0,"2015/12/17 09:00:04"
D,METER_DATA,GEN_DUID,1,"2015/12/17 09:05:00",ANGAS2,0,"2015/12/17 09:00:04"
D,METER_DATA,GEN_DUID,1,"2015/12/17 09:05:00",BUTLERSG,-0.000002,"2015/12/17 09:00:04"
D,METER_DATA,GEN_DUID,1,"2015/12/17 09:05:00",CALL_A_4,0,"2015/12/17 09:00:04"
D,METER_DATA,GEN_DUID,1,"2015/12/17 09:05:00",CAPTL_WF,0,"2015/12/17 09:00:04"
D,METER_DATA,GEN_DUID,1,"2015/12/17 09:05:00",CATHROCK,0,"2015/12/17 09:00:04"
D,METER_DATA,GEN_DUID,1,"2015/12/17 09:05:00",CHALLHWF,14.10,"2015/12/17 09:00:04"
D,METER_DATA,GEN_DUID,1,"2015/12/17 09:05:00",CLOVER,0,"2015/12/17 09:00:04"
D,METER_DATA,GEN_DUID,1,"2015/12/17 09:05:00",CLUNY,14.418611,"2015/12/17 09:00:04"
D,METER_DATA,GEN_DUID,1,"2015/12/17 09:05:00",CNUNDAWF,0.901051,"2015/12/17 09:00:04"
D,METER_DATA,GEN_DUID,1,"2015/12/17 09:05:00",CULLRGWF,1.48,"2015/12/17 09:00:04"
D,METER_DATA,GEN_DUID,1,"2015/12/17 09:05:00",ERGT01,0,"2015/12/17 09:00:04"
D,METER_DATA,GEN_DUID,1,"2015/12/17 09:05:00",GB01,0.188282,"2015/12/17 09:00:04"
D,METER_DATA,GEN_DUID,1,"2015/12/17 09:05:00",GERMCRK,33.299999,"2015/12/17 09:00:04"
D,METER_DATA,GEN_DUID,1,"2015/12/17 09:05:00",INVICTA,0,"2015/12/17 09:00:04"
D,METER_DATA,GEN_DUID,1,"2015/12/17 09:05:00",LKBONNY1,0.267928,"2015/12/17 09:00:04"
D,METER_DATA,GEN_DUID,1,"2015/12/17 09:05:00",MBAHNTH,1.893751,"2015/12/17 09:00:04"
D,METER_DATA,GEN_DUID,1,"2015/12/17 09:05:00",MLWF1,1.9950,"2015/12/17 09:00:04"
D,METER_DATA,GEN_DUID,1,"2015/12/17 09:05:00",MTMILLAR,2.202628,"2015/12/17 09:00:04"
D,METER_DATA,GEN_DUID,1,"2015/12/17 09:05:00",PALOONA,7.89,"2015/12/17 09:00:04"
D,METER_DATA,GEN_DUID,1,"2015/12/17 09:05:00",PIONEER,-0.40,"2015/12/17 09:00:04"
D,METER_DATA,GEN_DUID,1,"2015/12/17 09:05:00",PORTWF,8.40,"2015/12/17 09:00:04"
D,METER_DATA,GEN_DUID,1,"2015/12/17 09:05:00",REPULSE,24.123629,"2015/12/17 09:00:04"
D,METER_DATA,GEN_DUID,1,"2015/12/17 09:05:00",ROWALLAN,0,"2015/12/17 09:00:04"
D,METER_DATA,GEN_DUID,1,"2015/12/17 09:05:00",RPCG,10.20,"2015/12/17 09:00:04"
D,METER_DATA,GEN_DUID,1,"2015/12/17 09:05:00",RUBICON,0,"2015/12/17 09:00:04"
D,METER_DATA,GEN_DUID,1,"2015/12/17 09:05:00",STARHLWF,9.797143,"2015/12/17 09:00:04"
D,METER_DATA,GEN_DUID,1,"2015/12/17 09:05:00",WAUBRAWF,91.053001,"2015/12/17 09:00:04"
D,METER_DATA,GEN_DUID,1,"2015/12/17 09:05:00",WOOLNTH1,98.350021,"2015/12/17 09:00:04"
D,METER_DATA,GEN_DUID,1,"2015/12/17 09:05:00",WPWF,18,"2015/12/17 09:00:04"
D,METER_DATA,GEN_DUID,1,"2015/12/17 09:05:00",YAMBUKWF,-0.20,"2015/12/17 09:00:04"
D,METER_DATA,GEN_DUID,1,"2015/12/17 09:10:00",ANGAS1,0,"2015/12/17 09:05:04"
D,METER_DATA,GEN_DUID,1,"2015/12/17 09:10:00",ANGAS2,0,"2015/12/17 09:05:04"
D,METER_DATA,GEN_DUID,1,"2015/12/17 09:10:00",BUTLERSG,-0.000002,"2015/12/17 09:05:04"
D,METER_DATA,GEN_DUID,1,"2015/12/17 09:10:00",CALL_A_4,0,"2015/12/17 09:05:04"
D,METER_DATA,GEN_DUID,1,"2015/12/17 09:10:00",CAPTL_WF,0,"2015/12/17 09:05:04"
D,METER_DATA,GEN_DUID,1,"2015/12/17 09:10:00",CATHROCK,0,"2015/12/17 09:05:04"
D,METER_DATA,GEN_DUID,1,"2015/12/17 09:10:00",CHALLHWF,13.30,"2015/12/17 09:05:04"
D,METER_DATA,GEN_DUID,1,"2015/12/17 09:10:00",CLOVER,-0.01,"2015/12/17 09:05:04"
D,METER_DATA,GEN_DUID,1,"2015/12/17 09:10:00",CLUNY,13.918460,"2015/12/17 09:05:04"
D,METER_DATA,GEN_DUID,1,"2015/12/17 09:10:00",CNUNDAWF,0.901051,"2015/12/17 09:05:04"
D,METER_DATA,GEN_DUID,1,"2015/12/17 09:10:00",CULLRGWF,2.28,"2015/12/17 09:05:04"
D,METER_DATA,GEN_DUID,1,"2015/12/17 09:10:00",ERGT01,0,"2015/12/17 09:05:04"
D,METER_DATA,GEN_DUID,1,"2015/12/17 09:10:00",GB01,0.188282,"2015/12/17 09:05:04"
D,METER_DATA,GEN_DUID,1,"2015/12/17 09:10:00",GERMCRK,33.50,"2015/12/17 09:05:04"
D,METER_DATA,GEN_DUID,1,"2015/12/17 09:10:00",INVICTA,0,"2015/12/17 09:05:04"
D,METER_DATA,GEN_DUID,1,"2015/12/17 09:10:00",LKBONNY1,0.089309,"2015/12/17 09:05:04"
D,METER_DATA,GEN_DUID,1,"2015/12/17 09:10:00",MBAHNTH,1.893751,"2015/12/17 09:05:04"
D,METER_DATA,GEN_DUID,1,"2015/12/17 09:10:00",MLWF1,2.64,"2015/12/17 09:05:04"
D,METER_DATA,GEN_DUID,1,"2015/12/17 09:10:00",MTMILLAR,2.024037,"2015/12/17 09:05:04"
D,METER_DATA,GEN_DUID,1,"2015/12/17 09:10:00",PALOONA,7.89,"2015/12/17 09:05:04"
D,METER_DATA,GEN_DUID,1,"2015/12/17 09:10:00",PIONEER,-0.40,"2015/12/17 09:05:04"
D,METER_DATA,GEN_DUID,1,"2015/12/17 09:10:00",PORTWF,8.70,"2015/12/17 09:05:04"
D,METER_DATA,GEN_DUID,1,"2015/12/17 09:10:00",REPULSE,24.447565,"2015/12/17 09:05:04"
D,METER_DATA,GEN_DUID,1,"2015/12/17 09:10:00",ROWALLAN,0,"2015/12/17 09:05:04"
D,METER_DATA,GEN_DUID,1,"2015/12/17 09:10:00",RPCG,10.20,"2015/12/17 09:05:04"
D,METER_DATA,GEN_DUID,1,"2015/12/17 09:10:00",RUBICON,0,"2015/12/17 09:05:04"
D,METER_DATA,GEN_DUID,1,"2015/12/17 09:10:00",STARHLWF,9.497231,"2015/12/17 09:05:04"
D,METER_DATA,GEN_DUID,1,"2015/12/17 09:10:00",WAUBRAWF,88.329002,"2015/12/17 09:05:04"
D,METER_DATA,GEN_DUID,1,"2015/12/17 09:10:00",WOOLNTH1,98.510017,"2015/12/17 09:05:04"
D,METER_DATA,GEN_DUID,1,"2015/12/17 09:10:00",WPWF,16,"2015/12/17 09:05:04"
D,METER_DATA,GEN_DUID,1,"2015/12/17 09:10:00",YAMBUKWF,-0.20,"2015/12/17 09:05:04"
D,METER_DATA,GEN_DUID,1,"2015/12/17 09:15:00",ANGAS1,0,"2015/12/17 09:10:05"
D,METER_DATA,GEN_DUID,1,"2015/12/17 09:15:00",ANGAS2,0,"2015/12/17 09:10:05"
D,METER_DATA,GEN_DUID,1,"2015/12/17 09:15:00",BUTLERSG,-0.000002,"2015/12/17 09:10:05"
D,METER_DATA,GEN_DUID,1,"2015/12/17 09:15:00",CALL_A_4,0,"2015/12/17 09:10:05"
D,METER_DATA,GEN_DUID,1,"2015/12/17 09:15:00",CAPTL_WF,0,"2015/12/17 09:10:05"
D,METER_DATA,GEN_DUID,1,"2015/12/17 09:15:00",CATHROCK,0,"2015/12/17 09:10:05"
D,METER_DATA,GEN_DUID,1,"2015/12/17 09:15:00",CHALLHWF,12,"2015/12/17 09:10:05"
D,METER_DATA,GEN_DUID,1,"2015/12/17 09:15:00",CLOVER,-0.02,"2015/12/17 09:10:05"
D,METER_DATA,GEN_DUID,1,"2015/12/17 09:15:00",CLUNY,13.232540,"2015/12/17 09:10:05"
D,METER_DATA,GEN_DUID,1,"2015/12/17 09:15:00",CNUNDAWF,0.500584,"2015/12/17 09:10:05"
D,METER_DATA,GEN_DUID,1,"2015/12/17 09:15:00",CULLRGWF,0.57,"2015/12/17 09:10:05"
D,METER_DATA,GEN_DUID,1,"2015/12/17 09:15:00",ERGT01,0,"2015/12/17 09:10:05"
D,METER_DATA,GEN_DUID,1,"2015/12/17 09:15:00",GB01,0.188282,"2015/12/17 09:10:05"
D,METER_DATA,GEN_DUID,1,"2015/12/17 09:15:00",GERMCRK,33.799999,"2015/12/17 09:10:05"
D,METER_DATA,GEN_DUID,1,"2015/12/17 09:15:00",INVICTA,0,"2015/12/17 09:10:05"
D,METER_DATA,GEN_DUID,1,"2015/12/17 09:15:00",LKBONNY1,0,"2015/12/17 09:10:05"
D,METER_DATA,GEN_DUID,1,"2015/12/17 09:15:00",MBAHNTH,1.893751,"2015/12/17 09:10:05"
D,METER_DATA,GEN_DUID,1,"2015/12/17 09:15:00",MLWF1,2.22,"2015/12/17 09:10:05"
D,METER_DATA,GEN_DUID,1,"2015/12/17 09:15:00",MTMILLAR,1.681736,"2015/12/17 09:10:05"
D,METER_DATA,GEN_DUID,1,"2015/12/17 09:15:00",PALOONA,7.80,"2015/12/17 09:10:05"
D,METER_DATA,GEN_DUID,1,"2015/12/17 09:15:00",PIONEER,-0.40,"2015/12/17 09:10:05"
D,METER_DATA,GEN_DUID,1,"2015/12/17 09:15:00",PORTWF,11.40,"2015/12/17 09:10:05"
D,METER_DATA,GEN_DUID,1,"2015/12/17 09:15:00",REPULSE,23.151825,"2015/12/17 09:10:05"
D,METER_DATA,GEN_DUID,1,"2015/12/17 09:15:00",ROWALLAN,0,"2015/12/17 09:10:05"
D,METER_DATA,GEN_DUID,1,"2015/12/17 09:15:00",RPCG,10.20,"2015/12/17 09:10:05"
D,METER_DATA,GEN_DUID,1,"2015/12/17 09:15:00",RUBICON,0,"2015/12/17 09:10:05"
D,METER_DATA,GEN_DUID,1,"2015/12/17 09:15:00",STARHLWF,11.196735,"2015/12/17 09:10:05"
D,METER_DATA,GEN_DUID,1,"2015/12/17 09:15:00",WAUBRAWF,85.851997,"2015/12/17 09:10:05"
D,METER_DATA,GEN_DUID,1,"2015/12/17 09:15:00",WOOLNTH1,97.880020,"2015/12/17 09:10:05"
D,METER_DATA,GEN_DUID,1,"2015/12/17 09:15:00",WPWF,15,"2015/12/17 09:10:05"
D,METER_DATA,GEN_DUID,1,"2015/12/17 09:15:00",YAMBUKWF,-0.20,"2015/12/17 09:10:05"
D,METER_DATA,GEN_DUID,1,"2015/12/17 09:20:00",ANGAS1,0,"2015/12/17 09:15:04"
D,METER_DATA,GEN_DUID,1,"2015/12/17 09:20:00",ANGAS2,0,"2015/12/17 09:15:04"
D,METER_DATA,GEN_DUID,1,"2015/12/17 09:20:00",BUTLERSG,-0.000002,"2015/12/17 09:15:04"
D,METER_DATA,GEN_DUID,1,"2015/12/17 09:20:00",CALL_A_4,0,"2015/12/17 09:15:04"
D,METER_DATA,GEN_DUID,1,"2015/12/17 09:20:00",CAPTL_WF,0,"2015/12/17 09:15:04"
D,METER_DATA,GEN_DUID,1,"2015/12/17 09:20:00",CATHROCK,0,"2015/12/17 09:15:04"
D,METER_DATA,GEN_DUID,1,"2015/12/17 09:20:00",CHALLHWF,13.80,"2015/12/17 09:15:04"
D,METER_DATA,GEN_DUID,1,"2015/12/17 09:20:00",CLOVER,0,"2015/12/17 09:15:04"
D,METER_DATA,GEN_DUID,1,"2015/12/17 09:20:00",CLUNY,13.889880,"2015/12/17 09:15:04"
D,METER_DATA,GEN_DUID,1,"2015/12/17 09:20:00",CNUNDAWF,0.500584,"2015/12/17 09:15:04"
D,METER_DATA,GEN_DUID,1,"2015/12/17 09:20:00",CULLRGWF,1.79,"2015/12/17 09:15:04"
D,METER_DATA,GEN_DUID,1,"2015/12/17 09:20:00",ERGT01,0,"2015/12/17 09:15:04"
D,METER_DATA,GEN_DUID,1,"2015/12/17 09:20:00",GB01,0.188282,"2015/12/17 09:15:04"
D,METER_DATA,GEN_DUID,1,"2015/12/17 09:20:00",GERMCRK,32.299999,"2015/12/17 09:15:04"
D,METER_DATA,GEN_DUID,1,"2015/12/17 09:20:00",INVICTA,0,"2015/12/17 09:15:04"
D,METER_DATA,GEN_DUID,1,"2015/12/17 09:20:00",LKBONNY1,0,"2015/12/17 09:15:04"
D,METER_DATA,GEN_DUID,1,"2015/12/17 09:20:00",MBAHNTH,1.893751,"2015/12/17 09:15:04"
D,METER_DATA,GEN_DUID,1,"2015/12/17 09:20:00",MLWF1,3.39,"2015/12/17 09:15:04"
D,METER_DATA,GEN_DUID,1,"2015/12/17 09:20:00",MTMILLAR,1.473380,"2015/12/17 09:15:04"
D,METER_DATA,GEN_DUID,1,"2015/12/17 09:20:00",PALOONA,7.93,"2015/12/17 09:15:04"
D,METER_DATA,GEN_DUID,1,"2015/12/17 09:20:00",PIONEER,-0.40,"2015/12/17 09:15:04"
D,METER_DATA,GEN_DUID,1,"2015/12/17 09:20:00",PORTWF,12,"2015/12/17 09:15:04"
D,METER_DATA,GEN_DUID,1,"2015/12/17 09:20:00",REPULSE,22.160965,"2015/12/17 09:15:04"
D,METER_DATA,GEN_DUID,1,"2015/12/17 09:20:00",ROWALLAN,0,"2015/12/17 09:15:04"
D,METER_DATA,GEN_DUID,1,"2015/12/17 09:20:00",RPCG,10.20,"2015/12/17 09:15:04"
D,METER_DATA,GEN_DUID,1,"2015/12/17 09:20:00",RUBICON,0,"2015/12/17 09:15:04"
D,METER_DATA,GEN_DUID,1,"2015/12/17 09:20:00",STARHLWF,10.396968,"2015/12/17 09:15:04"
D,METER_DATA,GEN_DUID,1,"2015/12/17 09:20:00",WAUBRAWF,88.255997,"2015/12/17 09:15:04"
D,METER_DATA,GEN_DUID,1,"2015/12/17 09:20:00",WOOLNTH1,99.910019,"2015/12/17 09:15:04"
D,METER_DATA,GEN_DUID,1,"2015/12/17 09:20:00",WPWF,13,"2015/12/17 09:15:04"
D,METER_DATA,GEN_DUID,1,"2015/12/17 09:20:00",YAMBUKWF,-0.20,"2015/12/17 09:15:04"
D,METER_DATA,GEN_DUID,1,"2015/12/17 09:25:00",ANGAS1,0,"2015/12/17 09:20:04"
D,METER_DATA,GEN_DUID,1,"2015/12/17 09:25:00",ANGAS2,0,"2015/12/17 09:20:04"
D,METER_DATA,GEN_DUID,1,"2015/12/17 09:25:00",BUTLERSG,-0.000002,"2015/12/17 09:20:04"
D,METER_DATA,GEN_DUID,1,"2015/12/17 09:25:00",CALL_A_4,0,"2015/12/17 09:20:04"
D,METER_DATA,GEN_DUID,1,"2015/12/17 09:25:00",CAPTL_WF,0,"2015/12/17 09:20:04"
D,METER_DATA,GEN_DUID,1,"2015/12/17 09:25:00",CATHROCK,0,"2015/12/17 09:20:04"
D,METER_DATA,GEN_DUID,1,"2015/12/17 09:25:00",CHALLHWF,13,"2015/12/17 09:20:04"
D,METER_DATA,GEN_DUID,1,"2015/12/17 09:25:00",CLOVER,-0.01,"2015/12/17 09:20:04"
D,METER_DATA,GEN_DUID,1,"2015/12/17 09:25:00",CLUNY,14.047071,"2015/12/17 09:20:04"
D,METER_DATA,GEN_DUID,1,"2015/12/17 09:25:00",CNUNDAWF,0.300350,"2015/12/17 09:20:04"
D,METER_DATA,GEN_DUID,1,"2015/12/17 09:25:00",CULLRGWF,0.54,"2015/12/17 09:20:04"
D,METER_DATA,GEN_DUID,1,"2015/12/17 09:25:00",ERGT01,0,"2015/12/17 09:20:04"
D,METER_DATA,GEN_DUID,1,"2015/12/17 09:25:00",GB01,0.189034,"2015/12/17 09:20:04"
D,METER_DATA,GEN_DUID,1,"2015/12/17 09:25:00",GERMCRK,34.099998,"2015/12/17 09:20:04"
D,METER_DATA,GEN_DUID,1,"2015/12/17 09:25:00",INVICTA,0,"2015/12/17 09:20:04"
D,METER_DATA,GEN_DUID,1,"2015/12/17 09:25:00",LKBONNY1,0.089309,"2015/12/17 09:20:04"
D,METER_DATA,GEN_DUID,1,"2015/12/17 09:25:00",MBAHNTH,1.893751,"2015/12/17 09:20:04"
D,METER_DATA,GEN_DUID,1,"2015/12/17 09:25:00",MLWF1,3.6450,"2015/12/17 09:20:04"
D,METER_DATA,GEN_DUID,1,"2015/12/17 09:25:00",MTMILLAR,1.637089,"2015/12/17 09:20:04"
D,METER_DATA,GEN_DUID,1,"2015/12/17 09:25:00",PALOONA,7.93,"2015/12/17 09:20:04"
D,METER_DATA,GEN_DUID,1,"2015/12/17 09:25:00",PIONEER,-0.40,"2015/12/17 09:20:04"
D,METER_DATA,GEN_DUID,1,"2015/12/17 09:25:00",PORTWF,11.60,"2015/12/17 09:20:04"
D,METER_DATA,GEN_DUID,1,"2015/12/17 09:25:00",REPULSE,22.808834,"2015/12/17 09:20:04"
D,METER_DATA,GEN_DUID,1,"2015/12/17 09:25:00",ROWALLAN,0,"2015/12/17 09:20:04"
D,METER_DATA,GEN_DUID,1,"2015/12/17 09:25:00",RPCG,10.20,"2015/12/17 09:20:04"
D,METER_DATA,GEN_DUID,1,"2015/12/17 09:25:00",RUBICON,0,"2015/12/17 09:20:04"
D,METER_DATA,GEN_DUID,1,"2015/12/17 09:25:00",STARHLWF,13.396093,"2015/12/17 09:20:04"
D,METER_DATA,GEN_DUID,1,"2015/12/17 09:25:00",WAUBRAWF,78.140999,"2015/12/17 09:20:04"
D,METER_DATA,GEN_DUID,1,"2015/12/17 09:25:00",WOOLNTH1,99.480019,"2015/12/17 09:20:04"
D,METER_DATA,GEN_DUID,1,"2015/12/17 09:25:00",WPWF,13,"2015/12/17 09:20:04"
D,METER_DATA,GEN_DUID,1,"2015/12/17 09:25:00",YAMBUKWF,-0.20,"2015/12/17 09:20:04"
D,METER_DATA,GEN_DUID,1,"2015/12/17 09:30:00",ANGAS1,0,"2015/12/17 09:25:04"
D,METER_DATA,GEN_DUID,1,"2015/12/17 09:30:00",ANGAS2,0,"2015/12/17 09:25:04"
D,METER_DATA,GEN_DUID,1,"2015/12/17 09:30:00",BUTLERSG,-0.000002,"2015/12/17 09:25:04"
D,METER_DATA,GEN_DUID,1,"2015/12/17 09:30:00",CALL_A_4,0,"2015/12/17 09:25:04"
D,METER_DATA,GEN_DUID,1,"2015/12/17 09:30:00",CAPTL_WF,0,"2015/12/17 09:25:04"
D,METER_DATA,GEN_DUID,1,"2015/12/17 09:30:00",CATHROCK,0,"2015/12/17 09:25:04"
D,METER_DATA,GEN_DUID,1,"2015/12/17 09:30:00",CHALLHWF,11.90,"2015/12/17 09:25:04"
D,METER_DATA,GEN_DUID,1,"2015/12/17 09:30:00",CLOVER,-0.01,"2015/12/17 09:25:04"
D,METER_DATA,GEN_DUID,1,"2015/12/17 09:30:00",CLUNY,13.532630,"2015/12/17 09:25:04"
D,METER_DATA,GEN_DUID,1,"2015/12/17 09:30:00",CNUNDAWF,0.300350,"2015/12/17 09:25:04"
D,METER_DATA,GEN_DUID,1,"2015/12/17 09:30:00",CULLRGWF,0.50,"2015/12/17 09:25:04"
D,METER_DATA,GEN_DUID,1,"2015/12/17 09:30:00",ERGT01,0,"2015/12/17 09:25:04"
D,METER_DATA,GEN_DUID,1,"2015/12/17 09:30:00",GB01,0.189034,"2015/12/17 09:25:04"
D,METER_DATA,GEN_DUID,1,"2015/12/17 09:30:00",GERMCRK,33.200001,"2015/12/17 09:25:04"
D,METER_DATA,GEN_DUID,1,"2015/12/17 09:30:00",INVICTA,0,"2015/12/17 09:25:04"
D,METER_DATA,GEN_DUID,1,"2015/12/17 09:30:00",LKBONNY1,0.089309,"2015/12/17 09:25:04"
D,METER_DATA,GEN_DUID,1,"2015/12/17 09:30:00",MBAHNTH,1.893751,"2015/12/17 09:25:04"
D,METER_DATA,GEN_DUID,1,"2015/12/17 09:30:00",MLWF1,3.5250,"2015/12/17 09:25:04"
D,METER_DATA,GEN_DUID,1,"2015/12/17 09:30:00",MTMILLAR,1.272464,"2015/12/17 09:25:04"
D,METER_DATA,GEN_DUID,1,"2015/12/17 09:30:00",PALOONA,7.81,"2015/12/17 09:25:04"
D,METER_DATA,GEN_DUID,1,"2015/12/17 09:30:00",PIONEER,-0.40,"2015/12/17 09:25:04"
D,METER_DATA,GEN_DUID,1,"2015/12/17 09:30:00",PORTWF,14.40,"2015/12/17 09:25:04"
D,METER_DATA,GEN_DUID,1,"2015/12/17 09:30:00",REPULSE,24.085520,"2015/12/17 09:25:04"
D,METER_DATA,GEN_DUID,1,"2015/12/17 09:30:00",ROWALLAN,0,"2015/12/17 09:25:04"
D,METER_DATA,GEN_DUID,1,"2015/12/17 09:30:00",RPCG,10.10,"2015/12/17 09:25:04"
D,METER_DATA,GEN_DUID,1,"2015/12/17 09:30:00",RUBICON,0,"2015/12/17 09:25:04"
D,METER_DATA,GEN_DUID,1,"2015/12/17 09:30:00",STARHLWF,11.596619,"2015/12/17 09:25:04"
D,METER_DATA,GEN_DUID,1,"2015/12/17 09:30:00",WAUBRAWF,71.985001,"2015/12/17 09:25:04"
D,METER_DATA,GEN_DUID,1,"2015/12/17 09:30:00",WOOLNTH1,107.200012,"2015/12/17 09:25:04"
D,METER_DATA,GEN_DUID,1,"2015/12/17 09:30:00",WPWF,16,"2015/12/17 09:25:04"
D,METER_DATA,GEN_DUID,1,"2015/12/17 09:30:00",YAMBUKWF,-0.20,"2015/12/17 09:25:04"
D,METER_DATA,GEN_DUID,1,"2015/12/17 09:35:00",ANGAS1,0,"2015/12/17 09:30:04"
D,METER_DATA,GEN_DUID,1,"2015/12/17 09:35:00",ANGAS2,0,"2015/12/17 09:30:04"
D,METER_DATA,GEN_DUID,1,"2015/12/17 09:35:00",BUTLERSG,-0.000002,"2015/12/17 09:30:04"
D,METER_DATA,GEN_DUID,1,"2015/12/17 09:35:00",CALL_A_4,0,"2015/12/17 09:30:04"
D,METER_DATA,GEN_DUID,1,"2015/12/17 09:35:00",CAPTL_WF,0,"2015/12/17 09:30:04"
D,METER_DATA,GEN_DUID,1,"2015/12/17 09:35:00",CATHROCK,0,"2015/12/17 09:30:04"
D,METER_DATA,GEN_DUID,1,"2015/12/17 09:35:00",CHALLHWF,11.40,"2015/12/17 09:30:04"
D,METER_DATA,GEN_DUID,1,"2015/12/17 09:35:00",CLOVER,-0.01,"2015/12/17 09:30:04"
D,METER_DATA,GEN_DUID,1,"2015/12/17 09:35:00",CLUNY,13.875590,"2015/12/17 09:30:04"
D,METER_DATA,GEN_DUID,1,"2015/12/17 09:35:00",CNUNDAWF,0.300350,"2015/12/17 09:30:04"
D,METER_DATA,GEN_DUID,1,"2015/12/17 09:35:00",CULLRGWF,0.42,"2015/12/17 09:30:04"
D,METER_DATA,GEN_DUID,1,"2015/12/17 09:35:00",ERGT01,0,"2015/12/17 09:30:04"
D,METER_DATA,GEN_DUID,1,"2015/12/17 09:35:00",GB01,0.189034,"2015/12/17 09:30:04"
D,METER_DATA,GEN_DUID,1,"2015/12/17 09:35:00",GERMCRK,31.50,"2015/12/17 09:30:04"
D,METER_DATA,GEN_DUID,1,"2015/12/17 09:35:00",INVICTA,0,"2015/12/17 09:30:04"
D,METER_DATA,GEN_DUID,1,"2015/12/17 09:35:00",LKBONNY1,0.089309,"2015/12/17 09:30:04"
D,METER_DATA,GEN_DUID,1,"2015/12/17 09:35:00",MBAHNTH,1.893751,"2015/12/17 09:30:04"
D,METER_DATA,GEN_DUID,1,"2015/12/17 09:35:00",MLWF1,2.37,"2015/12/17 09:30:04"
D,METER_DATA,GEN_DUID,1,"2015/12/17 09:35:00",MTMILLAR,1.458497,"2015/12/17 09:30:04"
D,METER_DATA,GEN_DUID,1,"2015/12/17 09:35:00",PALOONA,7.93,"2015/12/17 09:30:04"
D,METER_DATA,GEN_DUID,1,"2015/12/17 09:35:00",PIONEER,-0.40,"2015/12/17 09:30:04"
D,METER_DATA,GEN_DUID,1,"2015/12/17 09:35:00",PORTWF,16.799999,"2015/12/17 09:30:04"
D,METER_DATA,GEN_DUID,1,"2015/12/17 09:35:00",REPULSE,23.304264,"2015/12/17 09:30:04"
D,METER_DATA,GEN_DUID,1,"2015/12/17 09:35:00",ROWALLAN,0,"2015/12/17 09:30:04"
D,METER_DATA,GEN_DUID,1,"2015/12/17 09:35:00",RPCG,10.10,"2015/12/17 09:30:04"
D,METER_DATA,GEN_DUID,1,"2015/12/17 09:35:00",RUBICON,0,"2015/12/17 09:30:04"
D,METER_DATA,GEN_DUID,1,"2015/12/17 09:35:00",STARHLWF,12.496356,"2015/12/17 09:30:04"
D,METER_DATA,GEN_DUID,1,"2015/12/17 09:35:00",WAUBRAWF,69.867996,"2015/12/17 09:30:04"
D,METER_DATA,GEN_DUID,1,"2015/12/17 09:35:00",WOOLNTH1,105.560013,"2015/12/17 09:30:04"
D,METER_DATA,GEN_DUID,1,"2015/12/17 09:35:00",WPWF,15,"2015/12/17 09:30:04"
D,METER_DATA,GEN_DUID,1,"2015/12/17 09:35:00",YAMBUKWF,-0.20,"2015/12/17 09:30:04"
D,METER_DATA,GEN_DUID,1,"2015/12/17 09:40:00",ANGAS1,0,"2015/12/17 09:35:05"
D,METER_DATA,GEN_DUID,1,"2015/12/17 09:40:00",ANGAS2,0,"2015/12/17 09:35:05"
D,METER_DATA,GEN_DUID,1,"2015/12/17 09:40:00",BUTLERSG,-0.000002,"2015/12/17 09:35:05"
D,METER_DATA,GEN_DUID,1,"2015/12/17 09:40:00",CALL_A_4,0,"2015/12/17 09:35:05"
D,METER_DATA,GEN_DUID,1,"2015/12/17 09:40:00",CAPTL_WF,0,"2015/12/17 09:35:05"
D,METER_DATA,GEN_DUID,1,"2015/12/17 09:40:00",CATHROCK,0,"2015/12/17 09:35:05"
D,METER_DATA,GEN_DUID,1,"2015/12/17 09:40:00",CHALLHWF,9.90,"2015/12/17 09:35:05"
D,METER_DATA,GEN_DUID,1,"2015/12/17 09:40:00",CLOVER,-0.02,"2015/12/17 09:35:05"
D,METER_DATA,GEN_DUID,1,"2015/12/17 09:40:00",CLUNY,14.318581,"2015/12/17 09:35:05"
D,METER_DATA,GEN_DUID,1,"2015/12/17 09:40:00",CNUNDAWF,0.300350,"2015/12/17 09:35:05"
D,METER_DATA,GEN_DUID,1,"2015/12/17 09:40:00",CULLRGWF,0.43,"2015/12/17 09:35:05"
D,METER_DATA,GEN_DUID,1,"2015/12/17 09:40:00",ERGT01,0,"2015/12/17 09:35:05"
D,METER_DATA,GEN_DUID,1,"2015/12/17 09:40:00",GB01,0.189034,"2015/12/17 09:35:05"
D,METER_DATA,GEN_DUID,1,"2015/12/17 09:40:00",GERMCRK,31.799999,"2015/12/17 09:35:05"
D,METER_DATA,GEN_DUID,1,"2015/12/17 09:40:00",INVICTA,0,"2015/12/17 09:35:05"
D,METER_DATA,GEN_DUID,1,"2015/12/17 09:40:00",LKBONNY1,0.535856,"2015/12/17 09:35:05"
D,METER_DATA,GEN_DUID,1,"2015/12/17 09:40:00",MBAHNTH,1.893751,"2015/12/17 09:35:05"
D,METER_DATA,GEN_DUID,1,"2015/12/17 09:40:00",MLWF1,2.67,"2015/12/17 09:35:05"
D,METER_DATA,GEN_DUID,1,"2015/12/17 09:40:00",MTMILLAR,1.637089,"2015/12/17 09:35:05"
D,METER_DATA,GEN_DUID,1,"2015/12/17 09:40:00",PALOONA,7.93,"2015/12/17 09:35:05"
D,METER_DATA,GEN_DUID,1,"2015/12/17 09:40:00",PIONEER,-0.40,"2015/12/17 09:35:05"
D,METER_DATA,GEN_DUID,1,"2015/12/17 09:40:00",PORTWF,17.40,"2015/12/17 09:35:05"
D,METER_DATA,GEN_DUID,1,"2015/12/17 09:40:00",REPULSE,23.551979,"2015/12/17 09:35:05"
D,METER_DATA,GEN_DUID,1,"2015/12/17 09:40:00",ROWALLAN,0,"2015/12/17 09:35:05"
D,METER_DATA,GEN_DUID,1,"2015/12/17 09:40:00",RPCG,10.10,"2015/12/17 09:35:05"
D,METER_DATA,GEN_DUID,1,"2015/12/17 09:40:00",RUBICON,0,"2015/12/17 09:35:05"
D,METER_DATA,GEN_DUID,1,"2015/12/17 09:40:00",STARHLWF,10.296997,"2015/12/17 09:35:05"
D,METER_DATA,GEN_DUID,1,"2015/12/17 09:40:00",WAUBRAWF,67.671997,"2015/12/17 09:35:05"
D,METER_DATA,GEN_DUID,1,"2015/12/17 09:40:00",WOOLNTH1,112.190018,"2015/12/17 09:35:05"
D,METER_DATA,GEN_DUID,1,"2015/12/17 09:40:00",WPWF,13,"2015/12/17 09:35:05"
D,METER_DATA,GEN_DUID,1,"2015/12/17 09:40:00",YAMBUKWF,-0.20,"2015/12/17 09:35:05"
D,METER_DATA,GEN_DUID,1,"2015/12/17 09:45:00",ANGAS1,0,"2015/12/17 09:40:04"
D,METER_DATA,GEN_DUID,1,"2015/12/17 09:45:00",ANGAS2,0,"2015/12/17 09:40:04"
D,METER_DATA,GEN_DUID,1,"2015/12/17 09:45:00",BUTLERSG,-0.000002,"2015/12/17 09:40:04"
D,METER_DATA,GEN_DUID,1,"2015/12/17 09:45:00",CALL_A_4,0,"2015/12/17 09:40:04"
D,METER_DATA,GEN_DUID,1,"2015/12/17 09:45:00",CAPTL_WF,0,"2015/12/17 09:40:04"
D,METER_DATA,GEN_DUID,1,"2015/12/17 09:45:00",CATHROCK,2.05,"2015/12/17 09:40:04"
D,METER_DATA,GEN_DUID,1,"2015/12/17 09:45:00",CHALLHWF,10.90,"2015/12/17 09:40:04"
D,METER_DATA,GEN_DUID,1,"2015/12/17 09:45:00",CLOVER,-0.01,"2015/12/17 09:40:04"
D,METER_DATA,GEN_DUID,1,"2015/12/17 09:45:00",CLUNY,14.132811,"2015/12/17 09:40:04"
D,METER_DATA,GEN_DUID,1,"2015/12/17 09:45:00",CNUNDAWF,0.300350,"2015/12/17 09:40:04"
D,METER_DATA,GEN_DUID,1,"2015/12/17 09:45:00",CULLRGWF,0.55,"2015/12/17 09:40:04"
D,METER_DATA,GEN_DUID,1,"2015/12/17 09:45:00",ERGT01,0,"2015/12/17 09:40:04"
D,METER_DATA,GEN_DUID,1,"2015/12/17 09:45:00",GB01,0.189034,"2015/12/17 09:40:04"
D,METER_DATA,GEN_DUID,1,"2015/12/17 09:45:00",GERMCRK,31.299999,"2015/12/17 09:40:04"
D,METER_DATA,GEN_DUID,1,"2015/12/17 09:45:00",INVICTA,0,"2015/12/17 09:40:04"
D,METER_DATA,GEN_DUID,1,"2015/12/17 09:45:00",LKBONNY1,0.714475,"2015/12/17 09:40:04"
D,METER_DATA,GEN_DUID,1,"2015/12/17 09:45:00",MBAHNTH,1.893751,"2015/12/17 09:40:04"
D,METER_DATA,GEN_DUID,1,"2015/12/17 09:45:00",MLWF1,2.5650,"2015/12/17 09:40:04"
D,METER_DATA,GEN_DUID,1,"2015/12/17 09:45:00",MTMILLAR,1.860328,"2015/12/17 09:40:04"
D,METER_DATA,GEN_DUID,1,"2015/12/17 09:45:00",PALOONA,7.83,"2015/12/17 09:40:04"
D,METER_DATA,GEN_DUID,1,"2015/12/17 09:45:00",PIONEER,-0.40,"2015/12/17 09:40:04"
D,METER_DATA,GEN_DUID,1,"2015/12/17 09:45:00",PORTWF,18.60,"2015/12/17 09:40:04"
D,METER_DATA,GEN_DUID,1,"2015/12/17 09:45:00",REPULSE,23.399540,"2015/12/17 09:40:04"
D,METER_DATA,GEN_DUID,1,"2015/12/17 09:45:00",ROWALLAN,0,"2015/12/17 09:40:04"
D,METER_DATA,GEN_DUID,1,"2015/12/17 09:45:00",RPCG,9,"2015/12/17 09:40:04"
D,METER_DATA,GEN_DUID,1,"2015/12/17 09:45:00",RUBICON,0,"2015/12/17 09:40:04"
D,METER_DATA,GEN_DUID,1,"2015/12/17 09:45:00",STARHLWF,9.397260,"2015/12/17 09:40:04"
D,METER_DATA,GEN_DUID,1,"2015/12/17 09:45:00",WAUBRAWF,65.509003,"2015/12/17 09:40:04"
D,METER_DATA,GEN_DUID,1,"2015/12/17 09:45:00",WOOLNTH1,111.340012,"2015/12/17 09:40:04"
D,METER_DATA,GEN_DUID,1,"2015/12/17 09:45:00",WPWF,12,"2015/12/17 09:40:04"
D,METER_DATA,GEN_DUID,1,"2015/12/17 09:45:00",YAMBUKWF,0.30,"2015/12/17 09:40:04"
D,METER_DATA,GEN_DUID,1,"2015/12/17 09:50:00",ANGAS1,0,"2015/12/17 09:45:04"
D,METER_DATA,GEN_DUID,1,"2015/12/17 09:50:00",ANGAS2,0,"2015/12/17 09:45:04"
D,METER_DATA,GEN_DUID,1,"2015/12/17 09:50:00",BUTLERSG,-0.000002,"2015/12/17 09:45:04"
D,METER_DATA,GEN_DUID,1,"2015/12/17 09:50:00",CALL_A_4,0,"2015/12/17 09:45:04"
D,METER_DATA,GEN_DUID,1,"2015/12/17 09:50:00",CAPTL_WF,0,"2015/12/17 09:45:04"
D,METER_DATA,GEN_DUID,1,"2015/12/17 09:50:00",CATHROCK,2.98,"2015/12/17 09:45:04"
D,METER_DATA,GEN_DUID,1,"2015/12/17 09:50:00",CHALLHWF,8.10,"2015/12/17 09:45:04"
D,METER_DATA,GEN_DUID,1,"2015/12/17 09:50:00",CLOVER,-0.01,"2015/12/17 09:45:04"
D,METER_DATA,GEN_DUID,1,"2015/12/17 09:50:00",CLUNY,13.904170,"2015/12/17 09:45:04"
D,METER_DATA,GEN_DUID,1,"2015/12/17 09:50:00",CNUNDAWF,0.300350,"2015/12/17 09:45:04"
D,METER_DATA,GEN_DUID,1,"2015/12/17 09:50:00",CULLRGWF,0.80,"2015/12/17 09:45:04"
D,METER_DATA,GEN_DUID,1,"2015/12/17 09:50:00",ERGT01,0,"2015/12/17 09:45:04"
D,METER_DATA,GEN_DUID,1,"2015/12/17 09:50:00",GB01,0.189034,"2015/12/17 09:45:04"
D,METER_DATA,GEN_DUID,1,"2015/12/17 09:50:00",GERMCRK,32.50,"2015/12/17 09:45:04"
D,METER_DATA,GEN_DUID,1,"2015/12/17 09:50:00",INVICTA,0,"2015/12/17 09:45:04"
D,METER_DATA,GEN_DUID,1,"2015/12/17 09:50:00",LKBONNY1,0.982403,"2015/12/17 09:45:04"
D,METER_DATA,GEN_DUID,1,"2015/12/17 09:50:00",MBAHNTH,1.893751,"2015/12/17 09:45:04"
D,METER_DATA,GEN_DUID,1,"2015/12/17 09:50:00",MLWF1,2.2350,"2015/12/17 09:45:04"
D,METER_DATA,GEN_DUID,1,"2015/12/17 09:50:00",MTMILLAR,1.733826,"2015/12/17 09:45:04"
D,METER_DATA,GEN_DUID,1,"2015/12/17 09:50:00",PALOONA,7.83,"2015/12/17 09:45:04"
D,METER_DATA,GEN_DUID,1,"2015/12/17 09:50:00",PIONEER,-0.40,"2015/12/17 09:45:04"
D,METER_DATA,GEN_DUID,1,"2015/12/17 09:50:00",PORTWF,18,"2015/12/17 09:45:04"
D,METER_DATA,GEN_DUID,1,"2015/12/17 09:50:00",REPULSE,25.057325,"2015/12/17 09:45:04"
D,METER_DATA,GEN_DUID,1,"2015/12/17 09:50:00",ROWALLAN,0,"2015/12/17 09:45:04"
D,METER_DATA,GEN_DUID,1,"2015/12/17 09:50:00",RPCG,10.10,"2015/12/17 09:45:04"
D,METER_DATA,GEN_DUID,1,"2015/12/17 09:50:00",RUBICON,0,"2015/12/17 09:45:04"
D,METER_DATA,GEN_DUID,1,"2015/12/17 09:50:00",STARHLWF,9.197318,"2015/12/17 09:45:04"
D,METER_DATA,GEN_DUID,1,"2015/12/17 09:50:00",WAUBRAWF,61.134998,"2015/12/17 09:45:04"
D,METER_DATA,GEN_DUID,1,"2015/12/17 09:50:00",WOOLNTH1,109.400024,"2015/12/17 09:45:04"
D,METER_DATA,GEN_DUID,1,"2015/12/17 09:50:00",WPWF,11,"2015/12/17 09:45:04"
D,METER_DATA,GEN_DUID,1,"2015/12/17 09:50:00",YAMBUKWF,1.70,"2015/12/17 09:45:04"
D,METER_DATA,GEN_DUID,1,"2015/12/17 09:55:00",ANGAS1,0,"2015/12/17 09:50:04"
D,METER_DATA,GEN_DUID,1,"2015/12/17 09:55:00",ANGAS2,0,"2015/12/17 09:50:04"
D,METER_DATA,GEN_DUID,1,"2015/12/17 09:55:00",BUTLERSG,-0.000002,"2015/12/17 09:50:04"
D,METER_DATA,GEN_DUID,1,"2015/12/17 09:55:00",CALL_A_4,0,"2015/12/17 09:50:04"
D,METER_DATA,GEN_DUID,1,"2015/12/17 09:55:00",CAPTL_WF,0,"2015/12/17 09:50:04"
D,METER_DATA,GEN_DUID,1,"2015/12/17 09:55:00",CATHROCK,4.45,"2015/12/17 09:50:04"
D,METER_DATA,GEN_DUID,1,"2015/12/17 09:55:00",CHALLHWF,8.90,"2015/12/17 09:50:04"
D,METER_DATA,GEN_DUID,1,"2015/12/17 09:55:00",CLOVER,-0.01,"2015/12/17 09:50:04"
D,METER_DATA,GEN_DUID,1,"2015/12/17 09:55:00",CLUNY,13.532630,"2015/12/17 09:50:04"
D,METER_DATA,GEN_DUID,1,"2015/12/17 09:55:00",CNUNDAWF,0.300350,"2015/12/17 09:50:04"
D,METER_DATA,GEN_DUID,1,"2015/12/17 09:55:00",CULLRGWF,0.34,"2015/12/17 09:50:04"
D,METER_DATA,GEN_DUID,1,"2015/12/17 09:55:00",ERGT01,0,"2015/12/17 09:50:04"
D,METER_DATA,GEN_DUID,1,"2015/12/17 09:55:00",GB01,0.189034,"2015/12/17 09:50:04"
D,METER_DATA,GEN_DUID,1,"2015/12/17 09:55:00",GERMCRK,31.299999,"2015/12/17 09:50:04"
D,METER_DATA,GEN_DUID,1,"2015/12/17 09:55:00",INVICTA,0,"2015/12/17 09:50:04"
D,METER_DATA,GEN_DUID,1,"2015/12/17 09:55:00",LKBONNY1,1.339640,"2015/12/17 09:50:04"
D,METER_DATA,GEN_DUID,1,"2015/12/17 09:55:00",MBAHNTH,1.893751,"2015/12/17 09:50:04"
D,METER_DATA,GEN_DUID,1,"2015/12/17 09:55:00",MLWF1,1.71,"2015/12/17 09:50:04"
D,METER_DATA,GEN_DUID,1,"2015/12/17 09:55:00",MTMILLAR,2.180304,"2015/12/17 09:50:04"
D,METER_DATA,GEN_DUID,1,"2015/12/17 09:55:00",PALOONA,7.83,"2015/12/17 09:50:04"
D,METER_DATA,GEN_DUID,1,"2015/12/17 09:55:00",PIONEER,-0.40,"2015/12/17 09:50:04"
D,METER_DATA,GEN_DUID,1,"2015/12/17 09:55:00",PORTWF,17.200001,"2015/12/17 09:50:04"
D,METER_DATA,GEN_DUID,1,"2015/12/17 09:55:00",REPULSE,24.352289,"2015/12/17 09:50:04"
D,METER_DATA,GEN_DUID,1,"2015/12/17 09:55:00",ROWALLAN,0,"2015/12/17 09:50:04"
D,METER_DATA,GEN_DUID,1,"2015/12/17 09:55:00",RPCG,10,"2015/12/17 09:50:04"
D,METER_DATA,GEN_DUID,1,"2015/12/17 09:55:00",RUBICON,0,"2015/12/17 09:50:04"
D,METER_DATA,GEN_DUID,1,"2015/12/17 09:55:00",STARHLWF,10.596910,"2015/12/17 09:50:04"
D,METER_DATA,GEN_DUID,1,"2015/12/17 09:55:00",WAUBRAWF,61.749001,"2015/12/17 09:50:04"
D,METER_DATA,GEN_DUID,1,"2015/12/17 09:55:00",WOOLNTH1,116.400017,"2015/12/17 09:50:04"
D,METER_DATA,GEN_DUID,1,"2015/12/17 09:55:00",WPWF,13,"2015/12/17 09:50:04"
D,METER_DATA,GEN_DUID,1,"2015/12/17 09:55:00",YAMBUKWF,2.20,"2015/12/17 09:50:04"
D,METER_DATA,GEN_DUID,1,"2015/12/17 10:00:00",ANGAS1,0,"2015/12/17 09:55:04"
D,METER_DATA,GEN_DUID,1,"2015/12/17 10:00:00",ANGAS2,0,"2015/12/17 09:55:04"
D,METER_DATA,GEN_DUID,1,"2015/12/17 10:00:00",BUTLERSG,-0.000002,"2015/12/17 09:55:04"
D,METER_DATA,GEN_DUID,1,"2015/12/17 10:00:00",CALL_A_4,0,"2015/12/17 09:55:04"
D,METER_DATA,GEN_DUID,1,"2015/12/17 10:00:00",CAPTL_WF,0,"2015/12/17 09:55:04"
D,METER_DATA,GEN_DUID,1,"2015/12/17 10:00:00",CATHROCK,5.48,"2015/12/17 09:55:04"
D,METER_DATA,GEN_DUID,1,"2015/12/17 10:00:00",CHALLHWF,7.60,"2015/12/17 09:55:04"
D,METER_DATA,GEN_DUID,1,"2015/12/17 10:00:00",CLOVER,-0.01,"2015/12/17 09:55:04"
D,METER_DATA,GEN_DUID,1,"2015/12/17 10:00:00",CLUNY,14.690121,"2015/12/17 09:55:04"
D,METER_DATA,GEN_DUID,1,"2015/12/17 10:00:00",CNUNDAWF,0.300350,"2015/12/17 09:55:04"
D,METER_DATA,GEN_DUID,1,"2015/12/17 10:00:00",CULLRGWF,0,"2015/12/17 09:55:04"
D,METER_DATA,GEN_DUID,1,"2015/12/17 10:00:00",ERGT01,0,"2015/12/17 09:55:04"
D,METER_DATA,GEN_DUID,1,"2015/12/17 10:00:00",GB01,0.189034,"2015/12/17 09:55:04"
D,METER_DATA,GEN_DUID,1,"2015/12/17 10:00:00",GERMCRK,30.700001,"2015/12/17 09:55:04"
D,METER_DATA,GEN_DUID,1,"2015/12/17 10:00:00",INVICTA,0,"2015/12/17 09:55:04"
D,METER_DATA,GEN_DUID,1,"2015/12/17 10:00:00",LKBONNY1,1.518259,"2015/12/17 09:55:04"
D,METER_DATA,GEN_DUID,1,"2015/12/17 10:00:00",MBAHNTH,1.893751,"2015/12/17 09:55:04"
D,METER_DATA,GEN_DUID,1,"2015/12/17 10:00:00",MLWF1,1.59,"2015/12/17 09:55:04"
D,METER_DATA,GEN_DUID,1,"2015/12/17 10:00:00",MTMILLAR,2.009154,"2015/12/17 09:55:04"
D,METER_DATA,GEN_DUID,1,"2015/12/17 10:00:00",PALOONA,7.95,"2015/12/17 09:55:04"
D,METER_DATA,GEN_DUID,1,"2015/12/17 10:00:00",PIONEER,-0.40,"2015/12/17 09:55:04"
D,METER_DATA,GEN_DUID,1,"2015/12/17 10:00:00",PORTWF,16.200001,"2015/12/17 09:55:04"
D,METER_DATA,GEN_DUID,1,"2015/12/17 10:00:00",REPULSE,24.333235,"2015/12/17 09:55:04"
D,METER_DATA,GEN_DUID,1,"2015/12/17 10:00:00",ROWALLAN,0,"2015/12/17 09:55:04"
D,METER_DATA,GEN_DUID,1,"2015/12/17 10:00:00",RPCG,10,"2015/12/17 09:55:04"
D,METER_DATA,GEN_DUID,1,"2015/12/17 10:00:00",RUBICON,0,"2015/12/17 09:55:04"
D,METER_DATA,GEN_DUID,1,"2015/12/17 10:00:00",STARHLWF,11.596619,"2015/12/17 09:55:04"
D,METER_DATA,GEN_DUID,1,"2015/12/17 10:00:00",WAUBRAWF,55.8950,"2015/12/17 09:55:04"
D,METER_DATA,GEN_DUID,1,"2015/12/17 10:00:00",WOOLNTH1,117.040024,"2015/12/17 09:55:04"
D,METER_DATA,GEN_DUID,1,"2015/12/17 10:00:00",WPWF,12,"2015/12/17 09:55:04"
D,METER_DATA,GEN_DUID,1,"2015/12/17 10:00:00",YAMBUKWF,2.90,"2015/12/17 09:55:04"
D,METER_DATA,GEN_DUID,1,"2015/12/17 10:05:00",ANGAS1,0,"2015/12/17 10:00:05"
D,METER_DATA,GEN_DUID,1,"2015/12/17 10:05:00",ANGAS2,0,"2015/12/17 10:00:05"
D,METER_DATA,GEN_DUID,1,"2015/12/17 10:05:00",BUTLERSG,-0.000002,"2015/12/17 10:00:05"
D,METER_DATA,GEN_DUID,1,"2015/12/17 10:05:00",CALL_A_4,0,"2015/12/17 10:00:05"
D,METER_DATA,GEN_DUID,1,"2015/12/17 10:05:00",CAPTL_WF,0,"2015/12/17 10:00:05"
D,METER_DATA,GEN_DUID,1,"2015/12/17 10:05:00",CATHROCK,6.02,"2015/12/17 10:00:05"
D,METER_DATA,GEN_DUID,1,"2015/12/17 10:05:00",CHALLHWF,9,"2015/12/17 10:00:05"
D,METER_DATA,GEN_DUID,1,"2015/12/17 10:05:00",CLOVER,-0.01,"2015/12/17 10:00:05"
D,METER_DATA,GEN_DUID,1,"2015/12/17 10:05:00",CLUNY,13.289701,"2015/12/17 10:00:05"
D,METER_DATA,GEN_DUID,1,"2015/12/17 10:05:00",CNUNDAWF,1.201401,"2015/12/17 10:00:05"
D,METER_DATA,GEN_DUID,1,"2015/12/17 10:05:00",CULLRGWF,0.34,"2015/12/17 10:00:05"
D,METER_DATA,GEN_DUID,1,"2015/12/17 10:05:00",ERGT01,0,"2015/12/17 10:00:05"
D,METER_DATA,GEN_DUID,1,"2015/12/17 10:05:00",GB01,0.189034,"2015/12/17 10:00:05"
D,METER_DATA,GEN_DUID,1,"2015/12/17 10:05:00",GERMCRK,31.299999,"2015/12/17 10:00:05"
D,METER_DATA,GEN_DUID,1,"2015/12/17 10:05:00",INVICTA,0,"2015/12/17 10:00:05"
D,METER_DATA,GEN_DUID,1,"2015/12/17 10:05:00",LKBONNY1,3.215137,"2015/12/17 10:00:05"
D,METER_DATA,GEN_DUID,1,"2015/12/17 10:05:00",MBAHNTH,1.893751,"2015/12/17 10:00:05"
D,METER_DATA,GEN_DUID,1,"2015/12/17 10:05:00",MLWF1,1.6350,"2015/12/17 10:00:05"
D,METER_DATA,GEN_DUID,1,"2015/12/17 10:05:00",MTMILLAR,1.704060,"2015/12/17 10:00:05"
D,METER_DATA,GEN_DUID,1,"2015/12/17 10:05:00",PALOONA,7.79,"2015/12/17 10:00:05"
D,METER_DATA,GEN_DUID,1,"2015/12/17 10:05:00",PIONEER,-0.40,"2015/12/17 10:00:05"
D,METER_DATA,GEN_DUID,1,"2015/12/17 10:05:00",PORTWF,15.90,"2015/12/17 10:00:05"
D,METER_DATA,GEN_DUID,1,"2015/12/17 10:05:00",REPULSE,23.742529,"2015/12/17 10:00:05"
D,METER_DATA,GEN_DUID,1,"2015/12/17 10:05:00",ROWALLAN,0,"2015/12/17 10:00:05"
D,METER_DATA,GEN_DUID,1,"2015/12/17 10:05:00",RPCG,8.70,"2015/12/17 10:00:05"
D,METER_DATA,GEN_DUID,1,"2015/12/17 10:05:00",RUBICON,0,"2015/12/17 10:00:05"
D,METER_DATA,GEN_DUID,1,"2015/12/17 10:05:00",STARHLWF,11.496648,"2015/12/17 10:00:05"
D,METER_DATA,GEN_DUID,1,"2015/12/17 10:05:00",WAUBRAWF,52.627998,"2015/12/17 10:00:05"
D,METER_DATA,GEN_DUID,1,"2015/12/17 10:05:00",WOOLNTH1,112.510017,"2015/12/17 10:00:05"
D,METER_DATA,GEN_DUID,1,"2015/12/17 10:05:00",WPWF,12,"2015/12/17 10:00:05"
D,METER_DATA,GEN_DUID,1,"2015/12/17 10:05:00",YAMBUKWF,2.20,"2015/12/17 10:00:05"
D,METER_DATA,GEN_DUID,1,"2015/12/17 10:10:00",ANGAS1,0,"2015/12/17 10:05:05"
D,METER_DATA,GEN_DUID,1,"2015/12/17 10:10:00",ANGAS2,0,"2015/12/17 10:05:05"
D,METER_DATA,GEN_DUID,1,"2015/12/17 10:10:00",BUTLERSG,-0.000002,"2015/12/17 10:05:05"
D,METER_DATA,GEN_DUID,1,"2015/12/17 10:10:00",CALL_A_4,0,"2015/12/17 10:05:05"
D,METER_DATA,GEN_DUID,1,"2015/12/17 10:10:00",CAPTL_WF,0,"2015/12/17 10:05:05"
D,METER_DATA,GEN_DUID,1,"2015/12/17 10:10:00",CATHROCK,4.82,"2015/12/17 10:05:05"
D,METER_DATA,GEN_DUID,1,"2015/12/17 10:10:00",CHALLHWF,6.20,"2015/12/17 10:05:05"
D,METER_DATA,GEN_DUID,1,"2015/12/17 10:10:00",CLOVER,-0.02,"2015/12/17 10:05:05"
D,METER_DATA,GEN_DUID,1,"2015/12/17 10:10:00",CLUNY,11.846410,"2015/12/17 10:05:05"
D,METER_DATA,GEN_DUID,1,"2015/12/17 10:10:00",CNUNDAWF,0.400467,"2015/12/17 10:05:05"
D,METER_DATA,GEN_DUID,1,"2015/12/17 10:10:00",CULLRGWF,0,"2015/12/17 10:05:05"
D,METER_DATA,GEN_DUID,1,"2015/12/17 10:10:00",ERGT01,0,"2015/12/17 10:05:05"
D,METER_DATA,GEN_DUID,1,"2015/12/17 10:10:00",GB01,0.189026,"2015/12/17 10:05:05"
D,METER_DATA,GEN_DUID,1,"2015/12/17 10:10:00",GERMCRK,32,"2015/12/17 10:05:05"
D,METER_DATA,GEN_DUID,1,"2015/12/17 10:10:00",INVICTA,0,"2015/12/17 10:05:05"
D,METER_DATA,GEN_DUID,1,"2015/12/17 10:10:00",LKBONNY1,6.251656,"2015/12/17 10:05:05"
D,METER_DATA,GEN_DUID,1,"2015/12/17 10:10:00",MBAHNTH,1.893751,"2015/12/17 10:05:05"
D,METER_DATA,GEN_DUID,1,"2015/12/17 10:10:00",MLWF1,1.74,"2015/12/17 10:05:05"
D,METER_DATA,GEN_DUID,1,"2015/12/17 10:10:00",MTMILLAR,1.555234,"2015/12/17 10:05:05"
D,METER_DATA,GEN_DUID,1,"2015/12/17 10:10:00",PALOONA,8.04,"2015/12/17 10:05:05"
D,METER_DATA,GEN_DUID,1,"2015/12/17 10:10:00",PIONEER,-0.40,"2015/12/17 10:05:05"
D,METER_DATA,GEN_DUID,1,"2015/12/17 10:10:00",PORTWF,15.80,"2015/12/17 10:05:05"
D,METER_DATA,GEN_DUID,1,"2015/12/17 10:10:00",REPULSE,19.493265,"2015/12/17 10:05:05"
D,METER_DATA,GEN_DUID,1,"2015/12/17 10:10:00",ROWALLAN,0,"2015/12/17 10:05:05"
D,METER_DATA,GEN_DUID,1,"2015/12/17 10:10:00",RPCG,8.70,"2015/12/17 10:05:05"
D,METER_DATA,GEN_DUID,1,"2015/12/17 10:10:00",RUBICON,0,"2015/12/17 10:05:05"
D,METER_DATA,GEN_DUID,1,"2015/12/17 10:10:00",STARHLWF,9.897114,"2015/12/17 10:05:05"
D,METER_DATA,GEN_DUID,1,"2015/12/17 10:10:00",WAUBRAWF,52.50,"2015/12/17 10:05:05"
D,METER_DATA,GEN_DUID,1,"2015/12/17 10:10:00",WOOLNTH1,114.830017,"2015/12/17 10:05:05"
D,METER_DATA,GEN_DUID,1,"2015/12/17 10:10:00",WPWF,12,"2015/12/17 10:05:05"
D,METER_DATA,GEN_DUID,1,"2015/12/17 10:10:00",YAMBUKWF,2.40,"2015/12/17 10:05:05"
D,METER_DATA,GEN_DUID,1,"2015/12/17 10:15:00",ANGAS1,0,"2015/12/17 10:10:04"
D,METER_DATA,GEN_DUID,1,"2015/12/17 10:15:00",ANGAS2,0,"2015/12/17 10:10:04"
D,METER_DATA,GEN_DUID,1,"2015/12/17 10:15:00",BUTLERSG,-0.000002,"2015/12/17 10:10:04"
D,METER_DATA,GEN_DUID,1,"2015/12/17 10:15:00",CALL_A_4,0,"2015/12/17 10:10:04"
D,METER_DATA,GEN_DUID,1,"2015/12/17 10:15:00",CAPTL_WF,0,"2015/12/17 10:10:04"
D,METER_DATA,GEN_DUID,1,"2015/12/17 10:15:00",CATHROCK,4.49,"2015/12/17 10:10:04"
D,METER_DATA,GEN_DUID,1,"2015/12/17 10:15:00",CHALLHWF,6.10,"2015/12/17 10:10:04"
D,METER_DATA,GEN_DUID,1,"2015/12/17 10:15:00",CLOVER,-0.01,"2015/12/17 10:10:04"
D,METER_DATA,GEN_DUID,1,"2015/12/17 10:15:00",CLUNY,8.559711,"2015/12/17 10:10:04"
D,METER_DATA,GEN_DUID,1,"2015/12/17 10:15:00",CNUNDAWF,0.800934,"2015/12/17 10:10:04"
D,METER_DATA,GEN_DUID,1,"2015/12/17 10:15:00",CULLRGWF,0.08,"2015/12/17 10:10:04"
D,METER_DATA,GEN_DUID,1,"2015/12/17 10:15:00",ERGT01,0,"2015/12/17 10:10:04"
D,METER_DATA,GEN_DUID,1,"2015/12/17 10:15:00",GB01,0.189026,"2015/12/17 10:10:04"
D,METER_DATA,GEN_DUID,1,"2015/12/17 10:15:00",GERMCRK,30.40,"2015/12/17 10:10:04"
D,METER_DATA,GEN_DUID,1,"2015/12/17 10:15:00",INVICTA,0,"2015/12/17 10:10:04"
D,METER_DATA,GEN_DUID,1,"2015/12/17 10:15:00",LKBONNY1,4.912015,"2015/12/17 10:10:04"
D,METER_DATA,GEN_DUID,1,"2015/12/17 10:15:00",MBAHNTH,1.893751,"2015/12/17 10:10:04"
D,METER_DATA,GEN_DUID,1,"2015/12/17 10:15:00",MLWF1,1.8150,"2015/12/17 10:10:04"
D,METER_DATA,GEN_DUID,1,"2015/12/17 10:15:00",MTMILLAR,1.718943,"2015/12/17 10:10:04"
D,METER_DATA,GEN_DUID,1,"2015/12/17 10:15:00",PALOONA,7.78,"2015/12/17 10:10:04"
D,METER_DATA,GEN_DUID,1,"2015/12/17 10:15:00",PIONEER,-0.40,"2015/12/17 10:10:04"
D,METER_DATA,GEN_DUID,1,"2015/12/17 10:15:00",PORTWF,15,"2015/12/17 10:10:04"
D,METER_DATA,GEN_DUID,1,"2015/12/17 10:15:00",REPULSE,16.044310,"2015/12/17 10:10:04"
D,METER_DATA,GEN_DUID,1,"2015/12/17 10:15:00",ROWALLAN,0,"2015/12/17 10:10:04"
D,METER_DATA,GEN_DUID,1,"2015/12/17 10:15:00",RPCG,8.70,"2015/12/17 10:10:04"
D,METER_DATA,GEN_DUID,1,"2015/12/17 10:15:00",RUBICON,0,"2015/12/17 10:10:04"
D,METER_DATA,GEN_DUID,1,"2015/12/17 10:15:00",STARHLWF,10.396968,"2015/12/17 10:10:04"
D,METER_DATA,GEN_DUID,1,"2015/12/17 10:15:00",WAUBRAWF,52.34,"2015/12/17 10:10:04"
D,METER_DATA,GEN_DUID,1,"2015/12/17 10:15:00",WOOLNTH1,111.190018,"2015/12/17 10:10:04"
D,METER_DATA,GEN_DUID,1,"2015/12/17 10:15:00",WPWF,11,"2015/12/17 10:10:04"
D,METER_DATA,GEN_DUID,1,"2015/12/17 10:15:00",YAMBUKWF,2.80,"2015/12/17 10:10:04"
D,METER_DATA,GEN_DUID,1,"2015/12/17 10:20:00",BUTLERSG,-0.000002,"2015/12/17 10:15:04"
D,METER_DATA,GEN_DUID,1,"2015/12/17 10:20:00",CALL_A_4,0,"2015/12/17 10:15:04"
D,METER_DATA,GEN_DUID,1,"2015/12/17 10:20:00",CAPTL_WF,0,"2015/12/17 10:15:04"
D,METER_DATA,GEN_DUID,1,"2015/12/17 10:20:00",CATHROCK,3.39,"2015/12/17 10:15:04"
D,METER_DATA,GEN_DUID,1,"2015/12/17 10:20:00",CHALLHWF,5.10,"2015/12/17 10:15:04"
D,METER_DATA,GEN_DUID,1,"2015/12/17 10:20:00",CLOVER,-0.02,"2015/12/17 10:15:04"
D,METER_DATA,GEN_DUID,1,"2015/12/17 10:20:00",CLUNY,9.502851,"2015/12/17 10:15:04"
D,METER_DATA,GEN_DUID,1,"2015/12/17 10:20:00",CNUNDAWF,0.800934,"2015/12/17 10:15:04"
D,METER_DATA,GEN_DUID,1,"2015/12/17 10:20:00",CULLRGWF,0,"2015/12/17 10:15:04"
D,METER_DATA,GEN_DUID,1,"2015/12/17 10:20:00",ERGT01,0,"2015/12/17 10:15:04"
D,METER_DATA,GEN_DUID,1,"2015/12/17 10:20:00",GB01,0.189026,"2015/12/17 10:15:04"
D,METER_DATA,GEN_DUID,1,"2015/12/17 10:20:00",GERMCRK,32.50,"2015/12/17 10:15:04"
D,METER_DATA,GEN_DUID,1,"2015/12/17 10:20:00",INVICTA,0,"2015/12/17 10:15:04"
D,METER_DATA,GEN_DUID,1,"2015/12/17 10:20:00",LKBONNY1,5.537180,"2015/12/17 10:15:04"
D,METER_DATA,GEN_DUID,1,"2015/12/17 10:20:00",MBAHNTH,1.893751,"2015/12/17 10:15:04"
D,METER_DATA,GEN_DUID,1,"2015/12/17 10:20:00",MLWF1,2.5050,"2015/12/17 10:15:04"
D,METER_DATA,GEN_DUID,1,"2015/12/17 10:20:00",MTMILLAR,1.250140,"2015/12/17 10:15:04"
D,METER_DATA,GEN_DUID,1,"2015/12/17 10:20:00",PALOONA,7.78,"2015/12/17 10:15:04"
D,METER_DATA,GEN_DUID,1,"2015/12/17 10:20:00",PIONEER,-0.40,"2015/12/17 10:15:04"
D,METER_DATA,GEN_DUID,1,"2015/12/17 10:20:00",PORTWF,15.40,"2015/12/17 10:15:04"
D,METER_DATA,GEN_DUID,1,"2015/12/17 10:20:00",REPULSE,16.654070,"2015/12/17 10:15:04"
D,METER_DATA,GEN_DUID,1,"2015/12/17 10:20:00",ROWALLAN,0,"2015/12/17 10:15:04"
D,METER_DATA,GEN_DUID,1,"2015/12/17 10:20:00",RPCG,8.40,"2015/12/17 10:15:04"
D,METER_DATA,GEN_DUID,1,"2015/12/17 10:20:00",RUBICON,0,"2015/12/17 10:15:04"
D,METER_DATA,GEN_DUID,1,"2015/12/17 10:20:00",STARHLWF,9.097347,"2015/12/17 10:15:04"
D,METER_DATA,GEN_DUID,1,"2015/12/17 10:20:00",WAUBRAWF,53.634998,"2015/12/17 10:15:04"
D,METER_DATA,GEN_DUID,1,"2015/12/17 10:20:00",WOOLNTH1,115.470016,"2015/12/17 10:15:04"
D,METER_DATA,GEN_DUID,1,"2015/12/17 10:20:00",WPWF,9,"2015/12/17 10:15:04"
D,METER_DATA,GEN_DUID,1,"2015/12/17 10:20:00",YAMBUKWF,4.10,"2015/12/17 10:15:04"
D,METER_DATA,GEN_DUID,1,"2015/12/17 10:25:00",ANGAS1,28.083820,"2015/12/17 10:20:04"
D,METER_DATA,GEN_DUID,1,"2015/12/17 10:25:00",ANGAS2,9.202851,"2015/12/17 10:20:04"
D,METER_DATA,GEN_DUID,1,"2015/12/17 10:25:00",BUTLERSG,-0.000002,"2015/12/17 10:20:04"
D,METER_DATA,GEN_DUID,1,"2015/12/17 10:25:00",CALL_A_4,0,"2015/12/17 10:20:04"
D,METER_DATA,GEN_DUID,1,"2015/12/17 10:25:00",CAPTL_WF,0,"2015/12/17 10:20:04"
D,METER_DATA,GEN_DUID,1,"2015/12/17 10:25:00",CATHROCK,3.13,"2015/12/17 10:20:04"
D,METER_DATA,GEN_DUID,1,"2015/12/17 10:25:00",CHALLHWF,7.30,"2015/12/17 10:20:04"
D,METER_DATA,GEN_DUID,1,"2015/12/17 10:25:00",CLOVER,-0.01,"2015/12/17 10:20:04"
D,METER_DATA,GEN_DUID,1,"2015/12/17 10:25:00",CLUNY,9.231340,"2015/12/17 10:20:04"
D,METER_DATA,GEN_DUID,1,"2015/12/17 10:25:00",CNUNDAWF,0.800934,"2015/12/17 10:20:04"
D,METER_DATA,GEN_DUID,1,"2015/12/17 10:25:00",CULLRGWF,0,"2015/12/17 10:20:04"
D,METER_DATA,GEN_DUID,1,"2015/12/17 10:25:00",ERGT01,0,"2015/12/17 10:20:04"
D,METER_DATA,GEN_DUID,1,"2015/12/17 10:25:00",GB01,0.189026,"2015/12/17 10:20:04"
D,METER_DATA,GEN_DUID,1,"2015/12/17 10:25:00",GERMCRK,31.700001,"2015/12/17 10:20:04"
D,METER_DATA,GEN_DUID,1,"2015/12/17 10:25:00",INVICTA,0,"2015/12/17 10:20:04"
D,METER_DATA,GEN_DUID,1,"2015/12/17 10:25:00",LKBONNY1,5.358562,"2015/12/17 10:20:04"
D,METER_DATA,GEN_DUID,1,"2015/12/17 10:25:00",MBAHNTH,1.893751,"2015/12/17 10:20:04"
D,METER_DATA,GEN_DUID,1,"2015/12/17 10:25:00",MLWF1,2.76,"2015/12/17 10:20:04"
D,METER_DATA,GEN_DUID,1,"2015/12/17 10:25:00",MTMILLAR,1.9273,"2015/12/17 10:20:04"
D,METER_DATA,GEN_DUID,1,"2015/12/17 10:25:00",PALOONA,7.95,"2015/12/17 10:20:04"
D,METER_DATA,GEN_DUID,1,"2015/12/17 10:25:00",PIONEER,-0.40,"2015/12/17 10:20:04"
D,METER_DATA,GEN_DUID,1,"2015/12/17 10:25:00",PORTWF,15.80,"2015/12/17 10:20:04"
D,METER_DATA,GEN_DUID,1,"2015/12/17 10:25:00",REPULSE,15.834704,"2015/12/17 10:20:04"
D,METER_DATA,GEN_DUID,1,"2015/12/17 10:25:00",ROWALLAN,0,"2015/12/17 10:20:04"
D,METER_DATA,GEN_DUID,1,"2015/12/17 10:25:00",RPCG,9.50,"2015/12/17 10:20:04"
D,METER_DATA,GEN_DUID,1,"2015/12/17 10:25:00",RUBICON,0,"2015/12/17 10:20:04"
D,METER_DATA,GEN_DUID,1,"2015/12/17 10:25:00",STARHLWF,8.797435,"2015/12/17 10:20:04"
D,METER_DATA,GEN_DUID,1,"2015/12/17 10:25:00",WAUBRAWF,47.129002,"2015/12/17 10:20:04"
D,METER_DATA,GEN_DUID,1,"2015/12/17 10:25:00",WOOLNTH1,111.640015,"2015/12/17 10:20:04"
D,METER_DATA,GEN_DUID,1,"2015/12/17 10:25:00",WPWF,8,"2015/12/17 10:20:04"
D,METER_DATA,GEN_DUID,1,"2015/12/17 10:25:00",YAMBUKWF,4.30,"2015/12/17 10:20:04"
D,METER_DATA,GEN_DUID,1,"2015/12/17 10:30:00",ANGAS1,27.945560,"2015/12/17 10:25:05"
D,METER_DATA,GEN_DUID,1,"2015/12/17 10:30:00",ANGAS2,9.271981,"2015/12/17 10:25:05"
D,METER_DATA,GEN_DUID,1,"2015/12/17 10:30:00",BUTLERSG,-0.000002,"2015/12/17 10:25:05"
D,METER_DATA,GEN_DUID,1,"2015/12/17 10:30:00",CALL_A_4,0,"2015/12/17 10:25:05"
D,METER_DATA,GEN_DUID,1,"2015/12/17 10:30:00",CAPTL_WF,0,"2015/12/17 10:25:05"
D,METER_DATA,GEN_DUID,1,"2015/12/17 10:30:00",CATHROCK,0,"2015/12/17 10:25:05"
D,METER_DATA,GEN_DUID,1,"2015/12/17 10:30:00",CHALLHWF,6.80,"2015/12/17 10:25:05"
D,METER_DATA,GEN_DUID,1,"2015/12/17 10:30:00",CLOVER,0.48,"2015/12/17 10:25:05"
D,METER_DATA,GEN_DUID,1,"2015/12/17 10:30:00",CLUNY,9.317080,"2015/12/17 10:25:05"
D,METER_DATA,GEN_DUID,1,"2015/12/17 10:30:00",CNUNDAWF,2.502920,"2015/12/17 10:25:05"
D,METER_DATA,GEN_DUID,1,"2015/12/17 10:30:00",CULLRGWF,0,"2015/12/17 10:25:05"
D,METER_DATA,GEN_DUID,1,"2015/12/17 10:30:00",ERGT01,0,"2015/12/17 10:25:05"
D,METER_DATA,GEN_DUID,1,"2015/12/17 10:30:00",GB01,0.189026,"2015/12/17 10:25:05"
D,METER_DATA,GEN_DUID,1,"2015/12/17 10:30:00",GERMCRK,32.599998,"2015/12/17 10:25:05"
D,METER_DATA,GEN_DUID,1,"2015/12/17 10:30:00",INVICTA,0,"2015/12/17 10:25:05"
D,METER_DATA,GEN_DUID,1,"2015/12/17 10:30:00",LKBONNY1,5.001324,"2015/12/17 10:25:05"
D,METER_DATA,GEN_DUID,1,"2015/12/17 10:30:00",MBAHNTH,1.893751,"2015/12/17 10:25:05"
D,METER_DATA,GEN_DUID,1,"2015/12/17 10:30:00",MLWF1,3.18,"2015/12/17 10:25:05"
D,METER_DATA,GEN_DUID,1,"2015/12/17 10:30:00",MTMILLAR,3.571830,"2015/12/17 10:25:05"
D,METER_DATA,GEN_DUID,1,"2015/12/17 10:30:00",PALOONA,7.95,"2015/12/17 10:25:05"
D,METER_DATA,GEN_DUID,1,"2015/12/17 10:30:00",PIONEER,-0.40,"2015/12/17 10:25:05"
D,METER_DATA,GEN_DUID,1,"2015/12/17 10:30:00",PORTWF,15.90,"2015/12/17 10:25:05"
D,METER_DATA,GEN_DUID,1,"2015/12/17 10:30:00",REPULSE,16.349190,"2015/12/17 10:25:05"
D,METER_DATA,GEN_DUID,1,"2015/12/17 10:30:00",ROWALLAN,0,"2015/12/17 10:25:05"
D,METER_DATA,GEN_DUID,1,"2015/12/17 10:30:00",RPCG,9.50,"2015/12/17 10:25:05"
D,METER_DATA,GEN_DUID,1,"2015/12/17 10:30:00",RUBICON,0,"2015/12/17 10:25:05"
D,METER_DATA,GEN_DUID,1,"2015/12/17 10:30:00",STARHLWF,7.997668,"2015/12/17 10:25:05"
D,METER_DATA,GEN_DUID,1,"2015/12/17 10:30:00",WAUBRAWF,49.130001,"2015/12/17 10:25:05"
D,METER_DATA,GEN_DUID,1,"2015/12/17 10:30:00",WOOLNTH1,114.080017,"2015/12/17 10:25:05"
D,METER_DATA,GEN_DUID,1,"2015/12/17 10:30:00",WPWF,9,"2015/12/17 10:25:05"
D,METER_DATA,GEN_DUID,1,"2015/12/17 10:30:00",YAMBUKWF,4,"2015/12/17 10:25:05"
D,METER_DATA,GEN_DUID,1,"2015/12/17 10:35:00",ANGAS1,28.105423,"2015/12/17 10:30:05"
D,METER_DATA,GEN_DUID,1,"2015/12/17 10:35:00",ANGAS2,9.271981,"2015/12/17 10:30:05"
D,METER_DATA,GEN_DUID,1,"2015/12/17 10:35:00",BUTLERSG,-0.000002,"2015/12/17 10:30:05"
D,METER_DATA,GEN_DUID,1,"2015/12/17 10:35:00",CALL_A_4,0,"2015/12/17 10:30:05"
D,METER_DATA,GEN_DUID,1,"2015/12/17 10:35:00",CAPTL_WF,0,"2015/12/17 10:30:05"
D,METER_DATA,GEN_DUID,1,"2015/12/17 10:35:00",CATHROCK,0,"2015/12/17 10:30:05"
D,METER_DATA,GEN_DUID,1,"2015/12/17 10:35:00",CHALLHWF,6,"2015/12/17 10:30:05"
D,METER_DATA,GEN_DUID,1,"2015/12/17 10:35:00",CLOVER,4.56,"2015/12/17 10:30:05"
D,METER_DATA,GEN_DUID,1,"2015/12/17 10:35:00",CLUNY,8.631160,"2015/12/17 10:30:05"
D,METER_DATA,GEN_DUID,1,"2015/12/17 10:35:00",CNUNDAWF,3.804438,"2015/12/17 10:30:05"
D,METER_DATA,GEN_DUID,1,"2015/12/17 10:35:00",CULLRGWF,0,"2015/12/17 10:30:05"
D,METER_DATA,GEN_DUID,1,"2015/12/17 10:35:00",ERGT01,0,"2015/12/17 10:30:05"
D,METER_DATA,GEN_DUID,1,"2015/12/17 10:35:00",GB01,0.189026,"2015/12/17 10:30:05"
D,METER_DATA,GEN_DUID,1,"2015/12/17 10:35:00",GERMCRK,33.50,"2015/12/17 10:30:05"
D,METER_DATA,GEN_DUID,1,"2015/12/17 10:35:00",INVICTA,0,"2015/12/17 10:30:05"
D,METER_DATA,GEN_DUID,1,"2015/12/17 10:35:00",LKBONNY1,8.930936,"2015/12/17 10:30:05"
D,METER_DATA,GEN_DUID,1,"2015/12/17 10:35:00",MBAHNTH,1.893751,"2015/12/17 10:30:05"
D,METER_DATA,GEN_DUID,1,"2015/12/17 10:35:00",MLWF1,2.2950,"2015/12/17 10:30:05"
D,METER_DATA,GEN_DUID,1,"2015/12/17 10:35:00",MTMILLAR,2.113333,"2015/12/17 10:30:05"
D,METER_DATA,GEN_DUID,1,"2015/12/17 10:35:00",PALOONA,7.95,"2015/12/17 10:30:05"
D,METER_DATA,GEN_DUID,1,"2015/12/17 10:35:00",PIONEER,-0.40,"2015/12/17 10:30:05"
D,METER_DATA,GEN_DUID,1,"2015/12/17 10:35:00",PORTWF,14.40,"2015/12/17 10:30:05"
D,METER_DATA,GEN_DUID,1,"2015/12/17 10:35:00",REPULSE,16.330135,"2015/12/17 10:30:05"
D,METER_DATA,GEN_DUID,1,"2015/12/17 10:35:00",ROWALLAN,0,"2015/12/17 10:30:05"
D,METER_DATA,GEN_DUID,1,"2015/12/17 10:35:00",RPCG,9.50,"2015/12/17 10:30:05"
D,METER_DATA,GEN_DUID,1,"2015/12/17 10:35:00",RUBICON,0,"2015/12/17 10:30:05"
D,METER_DATA,GEN_DUID,1,"2015/12/17 10:35:00",STARHLWF,8.197610,"2015/12/17 10:30:05"
D,METER_DATA,GEN_DUID,1,"2015/12/17 10:35:00",WAUBRAWF,46.1320,"2015/12/17 10:30:05"
D,METER_DATA,GEN_DUID,1,"2015/12/17 10:35:00",WOOLNTH1,117.690018,"2015/12/17 10:30:05"
D,METER_DATA,GEN_DUID,1,"2015/12/17 10:35:00",WPWF,11,"2015/12/17 10:30:05"
D,METER_DATA,GEN_DUID,1,"2015/12/17 10:35:00",YAMBUKWF,3.20,"2015/12/17 10:30:05"
D,METER_DATA,GEN_DUID,1,"2015/12/17 10:40:00",ANGAS1,28.200476,"2015/12/17 10:35:04"
D,METER_DATA,GEN_DUID,1,"2015/12/17 10:40:00",ANGAS2,9.271981,"2015/12/17 10:35:04"
D,METER_DATA,GEN_DUID,1,"2015/12/17 10:40:00",BUTLERSG,-0.000002,"2015/12/17 10:35:04"
D,METER_DATA,GEN_DUID,1,"2015/12/17 10:40:00",CALL_A_4,0,"2015/12/17 10:35:04"
D,METER_DATA,GEN_DUID,1,"2015/12/17 10:40:00",CAPTL_WF,0,"2015/12/17 10:35:04"
D,METER_DATA,GEN_DUID,1,"2015/12/17 10:40:00",CATHROCK,1.53,"2015/12/17 10:35:04"
D,METER_DATA,GEN_DUID,1,"2015/12/17 10:40:00",CHALLHWF,4.30,"2015/12/17 10:35:04"
D,METER_DATA,GEN_DUID,1,"2015/12/17 10:40:00",CLOVER,12.47,"2015/12/17 10:35:04"
D,METER_DATA,GEN_DUID,1,"2015/12/17 10:40:00",CLUNY,8.116720,"2015/12/17 10:35:04"
D,METER_DATA,GEN_DUID,1,"2015/12/17 10:40:00",CNUNDAWF,3.804438,"2015/12/17 10:35:04"
D,METER_DATA,GEN_DUID,1,"2015/12/17 10:40:00",CULLRGWF,0,"2015/12/17 10:35:04"
D,METER_DATA,GEN_DUID,1,"2015/12/17 10:40:00",ERGT01,0,"2015/12/17 10:35:04"
D,METER_DATA,GEN_DUID,1,"2015/12/17 10:40:00",GB01,0.189026,"2015/12/17 10:35:04"
D,METER_DATA,GEN_DUID,1,"2015/12/17 10:40:00",GERMCRK,32.400002,"2015/12/17 10:35:04"
D,METER_DATA,GEN_DUID,1,"2015/12/17 10:40:00",INVICTA,0,"2015/12/17 10:35:04"
D,METER_DATA,GEN_DUID,1,"2015/12/17 10:40:00",LKBONNY1,10.359886,"2015/12/17 10:35:04"
D,METER_DATA,GEN_DUID,1,"2015/12/17 10:40:00",MBAHNTH,1.893751,"2015/12/17 10:35:04"
D,METER_DATA,GEN_DUID,1,"2015/12/17 10:40:00",MLWF1,3.48,"2015/12/17 10:35:04"
D,METER_DATA,GEN_DUID,1,"2015/12/17 10:40:00",MTMILLAR,2.396102,"2015/12/17 10:35:04"
D,METER_DATA,GEN_DUID,1,"2015/12/17 10:40:00",PALOONA,7.95,"2015/12/17 10:35:04"
D,METER_DATA,GEN_DUID,1,"2015/12/17 10:40:00",PIONEER,-0.40,"2015/12/17 10:35:04"
D,METER_DATA,GEN_DUID,1,"2015/12/17 10:40:00",PORTWF,14.70,"2015/12/17 10:35:04"
D,METER_DATA,GEN_DUID,1,"2015/12/17 10:40:00",REPULSE,14.253139,"2015/12/17 10:35:04"
D,METER_DATA,GEN_DUID,1,"2015/12/17 10:40:00",ROWALLAN,0,"2015/12/17 10:35:04"
D,METER_DATA,GEN_DUID,1,"2015/12/17 10:40:00",RPCG,10.80,"2015/12/17 10:35:04"
D,METER_DATA,GEN_DUID,1,"2015/12/17 10:40:00",RUBICON,0,"2015/12/17 10:35:04"
D,METER_DATA,GEN_DUID,1,"2015/12/17 10:40:00",STARHLWF,7.597785,"2015/12/17 10:35:04"
D,METER_DATA,GEN_DUID,1,"2015/12/17 10:40:00",WAUBRAWF,42.358002,"2015/12/17 10:35:04"
D,METER_DATA,GEN_DUID,1,"2015/12/17 10:40:00",WOOLNTH1,117.460022,"2015/12/17 10:35:04"
D,METER_DATA,GEN_DUID,1,"2015/12/17 10:40:00",WPWF,12,"2015/12/17 10:35:04"
D,METER_DATA,GEN_DUID,1,"2015/12/17 10:40:00",YAMBUKWF,3.20,"2015/12/17 10:35:04"
D,METER_DATA,GEN_DUID,1,"2015/12/17 10:45:00",ANGAS1,27.945560,"2015/12/17 10:40:04"
D,METER_DATA,GEN_DUID,1,"2015/12/17 10:45:00",ANGAS2,9.271981,"2015/12/17 10:40:04"
D,METER_DATA,GEN_DUID,1,"2015/12/17 10:45:00",BUTLERSG,-0.000002,"2015/12/17 10:40:04"
D,METER_DATA,GEN_DUID,1,"2015/12/17 10:45:00",CALL_A_4,0,"2015/12/17 10:40:04"
D,METER_DATA,GEN_DUID,1,"2015/12/17 10:45:00",CAPTL_WF,0,"2015/12/17 10:40:04"
D,METER_DATA,GEN_DUID,1,"2015/12/17 10:45:00",CATHROCK,1.40,"2015/12/17 10:40:04"
D,METER_DATA,GEN_DUID,1,"2015/12/17 10:45:00",CHALLHWF,5.90,"2015/12/17 10:40:04"
D,METER_DATA,GEN_DUID,1,"2015/12/17 10:45:00",CLOVER,11.89,"2015/12/17 10:40:04"
D,METER_DATA,GEN_DUID,1,"2015/12/17 10:45:00",CLUNY,8.7169,"2015/12/17 10:40:04"
D,METER_DATA,GEN_DUID,1,"2015/12/17 10:45:00",CNUNDAWF,4.004672,"2015/12/17 10:40:04"
D,METER_DATA,GEN_DUID,1,"2015/12/17 10:45:00",CULLRGWF,0,"2015/12/17 10:40:04"
D,METER_DATA,GEN_DUID,1,"2015/12/17 10:45:00",ERGT01,0,"2015/12/17 10:40:04"
D,METER_DATA,GEN_DUID,1,"2015/12/17 10:45:00",GB01,0.189026,"2015/12/17 10:40:04"
D,METER_DATA,GEN_DUID,1,"2015/12/17 10:45:00",GERMCRK,31.50,"2015/12/17 10:40:04"
D,METER_DATA,GEN_DUID,1,"2015/12/17 10:45:00",INVICTA,0,"2015/12/17 10:40:04"
D,METER_DATA,GEN_DUID,1,"2015/12/17 10:45:00",LKBONNY1,9.377483,"2015/12/17 10:40:04"
D,METER_DATA,GEN_DUID,1,"2015/12/17 10:45:00",MBAHNTH,1.893751,"2015/12/17 10:40:04"
D,METER_DATA,GEN_DUID,1,"2015/12/17 10:45:00",MLWF1,3.30,"2015/12/17 10:40:04"
D,METER_DATA,GEN_DUID,1,"2015/12/17 10:45:00",MTMILLAR,2.388661,"2015/12/17 10:40:04"
D,METER_DATA,GEN_DUID,1,"2015/12/17 10:45:00",PALOONA,7.95,"2015/12/17 10:40:04"
D,METER_DATA,GEN_DUID,1,"2015/12/17 10:45:00",PIONEER,-0.40,"2015/12/17 10:40:04"
D,METER_DATA,GEN_DUID,1,"2015/12/17 10:45:00",PORTWF,16.200001,"2015/12/17 10:40:04"
D,METER_DATA,GEN_DUID,1,"2015/12/17 10:45:00",REPULSE,14.653295,"2015/12/17 10:40:04"
D,METER_DATA,GEN_DUID,1,"2015/12/17 10:45:00",ROWALLAN,0,"2015/12/17 10:40:04"
D,METER_DATA,GEN_DUID,1,"2015/12/17 10:45:00",RPCG,10.80,"2015/12/17 10:40:04"
D,METER_DATA,GEN_DUID,1,"2015/12/17 10:45:00",RUBICON,0,"2015/12/17 10:40:04"
D,METER_DATA,GEN_DUID,1,"2015/12/17 10:45:00",STARHLWF,6.997959,"2015/12/17 10:40:04"
D,METER_DATA,GEN_DUID,1,"2015/12/17 10:45:00",WAUBRAWF,42.290001,"2015/12/17 10:40:04"
D,METER_DATA,GEN_DUID,1,"2015/12/17 10:45:00",WOOLNTH1,121.990021,"2015/12/17 10:40:04"
D,METER_DATA,GEN_DUID,1,"2015/12/17 10:45:00",WPWF,11,"2015/12/17 10:40:04"
D,METER_DATA,GEN_DUID,1,"2015/12/17 10:45:00",YAMBUKWF,2.40,"2015/12/17 10:40:04"
D,METER_DATA,GEN_DUID,1,"2015/12/17 10:50:00",ANGAS1,28.148628,"2015/12/17 10:45:04"
D,METER_DATA,GEN_DUID,1,"2015/12/17 10:50:00",ANGAS2,9.271981,"2015/12/17 10:45:04"
D,METER_DATA,GEN_DUID,1,"2015/12/17 10:50:00",BUTLERSG,-0.000002,"2015/12/17 10:45:04"
D,METER_DATA,GEN_DUID,1,"2015/12/17 10:50:00",CALL_A_4,0,"2015/12/17 10:45:04"
D,METER_DATA,GEN_DUID,1,"2015/12/17 10:50:00",CAPTL_WF,0,"2015/12/17 10:45:04"
D,METER_DATA,GEN_DUID,1,"2015/12/17 10:50:00",CATHROCK,1.42,"2015/12/17 10:45:04"
D,METER_DATA,GEN_DUID,1,"2015/12/17 10:50:00",CHALLHWF,3.50,"2015/12/17 10:45:04"
D,METER_DATA,GEN_DUID,1,"2015/12/17 10:50:00",CLOVER,11.98,"2015/12/17 10:45:04"
D,METER_DATA,GEN_DUID,1,"2015/12/17 10:50:00",CLUNY,8.702610,"2015/12/17 10:45:04"
D,METER_DATA,GEN_DUID,1,"2015/12/17 10:50:00",CNUNDAWF,4.104788,"2015/12/17 10:45:04"
D,METER_DATA,GEN_DUID,1,"2015/12/17 10:50:00",CULLRGWF,0,"2015/12/17 10:45:04"
D,METER_DATA,GEN_DUID,1,"2015/12/17 10:50:00",ERGT01,0,"2015/12/17 10:45:04"
D,METER_DATA,GEN_DUID,1,"2015/12/17 10:50:00",GB01,0.189026,"2015/12/17 10:45:04"
D,METER_DATA,GEN_DUID,1,"2015/12/17 10:50:00",GERMCRK,31.90,"2015/12/17 10:45:04"
D,METER_DATA,GEN_DUID,1,"2015/12/17 10:50:00",INVICTA,0,"2015/12/17 10:45:04"
D,METER_DATA,GEN_DUID,1,"2015/12/17 10:50:00",LKBONNY1,8.663009,"2015/12/17 10:45:04"
D,METER_DATA,GEN_DUID,1,"2015/12/17 10:50:00",MBAHNTH,1.893751,"2015/12/17 10:45:04"
D,METER_DATA,GEN_DUID,1,"2015/12/17 10:50:00",MLWF1,3.1650,"2015/12/17 10:45:04"
D,METER_DATA,GEN_DUID,1,"2015/12/17 10:50:00",MTMILLAR,2.701196,"2015/12/17 10:45:04"
D,METER_DATA,GEN_DUID,1,"2015/12/17 10:50:00",PALOONA,7.74,"2015/12/17 10:45:04"
D,METER_DATA,GEN_DUID,1,"2015/12/17 10:50:00",PIONEER,-0.40,"2015/12/17 10:45:04"
D,METER_DATA,GEN_DUID,1,"2015/12/17 10:50:00",PORTWF,16.40,"2015/12/17 10:45:04"
D,METER_DATA,GEN_DUID,1,"2015/12/17 10:50:00",REPULSE,16.215805,"2015/12/17 10:45:04"
D,METER_DATA,GEN_DUID,1,"2015/12/17 10:50:00",ROWALLAN,0,"2015/12/17 10:45:04"
D,METER_DATA,GEN_DUID,1,"2015/12/17 10:50:00",RPCG,9.70,"2015/12/17 10:45:04"
D,METER_DATA,GEN_DUID,1,"2015/12/17 10:50:00",RUBICON,0,"2015/12/17 10:45:04"
D,METER_DATA,GEN_DUID,1,"2015/12/17 10:50:00",STARHLWF,7.697755,"2015/12/17 10:45:04"
D,METER_DATA,GEN_DUID,1,"2015/12/17 10:50:00",WAUBRAWF,43.478001,"2015/12/17 10:45:04"
D,METER_DATA,GEN_DUID,1,"2015/12/17 10:50:00",WOOLNTH1,121.190018,"2015/12/17 10:45:04"
D,METER_DATA,GEN_DUID,1,"2015/12/17 10:50:00",WPWF,12,"2015/12/17 10:45:04"
D,METER_DATA,GEN_DUID,1,"2015/12/17 10:50:00",YAMBUKWF,2.80,"2015/12/17 10:45:04"
D,METER_DATA,GEN_DUID,1,"2015/12/17 10:55:00",ANGAS1,28.006048,"2015/12/17 10:50:04"
D,METER_DATA,GEN_DUID,1,"2015/12/17 10:55:00",ANGAS2,9.306545,"2015/12/17 10:50:04"
D,METER_DATA,GEN_DUID,1,"2015/12/17 10:55:00",BUTLERSG,-0.000002,"2015/12/17 10:50:04"
D,METER_DATA,GEN_DUID,1,"2015/12/17 10:55:00",CALL_A_4,0,"2015/12/17 10:50:04"
D,METER_DATA,GEN_DUID,1,"2015/12/17 10:55:00",CAPTL_WF,0,"2015/12/17 10:50:04"
D,METER_DATA,GEN_DUID,1,"2015/12/17 10:55:00",CATHROCK,2.67,"2015/12/17 10:50:04"
D,METER_DATA,GEN_DUID,1,"2015/12/17 10:55:00",CHALLHWF,1.50,"2015/12/17 10:50:04"
D,METER_DATA,GEN_DUID,1,"2015/12/17 10:55:00",CLOVER,11.92,"2015/12/17 10:50:04"
D,METER_DATA,GEN_DUID,1,"2015/12/17 10:55:00",CLUNY,8.831221,"2015/12/17 10:50:04"
D,METER_DATA,GEN_DUID,1,"2015/12/17 10:55:00",CNUNDAWF,4.004672,"2015/12/17 10:50:04"
D,METER_DATA,GEN_DUID,1,"2015/12/17 10:55:00",CULLRGWF,0.06,"2015/12/17 10:50:04"
D,METER_DATA,GEN_DUID,1,"2015/12/17 10:55:00",ERGT01,0,"2015/12/17 10:50:04"
D,METER_DATA,GEN_DUID,1,"2015/12/17 10:55:00",GB01,0.192650,"2015/12/17 10:50:04"
D,METER_DATA,GEN_DUID,1,"2015/12/17 10:55:00",GERMCRK,33.599998,"2015/12/17 10:50:04"
D,METER_DATA,GEN_DUID,1,"2015/12/17 10:55:00",INVICTA,0,"2015/12/17 10:50:04"
D,METER_DATA,GEN_DUID,1,"2015/12/17 10:55:00",LKBONNY1,9.198864,"2015/12/17 10:50:04"
D,METER_DATA,GEN_DUID,1,"2015/12/17 10:55:00",MLWF1,2.0550,"2015/12/17 10:50:04"
D,METER_DATA,GEN_DUID,1,"2015/12/17 10:55:00",MTMILLAR,1.592441,"2015/12/17 10:50:04"
D,METER_DATA,GEN_DUID,1,"2015/12/17 10:55:00",PALOONA,7.86,"2015/12/17 10:50:04"
D,METER_DATA,GEN_DUID,1,"2015/12/17 10:55:00",PIONEER,0,"2015/12/17 10:50:04"
D,METER_DATA,GEN_DUID,1,"2015/12/17 10:55:00",PORTWF,15.60,"2015/12/17 10:50:04"
D,METER_DATA,GEN_DUID,1,"2015/12/17 10:55:00",REPULSE,16.311079,"2015/12/17 10:50:04"
D,METER_DATA,GEN_DUID,1,"2015/12/17 10:55:00",ROWALLAN,0,"2015/12/17 10:50:04"
D,METER_DATA,GEN_DUID,1,"2015/12/17 10:55:00",RPCG,9.70,"2015/12/17 10:50:04"
D,METER_DATA,GEN_DUID,1,"2015/12/17 10:55:00",RUBICON,0,"2015/12/17 10:50:04"
D,METER_DATA,GEN_DUID,1,"2015/12/17 10:55:00",STARHLWF,6.498105,"2015/12/17 10:50:04"
D,METER_DATA,GEN_DUID,1,"2015/12/17 10:55:00",WAUBRAWF,42.8260,"2015/12/17 10:50:04"
D,METER_DATA,GEN_DUID,1,"2015/12/17 10:55:00",WOOLNTH1,122.170013,"2015/12/17 10:50:04"
D,METER_DATA,GEN_DUID,1,"2015/12/17 10:55:00",WPWF,10,"2015/12/17 10:50:04"
D,METER_DATA,GEN_DUID,1,"2015/12/17 10:55:00",YAMBUKWF,2.80,"2015/12/17 10:50:04"
D,METER_DATA,GEN_DUID,1,"2015/12/17 11:00:00",ANGAS1,27.967163,"2015/12/17 10:55:05"
D,METER_DATA,GEN_DUID,1,"2015/12/17 11:00:00",ANGAS2,9.306545,"2015/12/17 10:55:05"
D,METER_DATA,GEN_DUID,1,"2015/12/17 11:00:00",BUTLERSG,-0.000002,"2015/12/17 10:55:05"
D,METER_DATA,GEN_DUID,1,"2015/12/17 11:00:00",CALL_A_4,0,"2015/12/17 10:55:05"
D,METER_DATA,GEN_DUID,1,"2015/12/17 11:00:00",CAPTL_WF,0,"2015/12/17 10:55:05"
D,METER_DATA,GEN_DUID,1,"2015/12/17 11:00:00",CATHROCK,2.24,"2015/12/17 10:55:05"
D,METER_DATA,GEN_DUID,1,"2015/12/17 11:00:00",CHALLHWF,5,"2015/12/17 10:55:05"
D,METER_DATA,GEN_DUID,1,"2015/12/17 11:00:00",CLOVER,12.08,"2015/12/17 10:55:05"
D,METER_DATA,GEN_DUID,1,"2015/12/17 11:00:00",CLUNY,8.945540,"2015/12/17 10:55:05"
D,METER_DATA,GEN_DUID,1,"2015/12/17 11:00:00",CNUNDAWF,3.704321,"2015/12/17 10:55:05"
D,METER_DATA,GEN_DUID,1,"2015/12/17 11:00:00",CULLRGWF,0,"2015/12/17 10:55:05"
D,METER_DATA,GEN_DUID,1,"2015/12/17 11:00:00",ERGT01,0,"2015/12/17 10:55:05"
D,METER_DATA,GEN_DUID,1,"2015/12/17 11:00:00",GB01,0.192650,"2015/12/17 10:55:05"
D,METER_DATA,GEN_DUID,1,"2015/12/17 11:00:00",GERMCRK,32.200001,"2015/12/17 10:55:05"
D,METER_DATA,GEN_DUID,1,"2015/12/17 11:00:00",INVICTA,0,"2015/12/17 10:55:05"
D,METER_DATA,GEN_DUID,1,"2015/12/17 11:00:00",LKBONNY1,7.501987,"2015/12/17 10:55:05"
D,METER_DATA,GEN_DUID,1,"2015/12/17 11:00:00",MBAHNTH,1.893751,"2015/12/17 10:55:05"
D,METER_DATA,GEN_DUID,1,"2015/12/17 11:00:00",MLWF1,3.4950,"2015/12/17 10:55:05"
D,METER_DATA,GEN_DUID,1,"2015/12/17 11:00:00",MTMILLAR,1.242699,"2015/12/17 10:55:05"
D,METER_DATA,GEN_DUID,1,"2015/12/17 11:00:00",PALOONA,8.889999,"2015/12/17 10:55:05"
D,METER_DATA,GEN_DUID,1,"2015/12/17 11:00:00",PIONEER,0,"2015/12/17 10:55:05"
D,METER_DATA,GEN_DUID,1,"2015/12/17 11:00:00",PORTWF,15.60,"2015/12/17 10:55:05"
D,METER_DATA,GEN_DUID,1,"2015/12/17 11:00:00",REPULSE,16.615959,"2015/12/17 10:55:05"
D,METER_DATA,GEN_DUID,1,"2015/12/17 11:00:00",ROWALLAN,0,"2015/12/17 10:55:05"
D,METER_DATA,GEN_DUID,1,"2015/12/17 11:00:00",RPCG,10.80,"2015/12/17 10:55:05"
D,METER_DATA,GEN_DUID,1,"2015/12/17 11:00:00",RUBICON,0,"2015/12/17 10:55:05"
D,METER_DATA,GEN_DUID,1,"2015/12/17 11:00:00",STARHLWF,4.298747,"2015/12/17 10:55:05"
D,METER_DATA,GEN_DUID,1,"2015/12/17 11:00:00",WAUBRAWF,37.660999,"2015/12/17 10:55:05"
D,METER_DATA,GEN_DUID,1,"2015/12/17 11:00:00",WOOLNTH1,115.610016,"2015/12/17 10:55:05"
D,METER_DATA,GEN_DUID,1,"2015/12/17 11:00:00",WPWF,7,"2015/12/17 10:55:05"
D,METER_DATA,GEN_DUID,1,"2015/12/17 11:00:00",YAMBUKWF,2.50,"2015/12/17 10:55:05"
D,METER_DATA,GEN_DUID,1,"2015/12/17 11:05:00",ANGAS1,28.036293,"2015/12/17 11:00:04"
D,METER_DATA,GEN_DUID,1,"2015/12/17 11:05:00",ANGAS2,9.306545,"2015/12/17 11:00:04"
D,METER_DATA,GEN_DUID,1,"2015/12/17 11:05:00",BUTLERSG,-0.000002,"2015/12/17 11:00:04"
D,METER_DATA,GEN_DUID,1,"2015/12/17 11:05:00",CALL_A_4,0,"2015/12/17 11:00:04"
D,METER_DATA,GEN_DUID,1,"2015/12/17 11:05:00",CAPTL_WF,0,"2015/12/17 11:00:04"
D,METER_DATA,GEN_DUID,1,"2015/12/17 11:05:00",CATHROCK,1.79,"2015/12/17 11:00:04"
D,METER_DATA,GEN_DUID,1,"2015/12/17 11:05:00",CHALLHWF,2.20,"2015/12/17 11:00:04"
D,METER_DATA,GEN_DUID,1,"2015/12/17 11:05:00",CLOVER,11.91,"2015/12/17 11:00:04"
D,METER_DATA,GEN_DUID,1,"2015/12/17 11:05:00",CLUNY,8.616870,"2015/12/17 11:00:04"
D,METER_DATA,GEN_DUID,1,"2015/12/17 11:05:00",CNUNDAWF,3.904555,"2015/12/17 11:00:04"
D,METER_DATA,GEN_DUID,1,"2015/12/17 11:05:00",CULLRGWF,0,"2015/12/17 11:00:04"
D,METER_DATA,GEN_DUID,1,"2015/12/17 11:05:00",ERGT01,0,"2015/12/17 11:00:04"
D,METER_DATA,GEN_DUID,1,"2015/12/17 11:05:00",GB01,0.192650,"2015/12/17 11:00:04"
D,METER_DATA,GEN_DUID,1,"2015/12/17 11:05:00",GERMCRK,33.599998,"2015/12/17 11:00:04"
D,METER_DATA,GEN_DUID,1,"2015/12/17 11:05:00",INVICTA,0,"2015/12/17 11:00:04"
D,METER_DATA,GEN_DUID,1,"2015/12/17 11:05:00",LKBONNY1,5.179943,"2015/12/17 11:00:04"
D,METER_DATA,GEN_DUID,1,"2015/12/17 11:05:00",MBAHNTH,1.893751,"2015/12/17 11:00:04"
D,METER_DATA,GEN_DUID,1,"2015/12/17 11:05:00",MLWF1,3.63,"2015/12/17 11:00:04"
D,METER_DATA,GEN_DUID,1,"2015/12/17 11:05:00",MTMILLAR,0.825986,"2015/12/17 11:00:04"
D,METER_DATA,GEN_DUID,1,"2015/12/17 11:05:00",PALOONA,8.849999,"2015/12/17 11:00:04"
D,METER_DATA,GEN_DUID,1,"2015/12/17 11:05:00",PIONEER,0,"2015/12/17 11:00:04"
D,METER_DATA,GEN_DUID,1,"2015/12/17 11:05:00",PORTWF,15.50,"2015/12/17 11:00:04"
D,METER_DATA,GEN_DUID,1,"2015/12/17 11:05:00",REPULSE,15.625099,"2015/12/17 11:00:04"
D,METER_DATA,GEN_DUID,1,"2015/12/17 11:05:00",ROWALLAN,0,"2015/12/17 11:00:04"
D,METER_DATA,GEN_DUID,1,"2015/12/17 11:05:00",RPCG,9.70,"2015/12/17 11:00:04"
D,METER_DATA,GEN_DUID,1,"2015/12/17 11:05:00",RUBICON,0,"2015/12/17 11:00:04"
D,METER_DATA,GEN_DUID,1,"2015/12/17 11:05:00",STARHLWF,4.798601,"2015/12/17 11:00:04"
D,METER_DATA,GEN_DUID,1,"2015/12/17 11:05:00",WAUBRAWF,27.377001,"2015/12/17 11:00:04"
D,METER_DATA,GEN_DUID,1,"2015/12/17 11:05:00",WOOLNTH1,110.810013,"2015/12/17 11:00:04"
D,METER_DATA,GEN_DUID,1,"2015/12/17 11:05:00",WPWF,5,"2015/12/17 11:00:04"
D,METER_DATA,GEN_DUID,1,"2015/12/17 11:05:00",YAMBUKWF,2.20,"2015/12/17 11:00:04"
D,METER_DATA,GEN_DUID,1,"2015/12/17 11:10:00",ANGAS1,27.936920,"2015/12/17 11:05:04"
D,METER_DATA,GEN_DUID,1,"2015/12/17 11:10:00",ANGAS2,9.293584,"2015/12/17 11:05:04"
D,METER_DATA,GEN_DUID,1,"2015/12/17 11:10:00",BUTLERSG,-0.000002,"2015/12/17 11:05:04"
D,METER_DATA,GEN_DUID,1,"2015/12/17 11:10:00",CALL_A_4,0,"2015/12/17 11:05:04"
D,METER_DATA,GEN_DUID,1,"2015/12/17 11:10:00",CAPTL_WF,0,"2015/12/17 11:05:04"
D,METER_DATA,GEN_DUID,1,"2015/12/17 11:10:00",CATHROCK,1.89,"2015/12/17 11:05:04"
D,METER_DATA,GEN_DUID,1,"2015/12/17 11:10:00",CHALLHWF,0.90,"2015/12/17 11:05:04"
D,METER_DATA,GEN_DUID,1,"2015/12/17 11:10:00",CLOVER,11.85,"2015/12/17 11:05:04"
D,METER_DATA,GEN_DUID,1,"2015/12/17 11:10:00",CLUNY,8.545421,"2015/12/17 11:05:04"
D,METER_DATA,GEN_DUID,1,"2015/12/17 11:10:00",CNUNDAWF,3.504088,"2015/12/17 11:05:04"
D,METER_DATA,GEN_DUID,1,"2015/12/17 11:10:00",CULLRGWF,0.36,"2015/12/17 11:05:04"
D,METER_DATA,GEN_DUID,1,"2015/12/17 11:10:00",ERGT01,0,"2015/12/17 11:05:04"
D,METER_DATA,GEN_DUID,1,"2015/12/17 11:10:00",GB01,0.192650,"2015/12/17 11:05:04"
D,METER_DATA,GEN_DUID,1,"2015/12/17 11:10:00",GERMCRK,31.799999,"2015/12/17 11:05:04"
D,METER_DATA,GEN_DUID,1,"2015/12/17 11:10:00",INVICTA,0,"2015/12/17 11:05:04"
D,METER_DATA,GEN_DUID,1,"2015/12/17 11:10:00",LKBONNY1,5.537180,"2015/12/17 11:05:04"
D,METER_DATA,GEN_DUID,1,"2015/12/17 11:10:00",MBAHNTH,1.893751,"2015/12/17 11:05:04"
D,METER_DATA,GEN_DUID,1,"2015/12/17 11:10:00",MLWF1,3.27,"2015/12/17 11:05:04"
D,METER_DATA,GEN_DUID,1,"2015/12/17 11:10:00",MTMILLAR,1.510586,"2015/12/17 11:05:04"
D,METER_DATA,GEN_DUID,1,"2015/12/17 11:10:00",PALOONA,8.849999,"2015/12/17 11:05:04"
D,METER_DATA,GEN_DUID,1,"2015/12/17 11:10:00",PIONEER,0,"2015/12/17 11:05:04"
D,METER_DATA,GEN_DUID,1,"2015/12/17 11:10:00",PORTWF,14.60,"2015/12/17 11:05:04"
D,METER_DATA,GEN_DUID,1,"2015/12/17 11:10:00",REPULSE,15.434549,"2015/12/17 11:05:04"
D,METER_DATA,GEN_DUID,1,"2015/12/17 11:10:00",ROWALLAN,0,"2015/12/17 11:05:04"
D,METER_DATA,GEN_DUID,1,"2015/12/17 11:10:00",RPCG,9.70,"2015/12/17 11:05:04"
D,METER_DATA,GEN_DUID,1,"2015/12/17 11:10:00",RUBICON,0,"2015/12/17 11:05:04"
D,METER_DATA,GEN_DUID,1,"2015/12/17 11:10:00",STARHLWF,6.698047,"2015/12/17 11:05:04"
D,METER_DATA,GEN_DUID,1,"2015/12/17 11:10:00",WAUBRAWF,25.823999,"2015/12/17 11:05:04"
D,METER_DATA,GEN_DUID,1,"2015/12/17 11:10:00",WOOLNTH1,117.890015,"2015/12/17 11:05:04"
D,METER_DATA,GEN_DUID,1,"2015/12/17 11:10:00",WPWF,3,"2015/12/17 11:05:04"
D,METER_DATA,GEN_DUID,1,"2015/12/17 11:10:00",YAMBUKWF,2.10,"2015/12/17 11:05:04"
D,METER_DATA,GEN_DUID,1,"2015/12/17 11:15:00",ANGAS1,27.984446,"2015/12/17 11:10:04"
D,METER_DATA,GEN_DUID,1,"2015/12/17 11:15:00",ANGAS2,9.263340,"2015/12/17 11:10:04"
D,METER_DATA,GEN_DUID,1,"2015/12/17 11:15:00",BUTLERSG,-0.000002,"2015/12/17 11:10:04"
D,METER_DATA,GEN_DUID,1,"2015/12/17 11:15:00",CALL_A_4,0,"2015/12/17 11:10:04"
D,METER_DATA,GEN_DUID,1,"2015/12/17 11:15:00",CAPTL_WF,0,"2015/12/17 11:10:04"
D,METER_DATA,GEN_DUID,1,"2015/12/17 11:15:00",CATHROCK,1.46,"2015/12/17 11:10:04"
D,METER_DATA,GEN_DUID,1,"2015/12/17 11:15:00",CHALLHWF,1.90,"2015/12/17 11:10:04"
D,METER_DATA,GEN_DUID,1,"2015/12/17 11:15:00",CLOVER,11.96,"2015/12/17 11:10:04"
D,METER_DATA,GEN_DUID,1,"2015/12/17 11:15:00",CLUNY,8.645451,"2015/12/17 11:10:04"
D,METER_DATA,GEN_DUID,1,"2015/12/17 11:15:00",CNUNDAWF,3.604205,"2015/12/17 11:10:04"
D,METER_DATA,GEN_DUID,1,"2015/12/17 11:15:00",CULLRGWF,0.78,"2015/12/17 11:10:04"
D,METER_DATA,GEN_DUID,1,"2015/12/17 11:15:00",ERGT01,0,"2015/12/17 11:10:04"
D,METER_DATA,GEN_DUID,1,"2015/12/17 11:15:00",GB01,0.192650,"2015/12/17 11:10:04"
D,METER_DATA,GEN_DUID,1,"2015/12/17 11:15:00",GERMCRK,32.50,"2015/12/17 11:10:04"
D,METER_DATA,GEN_DUID,1,"2015/12/17 11:15:00",INVICTA,0,"2015/12/17 11:10:04"
D,METER_DATA,GEN_DUID,1,"2015/12/17 11:15:00",LKBONNY1,5.001324,"2015/12/17 11:10:04"
D,METER_DATA,GEN_DUID,1,"2015/12/17 11:15:00",MBAHNTH,1.893751,"2015/12/17 11:10:04"
D,METER_DATA,GEN_DUID,1,"2015/12/17 11:15:00",MLWF1,2.70,"2015/12/17 11:10:04"
D,METER_DATA,GEN_DUID,1,"2015/12/17 11:15:00",MTMILLAR,2.470515,"2015/12/17 11:10:04"
D,METER_DATA,GEN_DUID,1,"2015/12/17 11:15:00",PALOONA,8.849999,"2015/12/17 11:10:04"
D,METER_DATA,GEN_DUID,1,"2015/12/17 11:15:00",PIONEER,0,"2015/12/17 11:10:04"
D,METER_DATA,GEN_DUID,1,"2015/12/17 11:15:00",PORTWF,14.60,"2015/12/17 11:10:04"
D,METER_DATA,GEN_DUID,1,"2015/12/17 11:15:00",REPULSE,16.063364,"2015/12/17 11:10:04"
D,METER_DATA,GEN_DUID,1,"2015/12/17 11:15:00",ROWALLAN,0,"2015/12/17 11:10:04"
D,METER_DATA,GEN_DUID,1,"2015/12/17 11:15:00",RPCG,9.70,"2015/12/17 11:10:04"
D,METER_DATA,GEN_DUID,1,"2015/12/17 11:15:00",RUBICON,0,"2015/12/17 11:10:04"
D,METER_DATA,GEN_DUID,1,"2015/12/17 11:15:00",STARHLWF,6.498105,"2015/12/17 11:10:04"
D,METER_DATA,GEN_DUID,1,"2015/12/17 11:15:00",WAUBRAWF,23.747999,"2015/12/17 11:10:04"
D,METER_DATA,GEN_DUID,1,"2015/12/17 11:15:00",WOOLNTH1,114.410019,"2015/12/17 11:10:04"
D,METER_DATA,GEN_DUID,1,"2015/12/17 11:15:00",WPWF,3,"2015/12/17 11:10:04"
D,METER_DATA,GEN_DUID,1,"2015/12/17 11:15:00",YAMBUKWF,2.30,"2015/12/17 11:10:04"
D,METER_DATA,GEN_DUID,1,"2015/12/17 11:20:00",ANGAS1,28.105423,"2015/12/17 11:15:04"
D,METER_DATA,GEN_DUID,1,"2015/12/17 11:20:00",ANGAS2,9.263340,"2015/12/17 11:15:04"
D,METER_DATA,GEN_DUID,1,"2015/12/17 11:20:00",BUTLERSG,-0.000002,"2015/12/17 11:15:04"
D,METER_DATA,GEN_DUID,1,"2015/12/17 11:20:00",CALL_A_4,0,"2015/12/17 11:15:04"
D,METER_DATA,GEN_DUID,1,"2015/12/17 11:20:00",CAPTL_WF,0,"2015/12/17 11:15:04"
D,METER_DATA,GEN_DUID,1,"2015/12/17 11:20:00",CATHROCK,0,"2015/12/17 11:15:04"
D,METER_DATA,GEN_DUID,1,"2015/12/17 11:20:00",CHALLHWF,3.60,"2015/12/17 11:15:04"
D,METER_DATA,GEN_DUID,1,"2015/12/17 11:20:00",CLOVER,11.89,"2015/12/17 11:15:04"
D,METER_DATA,GEN_DUID,1,"2015/12/17 11:20:00",CLUNY,8.616870,"2015/12/17 11:15:04"
D,METER_DATA,GEN_DUID,1,"2015/12/17 11:20:00",CNUNDAWF,4.405139,"2015/12/17 11:15:04"
D,METER_DATA,GEN_DUID,1,"2015/12/17 11:20:00",CULLRGWF,0.06,"2015/12/17 11:15:04"
D,METER_DATA,GEN_DUID,1,"2015/12/17 11:20:00",ERGT01,0,"2015/12/17 11:15:04"
D,METER_DATA,GEN_DUID,1,"2015/12/17 11:20:00",GB01,0.192650,"2015/12/17 11:15:04"
D,METER_DATA,GEN_DUID,1,"2015/12/17 11:20:00",GERMCRK,0,"2015/12/17 11:15:04"
D,METER_DATA,GEN_DUID,1,"2015/12/17 11:20:00",INVICTA,0,"2015/12/17 11:15:04"
D,METER_DATA,GEN_DUID,1,"2015/12/17 11:20:00",LKBONNY1,4.733396,"2015/12/17 11:15:04"
D,METER_DATA,GEN_DUID,1,"2015/12/17 11:20:00",MBAHNTH,1.893751,"2015/12/17 11:15:04"
D,METER_DATA,GEN_DUID,1,"2015/12/17 11:20:00",MLWF1,3.5550,"2015/12/17 11:15:04"
D,METER_DATA,GEN_DUID,1,"2015/12/17 11:20:00",MTMILLAR,1.391525,"2015/12/17 11:15:04"
D,METER_DATA,GEN_DUID,1,"2015/12/17 11:20:00",PALOONA,8.78,"2015/12/17 11:15:04"
D,METER_DATA,GEN_DUID,1,"2015/12/17 11:20:00",PIONEER,0,"2015/12/17 11:15:04"
D,METER_DATA,GEN_DUID,1,"2015/12/17 11:20:00",PORTWF,15.10,"2015/12/17 11:15:04"
D,METER_DATA,GEN_DUID,1,"2015/12/17 11:20:00",REPULSE,15.834704,"2015/12/17 11:15:04"
D,METER_DATA,GEN_DUID,1,"2015/12/17 11:20:00",ROWALLAN,0,"2015/12/17 11:15:04"
D,METER_DATA,GEN_DUID,1,"2015/12/17 11:20:00",RPCG,8.60,"2015/12/17 11:15:04"
D,METER_DATA,GEN_DUID,1,"2015/12/17 11:20:00",RUBICON,0,"2015/12/17 11:15:04"
D,METER_DATA,GEN_DUID,1,"2015/12/17 11:20:00",STARHLWF,4.498688,"2015/12/17 11:15:04"
D,METER_DATA,GEN_DUID,1,"2015/12/17 11:20:00",WAUBRAWF,20.061001,"2015/12/17 11:15:04"
D,METER_DATA,GEN_DUID,1,"2015/12/17 11:20:00",WOOLNTH1,115.700012,"2015/12/17 11:15:04"
D,METER_DATA,GEN_DUID,1,"2015/12/17 11:20:00",WPWF,2,"2015/12/17 11:15:04"
D,METER_DATA,GEN_DUID,1,"2015/12/17 11:20:00",YAMBUKWF,2.60,"2015/12/17 11:15:04"
D,METER_DATA,GEN_DUID,1,"2015/12/17 11:25:00",ANGAS1,27.880753,"2015/12/17 11:20:04"
D,METER_DATA,GEN_DUID,1,"2015/12/17 11:25:00",ANGAS2,9.263340,"2015/12/17 11:20:04"
D,METER_DATA,GEN_DUID,1,"2015/12/17 11:25:00",BUTLERSG,-0.000002,"2015/12/17 11:20:04"
D,METER_DATA,GEN_DUID,1,"2015/12/17 11:25:00",CALL_A_4,0,"2015/12/17 11:20:04"
D,METER_DATA,GEN_DUID,1,"2015/12/17 11:25:00",CAPTL_WF,0,"2015/12/17 11:20:04"
D,METER_DATA,GEN_DUID,1,"2015/12/17 11:25:00",CATHROCK,1.57,"2015/12/17 11:20:04"
D,METER_DATA,GEN_DUID,1,"2015/12/17 11:25:00",CHALLHWF,1.60,"2015/12/17 11:20:04"
D,METER_DATA,GEN_DUID,1,"2015/12/17 11:25:00",CLOVER,12.04,"2015/12/17 11:20:04"
D,METER_DATA,GEN_DUID,1,"2015/12/17 11:25:00",CLUNY,8.831221,"2015/12/17 11:20:04"
D,METER_DATA,GEN_DUID,1,"2015/12/17 11:25:00",CNUNDAWF,4.305022,"2015/12/17 11:20:04"
D,METER_DATA,GEN_DUID,1,"2015/12/17 11:25:00",CULLRGWF,0.27,"2015/12/17 11:20:04"
D,METER_DATA,GEN_DUID,1,"2015/12/17 11:25:00",ERGT01,0,"2015/12/17 11:20:04"
D,METER_DATA,GEN_DUID,1,"2015/12/17 11:25:00",GB01,0.192650,"2015/12/17 11:20:04"
D,METER_DATA,GEN_DUID,1,"2015/12/17 11:25:00",GERMCRK,32.50,"2015/12/17 11:20:04"
D,METER_DATA,GEN_DUID,1,"2015/12/17 11:25:00",INVICTA,0,"2015/12/17 11:20:04"
D,METER_DATA,GEN_DUID,1,"2015/12/17 11:25:00",LKBONNY1,7.323368,"2015/12/17 11:20:04"
D,METER_DATA,GEN_DUID,1,"2015/12/17 11:25:00",MBAHNTH,1.893751,"2015/12/17 11:20:04"
D,METER_DATA,GEN_DUID,1,"2015/12/17 11:25:00",MLWF1,4.5450,"2015/12/17 11:20:04"
D,METER_DATA,GEN_DUID,1,"2015/12/17 11:25:00",MTMILLAR,2.061243,"2015/12/17 11:20:04"
D,METER_DATA,GEN_DUID,1,"2015/12/17 11:25:00",PALOONA,8.78,"2015/12/17 11:20:04"
D,METER_DATA,GEN_DUID,1,"2015/12/17 11:25:00",PIONEER,0,"2015/12/17 11:20:04"
D,METER_DATA,GEN_DUID,1,"2015/12/17 11:25:00",PORTWF,14.90,"2015/12/17 11:20:04"
D,METER_DATA,GEN_DUID,1,"2015/12/17 11:25:00",REPULSE,16.292025,"2015/12/17 11:20:04"
D,METER_DATA,GEN_DUID,1,"2015/12/17 11:25:00",ROWALLAN,0,"2015/12/17 11:20:04"
D,METER_DATA,GEN_DUID,1,"2015/12/17 11:25:00",RPCG,8.50,"2015/12/17 11:20:04"
D,METER_DATA,GEN_DUID,1,"2015/12/17 11:25:00",RUBICON,0,"2015/12/17 11:20:04"
D,METER_DATA,GEN_DUID,1,"2015/12/17 11:25:00",STARHLWF,3.399009,"2015/12/17 11:20:04"
D,METER_DATA,GEN_DUID,1,"2015/12/17 11:25:00",WAUBRAWF,15.5740,"2015/12/17 11:20:04"
D,METER_DATA,GEN_DUID,1,"2015/12/17 11:25:00",WOOLNTH1,116.940018,"2015/12/17 11:20:04"
D,METER_DATA,GEN_DUID,1,"2015/12/17 11:25:00",WPWF,4,"2015/12/17 11:20:04"
D,METER_DATA,GEN_DUID,1,"2015/12/17 11:25:00",YAMBUKWF,2.60,"2015/12/17 11:20:04"
D,METER_DATA,GEN_DUID,1,"2015/12/17 11:30:00",ANGAS1,27.941240,"2015/12/17 11:25:04"
D,METER_DATA,GEN_DUID,1,"2015/12/17 11:30:00",ANGAS2,9.306545,"2015/12/17 11:25:04"
D,METER_DATA,GEN_DUID,1,"2015/12/17 11:30:00",BUTLERSG,-0.000002,"2015/12/17 11:25:04"
D,METER_DATA,GEN_DUID,1,"2015/12/17 11:30:00",CALL_A_4,0,"2015/12/17 11:25:04"
D,METER_DATA,GEN_DUID,1,"2015/12/17 11:30:00",CAPTL_WF,0,"2015/12/17 11:25:04"
D,METER_DATA,GEN_DUID,1,"2015/12/17 11:30:00",CATHROCK,1.48,"2015/12/17 11:25:04"
D,METER_DATA,GEN_DUID,1,"2015/12/17 11:30:00",CHALLHWF,0,"2015/12/17 11:25:04"
D,METER_DATA,GEN_DUID,1,"2015/12/17 11:30:00",CLOVER,12.06,"2015/12/17 11:25:04"
D,METER_DATA,GEN_DUID,1,"2015/12/17 11:30:00",CLUNY,8.888380,"2015/12/17 11:25:04"
D,METER_DATA,GEN_DUID,1,"2015/12/17 11:30:00",CNUNDAWF,3.904555,"2015/12/17 11:25:04"
D,METER_DATA,GEN_DUID,1,"2015/12/17 11:30:00",CULLRGWF,0,"2015/12/17 11:25:04"
D,METER_DATA,GEN_DUID,1,"2015/12/17 11:30:00",ERGT01,0,"2015/12/17 11:25:04"
D,METER_DATA,GEN_DUID,1,"2015/12/17 11:30:00",GB01,0.192650,"2015/12/17 11:25:04"
D,METER_DATA,GEN_DUID,1,"2015/12/17 11:30:00",GERMCRK,33.299999,"2015/12/17 11:25:04"
D,METER_DATA,GEN_DUID,1,"2015/12/17 11:30:00",INVICTA,0,"2015/12/17 11:25:04"
D,METER_DATA,GEN_DUID,1,"2015/12/17 11:30:00",LKBONNY1,8.930936,"2015/12/17 11:25:04"
D,METER_DATA,GEN_DUID,1,"2015/12/17 11:30:00",MBAHNTH,1.893751,"2015/12/17 11:25:04"
D,METER_DATA,GEN_DUID,1,"2015/12/17 11:30:00",MLWF1,3.6150,"2015/12/17 11:25:04"
D,METER_DATA,GEN_DUID,1,"2015/12/17 11:30:00",MTMILLAR,4.948472,"2015/12/17 11:25:04"
D,METER_DATA,GEN_DUID,1,"2015/12/17 11:30:00",PALOONA,8.83,"2015/12/17 11:25:04"
D,METER_DATA,GEN_DUID,1,"2015/12/17 11:30:00",PIONEER,0,"2015/12/17 11:25:04"
D,METER_DATA,GEN_DUID,1,"2015/12/17 11:30:00",PORTWF,14.30,"2015/12/17 11:25:04"
D,METER_DATA,GEN_DUID,1,"2015/12/17 11:30:00",REPULSE,16.3873,"2015/12/17 11:25:04"
D,METER_DATA,GEN_DUID,1,"2015/12/17 11:30:00",ROWALLAN,0,"2015/12/17 11:25:04"
D,METER_DATA,GEN_DUID,1,"2015/12/17 11:30:00",RPCG,9.80,"2015/12/17 11:25:04"
D,METER_DATA,GEN_DUID,1,"2015/12/17 11:30:00",RUBICON,0,"2015/12/17 11:25:04"
D,METER_DATA,GEN_DUID,1,"2015/12/17 11:30:00",STARHLWF,3.798892,"2015/12/17 11:25:04"
D,METER_DATA,GEN_DUID,1,"2015/12/17 11:30:00",WAUBRAWF,9.3520,"2015/12/17 11:25:04"
D,METER_DATA,GEN_DUID,1,"2015/12/17 11:30:00",WOOLNTH1,114.340019,"2015/12/17 11:25:04"
D,METER_DATA,GEN_DUID,1,"2015/12/17 11:30:00",WPWF,5,"2015/12/17 11:25:04"
D,METER_DATA,GEN_DUID,1,"2015/12/17 11:30:00",YAMBUKWF,2.70,"2015/12/17 11:25:04"
D,METER_DATA,GEN_DUID,1,"2015/12/17 11:35:00",ANGAS1,28.057896,"2015/12/17 11:30:05"
D,METER_DATA,GEN_DUID,1,"2015/12/17 11:35:00",ANGAS2,9.297905,"2015/12/17 11:30:05"
D,METER_DATA,GEN_DUID,1,"2015/12/17 11:35:00",BUTLERSG,-0.000002,"2015/12/17 11:30:05"
D,METER_DATA,GEN_DUID,1,"2015/12/17 11:35:00",CALL_A_4,0,"2015/12/17 11:30:05"
D,METER_DATA,GEN_DUID,1,"2015/12/17 11:35:00",CAPTL_WF,0,"2015/12/17 11:30:05"
D,METER_DATA,GEN_DUID,1,"2015/12/17 11:35:00",CATHROCK,1.76,"2015/12/17 11:30:05"
D,METER_DATA,GEN_DUID,1,"2015/12/17 11:35:00",CHALLHWF,1.70,"2015/12/17 11:30:05"
D,METER_DATA,GEN_DUID,1,"2015/12/17 11:35:00",CLOVER,12.05,"2015/12/17 11:30:05"
D,METER_DATA,GEN_DUID,1,"2015/12/17 11:35:00",CLUNY,8.831221,"2015/12/17 11:30:05"
D,METER_DATA,GEN_DUID,1,"2015/12/17 11:35:00",CNUNDAWF,3.203737,"2015/12/17 11:30:05"
D,METER_DATA,GEN_DUID,1,"2015/12/17 11:35:00",CULLRGWF,0,"2015/12/17 11:30:05"
D,METER_DATA,GEN_DUID,1,"2015/12/17 11:35:00",ERGT01,0,"2015/12/17 11:30:05"
D,METER_DATA,GEN_DUID,1,"2015/12/17 11:35:00",GB01,0.192650,"2015/12/17 11:30:05"
D,METER_DATA,GEN_DUID,1,"2015/12/17 11:35:00",GERMCRK,32.299999,"2015/12/17 11:30:05"
D,METER_DATA,GEN_DUID,1,"2015/12/17 11:35:00",INVICTA,0,"2015/12/17 11:30:05"
D,METER_DATA,GEN_DUID,1,"2015/12/17 11:35:00",LKBONNY1,8.127152,"2015/12/17 11:30:05"
D,METER_DATA,GEN_DUID,1,"2015/12/17 11:35:00",MBAHNTH,1.893751,"2015/12/17 11:30:05"
D,METER_DATA,GEN_DUID,1,"2015/12/17 11:35:00",MLWF1,4.89,"2015/12/17 11:30:05"
D,METER_DATA,GEN_DUID,1,"2015/12/17 11:35:00",MTMILLAR,2.678872,"2015/12/17 11:30:05"
D,METER_DATA,GEN_DUID,1,"2015/12/17 11:35:00",PALOONA,8.83,"2015/12/17 11:30:05"
D,METER_DATA,GEN_DUID,1,"2015/12/17 11:35:00",PIONEER,0,"2015/12/17 11:30:05"
D,METER_DATA,GEN_DUID,1,"2015/12/17 11:35:00",PORTWF,15.50,"2015/12/17 11:30:05"
D,METER_DATA,GEN_DUID,1,"2015/12/17 11:35:00",REPULSE,15.434549,"2015/12/17 11:30:05"
D,METER_DATA,GEN_DUID,1,"2015/12/17 11:35:00",ROWALLAN,0,"2015/12/17 11:30:05"
D,METER_DATA,GEN_DUID,1,"2015/12/17 11:35:00",RPCG,9.80,"2015/12/17 11:30:05"
D,METER_DATA,GEN_DUID,1,"2015/12/17 11:35:00",RUBICON,0,"2015/12/17 11:30:05"
D,METER_DATA,GEN_DUID,1,"2015/12/17 11:35:00",STARHLWF,3.299038,"2015/12/17 11:30:05"
D,METER_DATA,GEN_DUID,1,"2015/12/17 11:35:00",WAUBRAWF,9.44,"2015/12/17 11:30:05"
D,METER_DATA,GEN_DUID,1,"2015/12/17 11:35:00",WOOLNTH1,116.370018,"2015/12/17 11:30:05"
D,METER_DATA,GEN_DUID,1,"2015/12/17 11:35:00",WPWF,3,"2015/12/17 11:30:05"
D,METER_DATA,GEN_DUID,1,"2015/12/17 11:35:00",YAMBUKWF,2.40,"2015/12/17 11:30:05"
D,METER_DATA,GEN_DUID,1,"2015/12/17 11:40:00",ANGAS1,28.131346,"2015/12/17 11:35:05"
D,METER_DATA,GEN_DUID,1,"2015/12/17 11:40:00",ANGAS2,9.310866,"2015/12/17 11:35:05"
D,METER_DATA,GEN_DUID,1,"2015/12/17 11:40:00",BUTLERSG,-0.000002,"2015/12/17 11:35:05"
D,METER_DATA,GEN_DUID,1,"2015/12/17 11:40:00",CALL_A_4,0,"2015/12/17 11:35:05"
D,METER_DATA,GEN_DUID,1,"2015/12/17 11:40:00",CAPTL_WF,0,"2015/12/17 11:35:05"
D,METER_DATA,GEN_DUID,1,"2015/12/17 11:40:00",CATHROCK,0,"2015/12/17 11:35:05"
D,METER_DATA,GEN_DUID,1,"2015/12/17 11:40:00",CHALLHWF,2.80,"2015/12/17 11:35:05"
D,METER_DATA,GEN_DUID,1,"2015/12/17 11:40:00",CLOVER,12.14,"2015/12/17 11:35:05"
D,METER_DATA,GEN_DUID,1,"2015/12/17 11:40:00",CLUNY,9.159890,"2015/12/17 11:35:05"
D,METER_DATA,GEN_DUID,1,"2015/12/17 11:40:00",CNUNDAWF,2.703153,"2015/12/17 11:35:05"
D,METER_DATA,GEN_DUID,1,"2015/12/17 11:40:00",CULLRGWF,0,"2015/12/17 11:35:05"
D,METER_DATA,GEN_DUID,1,"2015/12/17 11:40:00",ERGT01,0,"2015/12/17 11:35:05"
D,METER_DATA,GEN_DUID,1,"2015/12/17 11:40:00",GB01,0.196835,"2015/12/17 11:35:05"
D,METER_DATA,GEN_DUID,1,"2015/12/17 11:40:00",GERMCRK,32.799999,"2015/12/17 11:35:05"
D,METER_DATA,GEN_DUID,1,"2015/12/17 11:40:00",INVICTA,0,"2015/12/17 11:35:05"
D,METER_DATA,GEN_DUID,1,"2015/12/17 11:40:00",LKBONNY1,8.037843,"2015/12/17 11:35:05"
D,METER_DATA,GEN_DUID,1,"2015/12/17 11:40:00",MBAHNTH,1.893751,"2015/12/17 11:35:05"
D,METER_DATA,GEN_DUID,1,"2015/12/17 11:40:00",MLWF1,5.1450,"2015/12/17 11:35:05"
D,METER_DATA,GEN_DUID,1,"2015/12/17 11:40:00",MTMILLAR,1.480821,"2015/12/17 11:35:05"
D,METER_DATA,GEN_DUID,1,"2015/12/17 11:40:00",PALOONA,8.83,"2015/12/17 11:35:05"
D,METER_DATA,GEN_DUID,1,"2015/12/17 11:40:00",PIONEER,0,"2015/12/17 11:35:05"
D,METER_DATA,GEN_DUID,1,"2015/12/17 11:40:00",PORTWF,15.20,"2015/12/17 11:35:05"
D,METER_DATA,GEN_DUID,1,"2015/12/17 11:40:00",REPULSE,15.548880,"2015/12/17 11:35:05"
D,METER_DATA,GEN_DUID,1,"2015/12/17 11:40:00",ROWALLAN,0,"2015/12/17 11:35:05"
D,METER_DATA,GEN_DUID,1,"2015/12/17 11:40:00",RPCG,9.80,"2015/12/17 11:35:05"
D,METER_DATA,GEN_DUID,1,"2015/12/17 11:40:00",RUBICON,0,"2015/12/17 11:35:05"
D,METER_DATA,GEN_DUID,1,"2015/12/17 11:40:00",STARHLWF,3.099096,"2015/12/17 11:35:05"
D,METER_DATA,GEN_DUID,1,"2015/12/17 11:40:00",WAUBRAWF,6.15,"2015/12/17 11:35:05"
D,METER_DATA,GEN_DUID,1,"2015/12/17 11:40:00",WOOLNTH1,118.940018,"2015/12/17 11:35:05"
D,METER_DATA,GEN_DUID,1,"2015/12/17 11:40:00",WPWF,4,"2015/12/17 11:35:05"
D,METER_DATA,GEN_DUID,1,"2015/12/17 11:40:00",YAMBUKWF,2.90,"2015/12/17 11:35:05"
D,METER_DATA,GEN_DUID,1,"2015/12/17 11:45:00",ANGAS1,27.941240,"2015/12/17 11:40:04"
D,METER_DATA,GEN_DUID,1,"2015/12/17 11:45:00",ANGAS2,9.310866,"2015/12/17 11:40:04"
D,METER_DATA,GEN_DUID,1,"2015/12/17 11:45:00",BUTLERSG,-0.000002,"2015/12/17 11:40:04"
D,METER_DATA,GEN_DUID,1,"2015/12/17 11:45:00",CALL_A_4,0,"2015/12/17 11:40:04"
D,METER_DATA,GEN_DUID,1,"2015/12/17 11:45:00",CAPTL_WF,0,"2015/12/17 11:40:04"
D,METER_DATA,GEN_DUID,1,"2015/12/17 11:45:00",CATHROCK,0,"2015/12/17 11:40:04"
D,METER_DATA,GEN_DUID,1,"2015/12/17 11:45:00",CHALLHWF,0.60,"2015/12/17 11:40:04"
D,METER_DATA,GEN_DUID,1,"2015/12/17 11:45:00",CLOVER,12.13,"2015/12/17 11:40:04"
D,METER_DATA,GEN_DUID,1,"2015/12/17 11:45:00",CLUNY,9.102730,"2015/12/17 11:40:04"
D,METER_DATA,GEN_DUID,1,"2015/12/17 11:45:00",CNUNDAWF,3.103621,"2015/12/17 11:40:04"
D,METER_DATA,GEN_DUID,1,"2015/12/17 11:45:00",CULLRGWF,0,"2015/12/17 11:40:04"
D,METER_DATA,GEN_DUID,1,"2015/12/17 11:45:00",ERGT01,0,"2015/12/17 11:40:04"
D,METER_DATA,GEN_DUID,1,"2015/12/17 11:45:00",GB01,0.196835,"2015/12/17 11:40:04"
D,METER_DATA,GEN_DUID,1,"2015/12/17 11:45:00",GERMCRK,32,"2015/12/17 11:40:04"
D,METER_DATA,GEN_DUID,1,"2015/12/17 11:45:00",INVICTA,0,"2015/12/17 11:40:04"
D,METER_DATA,GEN_DUID,1,"2015/12/17 11:45:00",LKBONNY1,8.037843,"2015/12/17 11:40:04"
D,METER_DATA,GEN_DUID,1,"2015/12/17 11:45:00",MBAHNTH,1.893751,"2015/12/17 11:40:04"
D,METER_DATA,GEN_DUID,1,"2015/12/17 11:45:00",MLWF1,3.1650,"2015/12/17 11:40:04"
D,METER_DATA,GEN_DUID,1,"2015/12/17 11:45:00",MTMILLAR,0.967371,"2015/12/17 11:40:04"
D,METER_DATA,GEN_DUID,1,"2015/12/17 11:45:00",PALOONA,10.96,"2015/12/17 11:40:04"
D,METER_DATA,GEN_DUID,1,"2015/12/17 11:45:00",PIONEER,0,"2015/12/17 11:40:04"
D,METER_DATA,GEN_DUID,1,"2015/12/17 11:45:00",PORTWF,15.20,"2015/12/17 11:40:04"
D,METER_DATA,GEN_DUID,1,"2015/12/17 11:45:00",REPULSE,16.501629,"2015/12/17 11:40:04"
D,METER_DATA,GEN_DUID,1,"2015/12/17 11:45:00",ROWALLAN,0,"2015/12/17 11:40:04"
D,METER_DATA,GEN_DUID,1,"2015/12/17 11:45:00",RPCG,7.60,"2015/12/17 11:40:04"
D,METER_DATA,GEN_DUID,1,"2015/12/17 11:45:00",RUBICON,0,"2015/12/17 11:40:04"
D,METER_DATA,GEN_DUID,1,"2015/12/17 11:45:00",STARHLWF,2.799184,"2015/12/17 11:40:04"
D,METER_DATA,GEN_DUID,1,"2015/12/17 11:45:00",WAUBRAWF,7.0820,"2015/12/17 11:40:04"
D,METER_DATA,GEN_DUID,1,"2015/12/17 11:45:00",WOOLNTH1,113.940018,"2015/12/17 11:40:04"
D,METER_DATA,GEN_DUID,1,"2015/12/17 11:45:00",WPWF,2,"2015/12/17 11:40:04"
D,METER_DATA,GEN_DUID,1,"2015/12/17 11:45:00",YAMBUKWF,3.60,"2015/12/17 11:40:04"
D,METER_DATA,GEN_DUID,1,"2015/12/17 11:50:00",ANGAS1,28.174551,"2015/12/17 11:45:04"
D,METER_DATA,GEN_DUID,1,"2015/12/17 11:50:00",ANGAS2,9.310866,"2015/12/17 11:45:04"
D,METER_DATA,GEN_DUID,1,"2015/12/17 11:50:00",BUTLERSG,-0.000002,"2015/12/17 11:45:04"
D,METER_DATA,GEN_DUID,1,"2015/12/17 11:50:00",CALL_A_4,0,"2015/12/17 11:45:04"
D,METER_DATA,GEN_DUID,1,"2015/12/17 11:50:00",CAPTL_WF,0,"2015/12/17 11:45:04"
D,METER_DATA,GEN_DUID,1,"2015/12/17 11:50:00",CATHROCK,0,"2015/12/17 11:45:04"
D,METER_DATA,GEN_DUID,1,"2015/12/17 11:50:00",CHALLHWF,0.30,"2015/12/17 11:45:04"
D,METER_DATA,GEN_DUID,1,"2015/12/17 11:50:00",CLOVER,12.23,"2015/12/17 11:45:04"
D,METER_DATA,GEN_DUID,1,"2015/12/17 11:50:00",CLUNY,9.188470,"2015/12/17 11:45:04"
D,METER_DATA,GEN_DUID,1,"2015/12/17 11:50:00",CNUNDAWF,3.303854,"2015/12/17 11:45:04"
D,METER_DATA,GEN_DUID,1,"2015/12/17 11:50:00",CULLRGWF,0.20,"2015/12/17 11:45:04"
D,METER_DATA,GEN_DUID,1,"2015/12/17 11:50:00",ERGT01,0,"2015/12/17 11:45:04"
D,METER_DATA,GEN_DUID,1,"2015/12/17 11:50:00",GB01,0.196835,"2015/12/17 11:45:04"
D,METER_DATA,GEN_DUID,1,"2015/12/17 11:50:00",GERMCRK,31.60,"2015/12/17 11:45:04"
D,METER_DATA,GEN_DUID,1,"2015/12/17 11:50:00",INVICTA,0,"2015/12/17 11:45:04"
D,METER_DATA,GEN_DUID,1,"2015/12/17 11:50:00",LKBONNY1,9.734720,"2015/12/17 11:45:04"
D,METER_DATA,GEN_DUID,1,"2015/12/17 11:50:00",MBAHNTH,1.893751,"2015/12/17 11:45:04"
D,METER_DATA,GEN_DUID,1,"2015/12/17 11:50:00",MLWF1,2.5350,"2015/12/17 11:45:04"
D,METER_DATA,GEN_DUID,1,"2015/12/17 11:50:00",MTMILLAR,0.729249,"2015/12/17 11:45:04"
D,METER_DATA,GEN_DUID,1,"2015/12/17 11:50:00",PALOONA,10.96,"2015/12/17 11:45:04"
D,METER_DATA,GEN_DUID,1,"2015/12/17 11:50:00",PIONEER,0,"2015/12/17 11:45:04"
D,METER_DATA,GEN_DUID,1,"2015/12/17 11:50:00",PORTWF,15.50,"2015/12/17 11:45:04"
D,METER_DATA,GEN_DUID,1,"2015/12/17 11:50:00",REPULSE,16.330135,"2015/12/17 11:45:04"
D,METER_DATA,GEN_DUID,1,"2015/12/17 11:50:00",ROWALLAN,0,"2015/12/17 11:45:04"
D,METER_DATA,GEN_DUID,1,"2015/12/17 11:50:00",RPCG,7.60,"2015/12/17 11:45:04"
D,METER_DATA,GEN_DUID,1,"2015/12/17 11:50:00",RUBICON,0,"2015/12/17 11:45:04"
D,METER_DATA,GEN_DUID,1,"2015/12/17 11:50:00",STARHLWF,2.899155,"2015/12/17 11:45:04"
D,METER_DATA,GEN_DUID,1,"2015/12/17 11:50:00",WAUBRAWF,5.32,"2015/12/17 11:45:04"
D,METER_DATA,GEN_DUID,1,"2015/12/17 11:50:00",WOOLNTH1,124.820023,"2015/12/17 11:45:04"
D,METER_DATA,GEN_DUID,1,"2015/12/17 11:50:00",WPWF,1,"2015/12/17 11:45:04"
D,METER_DATA,GEN_DUID,1,"2015/12/17 11:50:00",YAMBUKWF,3.60,"2015/12/17 11:45:04"
D,METER_DATA,GEN_DUID,1,"2015/12/17 11:55:00",ANGAS1,28.014690,"2015/12/17 11:50:04"
D,METER_DATA,GEN_DUID,1,"2015/12/17 11:55:00",ANGAS2,9.259019,"2015/12/17 11:50:04"
D,METER_DATA,GEN_DUID,1,"2015/12/17 11:55:00",BUTLERSG,-0.000002,"2015/12/17 11:50:04"
D,METER_DATA,GEN_DUID,1,"2015/12/17 11:55:00",CALL_A_4,0,"2015/12/17 11:50:04"
D,METER_DATA,GEN_DUID,1,"2015/12/17 11:55:00",CAPTL_WF,0,"2015/12/17 11:50:04"
D,METER_DATA,GEN_DUID,1,"2015/12/17 11:55:00",CATHROCK,0,"2015/12/17 11:50:04"
D,METER_DATA,GEN_DUID,1,"2015/12/17 11:55:00",CHALLHWF,0.20,"2015/12/17 11:50:04"
D,METER_DATA,GEN_DUID,1,"2015/12/17 11:55:00",CLOVER,11.99,"2015/12/17 11:50:04"
D,METER_DATA,GEN_DUID,1,"2015/12/17 11:55:00",CLUNY,8.659740,"2015/12/17 11:50:04"
D,METER_DATA,GEN_DUID,1,"2015/12/17 11:55:00",CNUNDAWF,3.303854,"2015/12/17 11:50:04"
D,METER_DATA,GEN_DUID,1,"2015/12/17 11:55:00",CULLRGWF,0.51,"2015/12/17 11:50:04"
D,METER_DATA,GEN_DUID,1,"2015/12/17 11:55:00",ERGT01,0,"2015/12/17 11:50:04"
D,METER_DATA,GEN_DUID,1,"2015/12/17 11:55:00",GB01,0.196835,"2015/12/17 11:50:04"
D,METER_DATA,GEN_DUID,1,"2015/12/17 11:55:00",GERMCRK,32.50,"2015/12/17 11:50:04"
D,METER_DATA,GEN_DUID,1,"2015/12/17 11:55:00",INVICTA,0,"2015/12/17 11:50:04"
D,METER_DATA,GEN_DUID,1,"2015/12/17 11:55:00",LKBONNY1,8.663009,"2015/12/17 11:50:04"
D,METER_DATA,GEN_DUID,1,"2015/12/17 11:55:00",MBAHNTH,1.893751,"2015/12/17 11:50:04"
D,METER_DATA,GEN_DUID,1,"2015/12/17 11:55:00",MLWF1,1.68,"2015/12/17 11:50:04"
D,METER_DATA,GEN_DUID,1,"2015/12/17 11:55:00",MTMILLAR,2.202628,"2015/12/17 11:50:04"
D,METER_DATA,GEN_DUID,1,"2015/12/17 11:55:00",PALOONA,10.83,"2015/12/17 11:50:04"
D,METER_DATA,GEN_DUID,1,"2015/12/17 11:55:00",PIONEER,0,"2015/12/17 11:50:04"
D,METER_DATA,GEN_DUID,1,"2015/12/17 11:55:00",PORTWF,13.50,"2015/12/17 11:50:04"
D,METER_DATA,GEN_DUID,1,"2015/12/17 11:55:00",REPULSE,15.510770,"2015/12/17 11:50:04"
D,METER_DATA,GEN_DUID,1,"2015/12/17 11:55:00",ROWALLAN,0,"2015/12/17 11:50:04"
D,METER_DATA,GEN_DUID,1,"2015/12/17 11:55:00",RPCG,8.60,"2015/12/17 11:50:04"
D,METER_DATA,GEN_DUID,1,"2015/12/17 11:55:00",RUBICON,0,"2015/12/17 11:50:04"
D,METER_DATA,GEN_DUID,1,"2015/12/17 11:55:00",STARHLWF,2.299330,"2015/12/17 11:50:04"
D,METER_DATA,GEN_DUID,1,"2015/12/17 11:55:00",WAUBRAWF,3.9770,"2015/12/17 11:50:04"
D,METER_DATA,GEN_DUID,1,"2015/12/17 11:55:00",WOOLNTH1,120.730019,"2015/12/17 11:50:04"
D,METER_DATA,GEN_DUID,1,"2015/12/17 11:55:00",WPWF,2,"2015/12/17 11:50:04"
D,METER_DATA,GEN_DUID,1,"2015/12/17 11:55:00",YAMBUKWF,2.70,"2015/12/17 11:50:04"
D,METER_DATA,GEN_DUID,1,"2015/12/17 12:00:00",ANGAS1,28.014690,"2015/12/17 11:55:04"
D,METER_DATA,GEN_DUID,1,"2015/12/17 12:00:00",ANGAS2,7.703608,"2015/12/17 11:55:04"
D,METER_DATA,GEN_DUID,1,"2015/12/17 12:00:00",BUTLERSG,-0.000002,"2015/12/17 11:55:04"
D,METER_DATA,GEN_DUID,1,"2015/12/17 12:00:00",CALL_A_4,0,"2015/12/17 11:55:04"
D,METER_DATA,GEN_DUID,1,"2015/12/17 12:00:00",CAPTL_WF,0,"2015/12/17 11:55:04"
D,METER_DATA,GEN_DUID,1,"2015/12/17 12:00:00",CATHROCK,0,"2015/12/17 11:55:04"
D,METER_DATA,GEN_DUID,1,"2015/12/17 12:00:00",CHALLHWF,0.30,"2015/12/17 11:55:04"
D,METER_DATA,GEN_DUID,1,"2015/12/17 12:00:00",CLOVER,12.139999,"2015/12/17 11:55:04"
D,METER_DATA,GEN_DUID,1,"2015/12/17 12:00:00",CLUNY,8.8598,"2015/12/17 11:55:04"
D,METER_DATA,GEN_DUID,1,"2015/12/17 12:00:00",CNUNDAWF,2.903387,"2015/12/17 11:55:04"
D,METER_DATA,GEN_DUID,1,"2015/12/17 12:00:00",CULLRGWF,0.28,"2015/12/17 11:55:04"
D,METER_DATA,GEN_DUID,1,"2015/12/17 12:00:00",ERGT01,0,"2015/12/17 11:55:04"
D,METER_DATA,GEN_DUID,1,"2015/12/17 12:00:00",GB01,0.196835,"2015/12/17 11:55:04"
D,METER_DATA,GEN_DUID,1,"2015/12/17 12:00:00",GERMCRK,33.099998,"2015/12/17 11:55:04"
D,METER_DATA,GEN_DUID,1,"2015/12/17 12:00:00",INVICTA,0,"2015/12/17 11:55:04"
D,METER_DATA,GEN_DUID,1,"2015/12/17 12:00:00",LKBONNY1,8.395081,"2015/12/17 11:55:04"
D,METER_DATA,GEN_DUID,1,"2015/12/17 12:00:00",MBAHNTH,1.893751,"2015/12/17 11:55:04"
D,METER_DATA,GEN_DUID,1,"2015/12/17 12:00:00",MLWF1,1.5750,"2015/12/17 11:55:04"
D,METER_DATA,GEN_DUID,1,"2015/12/17 12:00:00",MTMILLAR,1.227816,"2015/12/17 11:55:04"
D,METER_DATA,GEN_DUID,1,"2015/12/17 12:00:00",PALOONA,10.92,"2015/12/17 11:55:04"
D,METER_DATA,GEN_DUID,1,"2015/12/17 12:00:00",PIONEER,0,"2015/12/17 11:55:04"
D,METER_DATA,GEN_DUID,1,"2015/12/17 12:00:00",PORTWF,12.80,"2015/12/17 11:55:04"
D,METER_DATA,GEN_DUID,1,"2015/12/17 12:00:00",REPULSE,16.711235,"2015/12/17 11:55:04"
D,METER_DATA,GEN_DUID,1,"2015/12/17 12:00:00",ROWALLAN,0,"2015/12/17 11:55:04"
D,METER_DATA,GEN_DUID,1,"2015/12/17 12:00:00",RPCG,8.60,"2015/12/17 11:55:04"
D,METER_DATA,GEN_DUID,1,"2015/12/17 12:00:00",RUBICON,0,"2015/12/17 11:55:04"
D,METER_DATA,GEN_DUID,1,"2015/12/17 12:00:00",STARHLWF,1.399592,"2015/12/17 11:55:04"
D,METER_DATA,GEN_DUID,1,"2015/12/17 12:00:00",WAUBRAWF,2.4190,"2015/12/17 11:55:04"
D,METER_DATA,GEN_DUID,1,"2015/12/17 12:00:00",WOOLNTH1,121.930023,"2015/12/17 11:55:04"
D,METER_DATA,GEN_DUID,1,"2015/12/17 12:00:00",WPWF,0,"2015/12/17 11:55:04"
D,METER_DATA,GEN_DUID,1,"2015/12/17 12:00:00",YAMBUKWF,2,"2015/12/17 11:55:04"
D,METER_DATA,GEN_DUID,1,"2015/12/17 12:05:00",ANGAS1,27.993088,"2015/12/17 12:00:05"
D,METER_DATA,GEN_DUID,1,"2015/12/17 12:05:00",ANGAS2,9.354073,"2015/12/17 12:00:05"
D,METER_DATA,GEN_DUID,1,"2015/12/17 12:05:00",BUTLERSG,-0.000002,"2015/12/17 12:00:05"
D,METER_DATA,GEN_DUID,1,"2015/12/17 12:05:00",CALL_A_4,0,"2015/12/17 12:00:05"
D,METER_DATA,GEN_DUID,1,"2015/12/17 12:05:00",CAPTL_WF,0,"2015/12/17 12:00:05"
D,METER_DATA,GEN_DUID,1,"2015/12/17 12:05:00",CATHROCK,0,"2015/12/17 12:00:05"
D,METER_DATA,GEN_DUID,1,"2015/12/17 12:05:00",CHALLHWF,0.60,"2015/12/17 12:00:05"
D,METER_DATA,GEN_DUID,1,"2015/12/17 12:05:00",CLOVER,12.17,"2015/12/17 12:00:05"
D,METER_DATA,GEN_DUID,1,"2015/12/17 12:05:00",CLUNY,8.902670,"2015/12/17 12:00:05"
D,METER_DATA,GEN_DUID,1,"2015/12/17 12:05:00",CNUNDAWF,3.303854,"2015/12/17 12:00:05"
D,METER_DATA,GEN_DUID,1,"2015/12/17 12:05:00",CULLRGWF,0,"2015/12/17 12:00:05"
D,METER_DATA,GEN_DUID,1,"2015/12/17 12:05:00",ERGT01,0,"2015/12/17 12:00:05"
D,METER_DATA,GEN_DUID,1,"2015/12/17 12:05:00",GB01,0.196835,"2015/12/17 12:00:05"
D,METER_DATA,GEN_DUID,1,"2015/12/17 12:05:00",GERMCRK,31.50,"2015/12/17 12:00:05"
D,METER_DATA,GEN_DUID,1,"2015/12/17 12:05:00",INVICTA,0,"2015/12/17 12:00:05"
D,METER_DATA,GEN_DUID,1,"2015/12/17 12:05:00",LKBONNY1,6.876821,"2015/12/17 12:00:05"
D,METER_DATA,GEN_DUID,1,"2015/12/17 12:05:00",MBAHNTH,1.893751,"2015/12/17 12:00:05"
D,METER_DATA,GEN_DUID,1,"2015/12/17 12:05:00",MLWF1,0.78,"2015/12/17 12:00:05"
D,METER_DATA,GEN_DUID,1,"2015/12/17 12:05:00",MTMILLAR,1.064108,"2015/12/17 12:00:05"
D,METER_DATA,GEN_DUID,1,"2015/12/17 12:05:00",PALOONA,10.92,"2015/12/17 12:00:05"
D,METER_DATA,GEN_DUID,1,"2015/12/17 12:05:00",PIONEER,0,"2015/12/17 12:00:05"
D,METER_DATA,GEN_DUID,1,"2015/12/17 12:05:00",PORTWF,11.20,"2015/12/17 12:00:05"
D,METER_DATA,GEN_DUID,1,"2015/12/17 12:05:00",REPULSE,16.215805,"2015/12/17 12:00:05"
D,METER_DATA,GEN_DUID,1,"2015/12/17 12:05:00",ROWALLAN,0,"2015/12/17 12:00:05"
D,METER_DATA,GEN_DUID,1,"2015/12/17 12:05:00",RPCG,8.60,"2015/12/17 12:00:05"
D,METER_DATA,GEN_DUID,1,"2015/12/17 12:05:00",RUBICON,0,"2015/12/17 12:00:05"
D,METER_DATA,GEN_DUID,1,"2015/12/17 12:05:00",STARHLWF,1.199650,"2015/12/17 12:00:05"
D,METER_DATA,GEN_DUID,1,"2015/12/17 12:05:00",WAUBRAWF,0.8020,"2015/12/17 12:00:05"
D,METER_DATA,GEN_DUID,1,"2015/12/17 12:05:00",WOOLNTH1,124.080017,"2015/12/17 12:00:05"
D,METER_DATA,GEN_DUID,1,"2015/12/17 12:05:00",WPWF,0,"2015/12/17 12:00:05"
D,METER_DATA,GEN_DUID,1,"2015/12/17 12:05:00",YAMBUKWF,1.40,"2015/12/17 12:00:05"
D,METER_DATA,GEN_DUID,1,"2015/12/17 12:10:00",ANGAS1,28.040613,"2015/12/17 12:05:05"
D,METER_DATA,GEN_DUID,1,"2015/12/17 12:10:00",ANGAS2,9.310866,"2015/12/17 12:05:05"
D,METER_DATA,GEN_DUID,1,"2015/12/17 12:10:00",BUTLERSG,-0.000002,"2015/12/17 12:05:05"
D,METER_DATA,GEN_DUID,1,"2015/12/17 12:10:00",CALL_A_4,0,"2015/12/17 12:05:05"
D,METER_DATA,GEN_DUID,1,"2015/12/17 12:10:00",CAPTL_WF,0,"2015/12/17 12:05:05"
D,METER_DATA,GEN_DUID,1,"2015/12/17 12:10:00",CATHROCK,0,"2015/12/17 12:05:05"
D,METER_DATA,GEN_DUID,1,"2015/12/17 12:10:00",CHALLHWF,1.40,"2015/12/17 12:05:05"
D,METER_DATA,GEN_DUID,1,"2015/12/17 12:10:00",CLOVER,12.26,"2015/12/17 12:05:05"
D,METER_DATA,GEN_DUID,1,"2015/12/17 12:10:00",CLUNY,9.159890,"2015/12/17 12:05:05"
D,METER_DATA,GEN_DUID,1,"2015/12/17 12:10:00",CNUNDAWF,2.803270,"2015/12/17 12:05:05"
D,METER_DATA,GEN_DUID,1,"2015/12/17 12:10:00",CULLRGWF,0,"2015/12/17 12:05:05"
D,METER_DATA,GEN_DUID,1,"2015/12/17 12:10:00",ERGT01,0,"2015/12/17 12:05:05"
D,METER_DATA,GEN_DUID,1,"2015/12/17 12:10:00",GB01,0.196835,"2015/12/17 12:05:05"
D,METER_DATA,GEN_DUID,1,"2015/12/17 12:10:00",GERMCRK,32.599998,"2015/12/17 12:05:05"
D,METER_DATA,GEN_DUID,1,"2015/12/17 12:10:00",INVICTA,0,"2015/12/17 12:05:05"
D,METER_DATA,GEN_DUID,1,"2015/12/17 12:10:00",LKBONNY1,6.162346,"2015/12/17 12:05:05"
D,METER_DATA,GEN_DUID,1,"2015/12/17 12:10:00",MBAHNTH,1.893751,"2015/12/17 12:05:05"
D,METER_DATA,GEN_DUID,1,"2015/12/17 12:10:00",MLWF1,1.8750,"2015/12/17 12:05:05"
D,METER_DATA,GEN_DUID,1,"2015/12/17 12:10:00",MTMILLAR,3.534623,"2015/12/17 12:05:05"
D,METER_DATA,GEN_DUID,1,"2015/12/17 12:10:00",PALOONA,10.92,"2015/12/17 12:05:05"
D,METER_DATA,GEN_DUID,1,"2015/12/17 12:10:00",PIONEER,0,"2015/12/17 12:05:05"
D,METER_DATA,GEN_DUID,1,"2015/12/17 12:10:00",PORTWF,11.20,"2015/12/17 12:05:05"
D,METER_DATA,GEN_DUID,1,"2015/12/17 12:10:00",REPULSE,16.635015,"2015/12/17 12:05:05"
D,METER_DATA,GEN_DUID,1,"2015/12/17 12:10:00",ROWALLAN,0,"2015/12/17 12:05:05"
D,METER_DATA,GEN_DUID,1,"2015/12/17 12:10:00",RPCG,8.60,"2015/12/17 12:05:05"
D,METER_DATA,GEN_DUID,1,"2015/12/17 12:10:00",RUBICON,0,"2015/12/17 12:05:05"
D,METER_DATA,GEN_DUID,1,"2015/12/17 12:10:00",STARHLWF,0.799767,"2015/12/17 12:05:05"
D,METER_DATA,GEN_DUID,1,"2015/12/17 12:10:00",WAUBRAWF,0.4430,"2015/12/17 12:05:05"
D,METER_DATA,GEN_DUID,1,"2015/12/17 12:10:00",WOOLNTH1,124.960022,"2015/12/17 12:05:05"
D,METER_DATA,GEN_DUID,1,"2015/12/17 12:10:00",WPWF,0,"2015/12/17 12:05:05"
D,METER_DATA,GEN_DUID,1,"2015/12/17 12:10:00",YAMBUKWF,1.50,"2015/12/17 12:05:05"
D,METER_DATA,GEN_DUID,1,"2015/12/17 12:15:00",ANGAS1,27.906675,"2015/12/17 12:10:05"
D,METER_DATA,GEN_DUID,1,"2015/12/17 12:15:00",ANGAS2,9.310866,"2015/12/17 12:10:05"
D,METER_DATA,GEN_DUID,1,"2015/12/17 12:15:00",BUTLERSG,-0.000002,"2015/12/17 12:10:05"
D,METER_DATA,GEN_DUID,1,"2015/12/17 12:15:00",CALL_A_4,0,"2015/12/17 12:10:05"
D,METER_DATA,GEN_DUID,1,"2015/12/17 12:15:00",CAPTL_WF,0,"2015/12/17 12:10:05"
D,METER_DATA,GEN_DUID,1,"2015/12/17 12:15:00",CATHROCK,0,"2015/12/17 12:10:05"
D,METER_DATA,GEN_DUID,1,"2015/12/17 12:15:00",CHALLHWF,1.20,"2015/12/17 12:10:05"
D,METER_DATA,GEN_DUID,1,"2015/12/17 12:15:00",CLOVER,12.21,"2015/12/17 12:10:05"
D,METER_DATA,GEN_DUID,1,"2015/12/17 12:15:00",CLUNY,8.988410,"2015/12/17 12:10:05"
D,METER_DATA,GEN_DUID,1,"2015/12/17 12:15:00",CNUNDAWF,2.603036,"2015/12/17 12:10:05"
D,METER_DATA,GEN_DUID,1,"2015/12/17 12:15:00",CULLRGWF,0,"2015/12/17 12:10:05"
D,METER_DATA,GEN_DUID,1,"2015/12/17 12:15:00",ERGT01,0,"2015/12/17 12:10:05"
D,METER_DATA,GEN_DUID,1,"2015/12/17 12:15:00",GB01,0.196835,"2015/12/17 12:10:05"
D,METER_DATA,GEN_DUID,1,"2015/12/17 12:15:00",GERMCRK,32.099998,"2015/12/17 12:10:05"
D,METER_DATA,GEN_DUID,1,"2015/12/17 12:15:00",INVICTA,0,"2015/12/17 12:10:05"
D,METER_DATA,GEN_DUID,1,"2015/12/17 12:15:00",LKBONNY1,4.822706,"2015/12/17 12:10:05"
D,METER_DATA,GEN_DUID,1,"2015/12/17 12:15:00",MBAHNTH,1.893751,"2015/12/17 12:10:05"
D,METER_DATA,GEN_DUID,1,"2015/12/17 12:15:00",MLWF1,3.4350,"2015/12/17 12:10:05"
D,METER_DATA,GEN_DUID,1,"2015/12/17 12:15:00",MTMILLAR,6.072110,"2015/12/17 12:10:05"
D,METER_DATA,GEN_DUID,1,"2015/12/17 12:15:00",PALOONA,10.92,"2015/12/17 12:10:05"
D,METER_DATA,GEN_DUID,1,"2015/12/17 12:15:00",PIONEER,0,"2015/12/17 12:10:05"
D,METER_DATA,GEN_DUID,1,"2015/12/17 12:15:00",PORTWF,11.50,"2015/12/17 12:10:05"
D,METER_DATA,GEN_DUID,1,"2015/12/17 12:15:00",REPULSE,16.330135,"2015/12/17 12:10:05"
D,METER_DATA,GEN_DUID,1,"2015/12/17 12:15:00",ROWALLAN,0,"2015/12/17 12:10:05"
D,METER_DATA,GEN_DUID,1,"2015/12/17 12:15:00",RPCG,8.50,"2015/12/17 12:10:05"
D,METER_DATA,GEN_DUID,1,"2015/12/17 12:15:00",RUBICON,0,"2015/12/17 12:10:05"
D,METER_DATA,GEN_DUID,1,"2015/12/17 12:15:00",STARHLWF,0.499854,"2015/12/17 12:10:05"
D,METER_DATA,GEN_DUID,1,"2015/12/17 12:15:00",WAUBRAWF,0.5610,"2015/12/17 12:10:05"
D,METER_DATA,GEN_DUID,1,"2015/12/17 12:15:00",WOOLNTH1,126.630020,"2015/12/17 12:10:05"
D,METER_DATA,GEN_DUID,1,"2015/12/17 12:15:00",WPWF,0,"2015/12/17 12:10:05"
D,METER_DATA,GEN_DUID,1,"2015/12/17 12:15:00",YAMBUKWF,1.10,"2015/12/17 12:10:05"
D,METER_DATA,GEN_DUID,1,"2015/12/17 12:20:00",ANGAS1,27.988766,"2015/12/17 12:15:04"
D,METER_DATA,GEN_DUID,1,"2015/12/17 12:20:00",ANGAS2,9.302225,"2015/12/17 12:15:04"
D,METER_DATA,GEN_DUID,1,"2015/12/17 12:20:00",BUTLERSG,-0.000002,"2015/12/17 12:15:04"
D,METER_DATA,GEN_DUID,1,"2015/12/17 12:20:00",CALL_A_4,0,"2015/12/17 12:15:04"
D,METER_DATA,GEN_DUID,1,"2015/12/17 12:20:00",CAPTL_WF,0,"2015/12/17 12:15:04"
D,METER_DATA,GEN_DUID,1,"2015/12/17 12:20:00",CATHROCK,0,"2015/12/17 12:15:04"
D,METER_DATA,GEN_DUID,1,"2015/12/17 12:20:00",CHALLHWF,1,"2015/12/17 12:15:04"
D,METER_DATA,GEN_DUID,1,"2015/12/17 12:20:00",CLOVER,11.91,"2015/12/17 12:15:04"
D,METER_DATA,GEN_DUID,1,"2015/12/17 12:20:00",CLUNY,8.688320,"2015/12/17 12:15:04"
D,METER_DATA,GEN_DUID,1,"2015/12/17 12:20:00",CNUNDAWF,2.202569,"2015/12/17 12:15:04"
D,METER_DATA,GEN_DUID,1,"2015/12/17 12:20:00",CULLRGWF,0,"2015/12/17 12:15:04"
D,METER_DATA,GEN_DUID,1,"2015/12/17 12:20:00",ERGT01,0,"2015/12/17 12:15:04"
D,METER_DATA,GEN_DUID,1,"2015/12/17 12:20:00",GB01,0.196835,"2015/12/17 12:15:04"
D,METER_DATA,GEN_DUID,1,"2015/12/17 12:20:00",GERMCRK,31.50,"2015/12/17 12:15:04"
D,METER_DATA,GEN_DUID,1,"2015/12/17 12:20:00",INVICTA,0,"2015/12/17 12:15:04"
D,METER_DATA,GEN_DUID,1,"2015/12/17 12:20:00",LKBONNY1,3.304446,"2015/12/17 12:15:04"
D,METER_DATA,GEN_DUID,1,"2015/12/17 12:20:00",MBAHNTH,1.893751,"2015/12/17 12:15:04"
D,METER_DATA,GEN_DUID,1,"2015/12/17 12:20:00",MLWF1,1.68,"2015/12/17 12:15:04"
D,METER_DATA,GEN_DUID,1,"2015/12/17 12:20:00",MTMILLAR,6.235819,"2015/12/17 12:15:04"
D,METER_DATA,GEN_DUID,1,"2015/12/17 12:20:00",PALOONA,10.92,"2015/12/17 12:15:04"
D,METER_DATA,GEN_DUID,1,"2015/12/17 12:20:00",PIONEER,0,"2015/12/17 12:15:04"
D,METER_DATA,GEN_DUID,1,"2015/12/17 12:20:00",PORTWF,12.70,"2015/12/17 12:15:04"
D,METER_DATA,GEN_DUID,1,"2015/12/17 12:20:00",REPULSE,15.910925,"2015/12/17 12:15:04"
D,METER_DATA,GEN_DUID,1,"2015/12/17 12:20:00",ROWALLAN,0,"2015/12/17 12:15:04"
D,METER_DATA,GEN_DUID,1,"2015/12/17 12:20:00",RPCG,9.60,"2015/12/17 12:15:04"
D,METER_DATA,GEN_DUID,1,"2015/12/17 12:20:00",RUBICON,0,"2015/12/17 12:15:04"
D,METER_DATA,GEN_DUID,1,"2015/12/17 12:20:00",STARHLWF,0.699796,"2015/12/17 12:15:04"
D,METER_DATA,GEN_DUID,1,"2015/12/17 12:20:00",WAUBRAWF,0,"2015/12/17 12:15:04"
D,METER_DATA,GEN_DUID,1,"2015/12/17 12:20:00",WOOLNTH1,126.820023,"2015/12/17 12:15:04"
D,METER_DATA,GEN_DUID,1,"2015/12/17 12:20:00",WPWF,0,"2015/12/17 12:15:04"
D,METER_DATA,GEN_DUID,1,"2015/12/17 12:20:00",YAMBUKWF,0.60,"2015/12/17 12:15:04"
D,METER_DATA,GEN_DUID,1,"2015/12/17 12:25:00",ANGAS1,27.954203,"2015/12/17 12:20:04"
D,METER_DATA,GEN_DUID,1,"2015/12/17 12:25:00",ANGAS2,9.246058,"2015/12/17 12:20:04"
D,METER_DATA,GEN_DUID,1,"2015/12/17 12:25:00",BUTLERSG,-0.000002,"2015/12/17 12:20:04"
D,METER_DATA,GEN_DUID,1,"2015/12/17 12:25:00",CALL_A_4,0,"2015/12/17 12:20:04"
D,METER_DATA,GEN_DUID,1,"2015/12/17 12:25:00",CAPTL_WF,0,"2015/12/17 12:20:04"
D,METER_DATA,GEN_DUID,1,"2015/12/17 12:25:00",CATHROCK,0,"2015/12/17 12:20:04"
D,METER_DATA,GEN_DUID,1,"2015/12/17 12:25:00",CHALLHWF,0.40,"2015/12/17 12:20:04"
D,METER_DATA,GEN_DUID,1,"2015/12/17 12:25:00",CLOVER,12,"2015/12/17 12:20:04"
D,METER_DATA,GEN_DUID,1,"2015/12/17 12:25:00",CLUNY,8.631160,"2015/12/17 12:20:04"
D,METER_DATA,GEN_DUID,1,"2015/12/17 12:25:00",CNUNDAWF,1.601869,"2015/12/17 12:20:04"
D,METER_DATA,GEN_DUID,1,"2015/12/17 12:25:00",CULLRGWF,0,"2015/12/17 12:20:04"
D,METER_DATA,GEN_DUID,1,"2015/12/17 12:25:00",ERGT01,0,"2015/12/17 12:20:04"
D,METER_DATA,GEN_DUID,1,"2015/12/17 12:25:00",GB01,0.197605,"2015/12/17 12:20:04"
D,METER_DATA,GEN_DUID,1,"2015/12/17 12:25:00",GERMCRK,32.400002,"2015/12/17 12:20:04"
D,METER_DATA,GEN_DUID,1,"2015/12/17 12:25:00",INVICTA,0,"2015/12/17 12:20:04"
D,METER_DATA,GEN_DUID,1,"2015/12/17 12:25:00",LKBONNY1,2.947209,"2015/12/17 12:20:04"
D,METER_DATA,GEN_DUID,1,"2015/12/17 12:25:00",MBAHNTH,1.893751,"2015/12/17 12:20:04"
D,METER_DATA,GEN_DUID,1,"2015/12/17 12:25:00",MLWF1,3.8850,"2015/12/17 12:20:04"
D,METER_DATA,GEN_DUID,1,"2015/12/17 12:25:00",MTMILLAR,9.160254,"2015/12/17 12:20:04"
D,METER_DATA,GEN_DUID,1,"2015/12/17 12:25:00",PALOONA,10.92,"2015/12/17 12:20:04"
D,METER_DATA,GEN_DUID,1,"2015/12/17 12:25:00",PIONEER,0,"2015/12/17 12:20:04"
D,METER_DATA,GEN_DUID,1,"2015/12/17 12:25:00",PORTWF,12,"2015/12/17 12:20:04"
D,METER_DATA,GEN_DUID,1,"2015/12/17 12:25:00",REPULSE,15.625099,"2015/12/17 12:20:04"
D,METER_DATA,GEN_DUID,1,"2015/12/17 12:25:00",ROWALLAN,0,"2015/12/17 12:20:04"
D,METER_DATA,GEN_DUID,1,"2015/12/17 12:25:00",RPCG,9.60,"2015/12/17 12:20:04"
D,METER_DATA,GEN_DUID,1,"2015/12/17 12:25:00",RUBICON,0,"2015/12/17 12:20:04"
D,METER_DATA,GEN_DUID,1,"2015/12/17 12:25:00",STARHLWF,1.199650,"2015/12/17 12:20:04"
D,METER_DATA,GEN_DUID,1,"2015/12/17 12:25:00",WAUBRAWF,0,"2015/12/17 12:20:04"
D,METER_DATA,GEN_DUID,1,"2015/12/17 12:25:00",WOOLNTH1,126.030014,"2015/12/17 12:20:04"
D,METER_DATA,GEN_DUID,1,"2015/12/17 12:25:00",WPWF,0,"2015/12/17 12:20:04"
D,METER_DATA,GEN_DUID,1,"2015/12/17 12:25:00",YAMBUKWF,1,"2015/12/17 12:20:04"
D,METER_DATA,GEN_DUID,1,"2015/12/17 12:30:00",ANGAS1,28.075178,"2015/12/17 12:25:04"
D,METER_DATA,GEN_DUID,1,"2015/12/17 12:30:00",ANGAS2,9.306545,"2015/12/17 12:25:04"
D,METER_DATA,GEN_DUID,1,"2015/12/17 12:30:00",BUTLERSG,-0.000002,"2015/12/17 12:25:04"
D,METER_DATA,GEN_DUID,1,"2015/12/17 12:30:00",CALL_A_4,0,"2015/12/17 12:25:04"
D,METER_DATA,GEN_DUID,1,"2015/12/17 12:30:00",CAPTL_WF,0,"2015/12/17 12:25:04"
D,METER_DATA,GEN_DUID,1,"2015/12/17 12:30:00",CATHROCK,0,"2015/12/17 12:25:04"
D,METER_DATA,GEN_DUID,1,"2015/12/17 12:30:00",CHALLHWF,0.20,"2015/12/17 12:25:04"
D,METER_DATA,GEN_DUID,1,"2015/12/17 12:30:00",CLOVER,11.92,"2015/12/17 12:25:04"
D,METER_DATA,GEN_DUID,1,"2015/12/17 12:30:00",CLUNY,8.459681,"2015/12/17 12:25:04"
D,METER_DATA,GEN_DUID,1,"2015/12/17 12:30:00",CNUNDAWF,0.800934,"2015/12/17 12:25:04"
D,METER_DATA,GEN_DUID,1,"2015/12/17 12:30:00",CULLRGWF,0,"2015/12/17 12:25:04"
D,METER_DATA,GEN_DUID,1,"2015/12/17 12:30:00",ERGT01,0,"2015/12/17 12:25:04"
D,METER_DATA,GEN_DUID,1,"2015/12/17 12:30:00",GB01,0.197605,"2015/12/17 12:25:04"
D,METER_DATA,GEN_DUID,1,"2015/12/17 12:30:00",GERMCRK,31.90,"2015/12/17 12:25:04"
D,METER_DATA,GEN_DUID,1,"2015/12/17 12:30:00",INVICTA,0,"2015/12/17 12:25:04"
D,METER_DATA,GEN_DUID,1,"2015/12/17 12:30:00",LKBONNY1,2.500662,"2015/12/17 12:25:04"
D,METER_DATA,GEN_DUID,1,"2015/12/17 12:30:00",MBAHNTH,1.893751,"2015/12/17 12:25:04"
D,METER_DATA,GEN_DUID,1,"2015/12/17 12:30:00",MLWF1,3.84,"2015/12/17 12:25:04"
D,METER_DATA,GEN_DUID,1,"2015/12/17 12:30:00",MTMILLAR,9.212343,"2015/12/17 12:25:04"
D,METER_DATA,GEN_DUID,1,"2015/12/17 12:30:00",PALOONA,10.92,"2015/12/17 12:25:04"
D,METER_DATA,GEN_DUID,1,"2015/12/17 12:30:00",PIONEER,0,"2015/12/17 12:25:04"
D,METER_DATA,GEN_DUID,1,"2015/12/17 12:30:00",PORTWF,12,"2015/12/17 12:25:04"
D,METER_DATA,GEN_DUID,1,"2015/12/17 12:30:00",REPULSE,15.644155,"2015/12/17 12:25:04"
D,METER_DATA,GEN_DUID,1,"2015/12/17 12:30:00",ROWALLAN,0,"2015/12/17 12:25:04"
D,METER_DATA,GEN_DUID,1,"2015/12/17 12:30:00",RPCG,9.60,"2015/12/17 12:25:04"
D,METER_DATA,GEN_DUID,1,"2015/12/17 12:30:00",RUBICON,0,"2015/12/17 12:25:04"
D,METER_DATA,GEN_DUID,1,"2015/12/17 12:30:00",STARHLWF,1.199650,"2015/12/17 12:25:04"
D,METER_DATA,GEN_DUID,1,"2015/12/17 12:30:00",WAUBRAWF,0,"2015/12/17 12:25:04"
D,METER_DATA,GEN_DUID,1,"2015/12/17 12:30:00",WOOLNTH1,126.380020,"2015/12/17 12:25:04"
D,METER_DATA,GEN_DUID,1,"2015/12/17 12:30:00",WPWF,0,"2015/12/17 12:25:04"
D,METER_DATA,GEN_DUID,1,"2015/12/17 12:30:00",YAMBUKWF,0.60,"2015/12/17 12:25:04"
D,METER_DATA,GEN_DUID,1,"2015/12/17 12:35:00",ANGAS1,27.988766,"2015/12/17 12:30:05"
D,METER_DATA,GEN_DUID,1,"2015/12/17 12:35:00",ANGAS2,9.306545,"2015/12/17 12:30:05"
D,METER_DATA,GEN_DUID,1,"2015/12/17 12:35:00",BUTLERSG,-0.000002,"2015/12/17 12:30:05"
D,METER_DATA,GEN_DUID,1,"2015/12/17 12:35:00",CALL_A_4,0,"2015/12/17 12:30:05"
D,METER_DATA,GEN_DUID,1,"2015/12/17 12:35:00",CAPTL_WF,0,"2015/12/17 12:30:05"
D,METER_DATA,GEN_DUID,1,"2015/12/17 12:35:00",CATHROCK,0,"2015/12/17 12:30:05"
D,METER_DATA,GEN_DUID,1,"2015/12/17 12:35:00",CHALLHWF,0,"2015/12/17 12:30:05"
D,METER_DATA,GEN_DUID,1,"2015/12/17 12:35:00",CLOVER,11.92,"2015/12/17 12:30:05"
D,METER_DATA,GEN_DUID,1,"2015/12/17 12:35:00",CLUNY,8.545421,"2015/12/17 12:30:05"
D,METER_DATA,GEN_DUID,1,"2015/12/17 12:35:00",CNUNDAWF,0.400467,"2015/12/17 12:30:05"
D,METER_DATA,GEN_DUID,1,"2015/12/17 12:35:00",CULLRGWF,0,"2015/12/17 12:30:05"
D,METER_DATA,GEN_DUID,1,"2015/12/17 12:35:00",ERGT01,0,"2015/12/17 12:30:05"
D,METER_DATA,GEN_DUID,1,"2015/12/17 12:35:00",GB01,0.197605,"2015/12/17 12:30:05"
D,METER_DATA,GEN_DUID,1,"2015/12/17 12:35:00",GERMCRK,32,"2015/12/17 12:30:05"
D,METER_DATA,GEN_DUID,1,"2015/12/17 12:35:00",INVICTA,0,"2015/12/17 12:30:05"
D,METER_DATA,GEN_DUID,1,"2015/12/17 12:35:00",LKBONNY1,0.893094,"2015/12/17 12:30:05"
D,METER_DATA,GEN_DUID,1,"2015/12/17 12:35:00",MBAHNTH,1.893751,"2015/12/17 12:30:05"
D,METER_DATA,GEN_DUID,1,"2015/12/17 12:35:00",MLWF1,2.55,"2015/12/17 12:30:05"
D,METER_DATA,GEN_DUID,1,"2015/12/17 12:35:00",MTMILLAR,12.330253,"2015/12/17 12:30:05"
D,METER_DATA,GEN_DUID,1,"2015/12/17 12:35:00",PALOONA,10.92,"2015/12/17 12:30:05"
D,METER_DATA,GEN_DUID,1,"2015/12/17 12:35:00",PIONEER,0,"2015/12/17 12:30:05"
D,METER_DATA,GEN_DUID,1,"2015/12/17 12:35:00",PORTWF,12.90,"2015/12/17 12:30:05"
D,METER_DATA,GEN_DUID,1,"2015/12/17 12:35:00",REPULSE,16.139585,"2015/12/17 12:30:05"
D,METER_DATA,GEN_DUID,1,"2015/12/17 12:35:00",ROWALLAN,0,"2015/12/17 12:30:05"
D,METER_DATA,GEN_DUID,1,"2015/12/17 12:35:00",RPCG,7.80,"2015/12/17 12:30:05"
D,METER_DATA,GEN_DUID,1,"2015/12/17 12:35:00",RUBICON,0,"2015/12/17 12:30:05"
D,METER_DATA,GEN_DUID,1,"2015/12/17 12:35:00",STARHLWF,1.699504,"2015/12/17 12:30:05"
D,METER_DATA,GEN_DUID,1,"2015/12/17 12:35:00",WAUBRAWF,0,"2015/12/17 12:30:05"
D,METER_DATA,GEN_DUID,1,"2015/12/17 12:35:00",WOOLNTH1,126.940018,"2015/12/17 12:30:05"
D,METER_DATA,GEN_DUID,1,"2015/12/17 12:35:00",WPWF,0,"2015/12/17 12:30:05"
D,METER_DATA,GEN_DUID,1,"2015/12/17 12:35:00",YAMBUKWF,0,"2015/12/17 12:30:05"
D,METER_DATA,GEN_DUID,1,"2015/12/17 12:40:00",ANGAS1,27.712250,"2015/12/17 12:35:05"
D,METER_DATA,GEN_DUID,1,"2015/12/17 12:40:00",ANGAS2,9.021387,"2015/12/17 12:35:05"
D,METER_DATA,GEN_DUID,1,"2015/12/17 12:40:00",BUTLERSG,-0.000002,"2015/12/17 12:35:05"
D,METER_DATA,GEN_DUID,1,"2015/12/17 12:40:00",CALL_A_4,0,"2015/12/17 12:35:05"
D,METER_DATA,GEN_DUID,1,"2015/12/17 12:40:00",CAPTL_WF,0,"2015/12/17 12:35:05"
D,METER_DATA,GEN_DUID,1,"2015/12/17 12:40:00",CATHROCK,0,"2015/12/17 12:35:05"
D,METER_DATA,GEN_DUID,1,"2015/12/17 12:40:00",CHALLHWF,0.50,"2015/12/17 12:35:05"
D,METER_DATA,GEN_DUID,1,"2015/12/17 12:40:00",CLOVER,12.12,"2015/12/17 12:35:05"
D,METER_DATA,GEN_DUID,1,"2015/12/17 12:40:00",CLUNY,9.016991,"2015/12/17 12:35:05"
D,METER_DATA,GEN_DUID,1,"2015/12/17 12:40:00",CNUNDAWF,0,"2015/12/17 12:35:05"
D,METER_DATA,GEN_DUID,1,"2015/12/17 12:40:00",CULLRGWF,0,"2015/12/17 12:35:05"
D,METER_DATA,GEN_DUID,1,"2015/12/17 12:40:00",ERGT01,0,"2015/12/17 12:35:05"
D,METER_DATA,GEN_DUID,1,"2015/12/17 12:40:00",GB01,0.197605,"2015/12/17 12:35:05"
D,METER_DATA,GEN_DUID,1,"2015/12/17 12:40:00",GERMCRK,33.299999,"2015/12/17 12:35:05"
D,METER_DATA,GEN_DUID,1,"2015/12/17 12:40:00",INVICTA,0,"2015/12/17 12:35:05"
D,METER_DATA,GEN_DUID,1,"2015/12/17 12:40:00",LKBONNY1,0.089309,"2015/12/17 12:35:05"
D,METER_DATA,GEN_DUID,1,"2015/12/17 12:40:00",MBAHNTH,1.893751,"2015/12/17 12:35:05"
D,METER_DATA,GEN_DUID,1,"2015/12/17 12:40:00",MLWF1,3.0150,"2015/12/17 12:35:05"
D,METER_DATA,GEN_DUID,1,"2015/12/17 12:40:00",MTMILLAR,9.495113,"2015/12/17 12:35:05"
D,METER_DATA,GEN_DUID,1,"2015/12/17 12:40:00",PALOONA,10.92,"2015/12/17 12:35:05"
D,METER_DATA,GEN_DUID,1,"2015/12/17 12:40:00",PIONEER,0,"2015/12/17 12:35:05"
D,METER_DATA,GEN_DUID,1,"2015/12/17 12:40:00",PORTWF,13.30,"2015/12/17 12:35:05"
D,METER_DATA,GEN_DUID,1,"2015/12/17 12:40:00",REPULSE,15.529824,"2015/12/17 12:35:05"
D,METER_DATA,GEN_DUID,1,"2015/12/17 12:40:00",ROWALLAN,0,"2015/12/17 12:35:05"
D,METER_DATA,GEN_DUID,1,"2015/12/17 12:40:00",RPCG,12.40,"2015/12/17 12:35:05"
D,METER_DATA,GEN_DUID,1,"2015/12/17 12:40:00",RUBICON,0,"2015/12/17 12:35:05"
D,METER_DATA,GEN_DUID,1,"2015/12/17 12:40:00",STARHLWF,1.199650,"2015/12/17 12:35:05"
D,METER_DATA,GEN_DUID,1,"2015/12/17 12:40:00",WAUBRAWF,0,"2015/12/17 12:35:05"
D,METER_DATA,GEN_DUID,1,"2015/12/17 12:40:00",WOOLNTH1,126.160019,"2015/12/17 12:35:05"
D,METER_DATA,GEN_DUID,1,"2015/12/17 12:40:00",WPWF,0,"2015/12/17 12:35:05"
D,METER_DATA,GEN_DUID,1,"2015/12/17 12:40:00",YAMBUKWF,0,"2015/12/17 12:35:05"
D,METER_DATA,GEN_DUID,1,"2015/12/17 12:45:00",ANGAS1,28.044933,"2015/12/17 12:40:04"
D,METER_DATA,GEN_DUID,1,"2015/12/17 12:45:00",ANGAS2,9.323828,"2015/12/17 12:40:04"
D,METER_DATA,GEN_DUID,1,"2015/12/17 12:45:00",BUTLERSG,-0.000002,"2015/12/17 12:40:04"
D,METER_DATA,GEN_DUID,1,"2015/12/17 12:45:00",CALL_A_4,0,"2015/12/17 12:40:04"
D,METER_DATA,GEN_DUID,1,"2015/12/17 12:45:00",CAPTL_WF,0,"2015/12/17 12:40:04"
D,METER_DATA,GEN_DUID,1,"2015/12/17 12:45:00",CATHROCK,0,"2015/12/17 12:40:04"
D,METER_DATA,GEN_DUID,1,"2015/12/17 12:45:00",CHALLHWF,1,"2015/12/17 12:40:04"
D,METER_DATA,GEN_DUID,1,"2015/12/17 12:45:00",CLOVER,12.08,"2015/12/17 12:40:04"
D,METER_DATA,GEN_DUID,1,"2015/12/17 12:45:00",CLUNY,8.774060,"2015/12/17 12:40:04"
D,METER_DATA,GEN_DUID,1,"2015/12/17 12:45:00",CNUNDAWF,0,"2015/12/17 12:40:04"
D,METER_DATA,GEN_DUID,1,"2015/12/17 12:45:00",CULLRGWF,0,"2015/12/17 12:40:04"
D,METER_DATA,GEN_DUID,1,"2015/12/17 12:45:00",ERGT01,0,"2015/12/17 12:40:04"
D,METER_DATA,GEN_DUID,1,"2015/12/17 12:45:00",GB01,0.197605,"2015/12/17 12:40:04"
D,METER_DATA,GEN_DUID,1,"2015/12/17 12:45:00",GERMCRK,33.099998,"2015/12/17 12:40:04"
D,METER_DATA,GEN_DUID,1,"2015/12/17 12:45:00",INVICTA,0,"2015/12/17 12:40:04"
D,METER_DATA,GEN_DUID,1,"2015/12/17 12:45:00",LKBONNY1,0.357237,"2015/12/17 12:40:04"
D,METER_DATA,GEN_DUID,1,"2015/12/17 12:45:00",MBAHNTH,1.893751,"2015/12/17 12:40:04"
D,METER_DATA,GEN_DUID,1,"2015/12/17 12:45:00",MLWF1,2.9250,"2015/12/17 12:40:04"
D,METER_DATA,GEN_DUID,1,"2015/12/17 12:45:00",MTMILLAR,9.390935,"2015/12/17 12:40:04"
D,METER_DATA,GEN_DUID,1,"2015/12/17 12:45:00",PALOONA,10.92,"2015/12/17 12:40:04"
D,METER_DATA,GEN_DUID,1,"2015/12/17 12:45:00",PIONEER,0,"2015/12/17 12:40:04"
D,METER_DATA,GEN_DUID,1,"2015/12/17 12:45:00",PORTWF,12.60,"2015/12/17 12:40:04"
D,METER_DATA,GEN_DUID,1,"2015/12/17 12:45:00",REPULSE,16.425409,"2015/12/17 12:40:04"
D,METER_DATA,GEN_DUID,1,"2015/12/17 12:45:00",ROWALLAN,0,"2015/12/17 12:40:04"
D,METER_DATA,GEN_DUID,1,"2015/12/17 12:45:00",RPCG,10.90,"2015/12/17 12:40:04"
D,METER_DATA,GEN_DUID,1,"2015/12/17 12:45:00",RUBICON,0,"2015/12/17 12:40:04"
D,METER_DATA,GEN_DUID,1,"2015/12/17 12:45:00",STARHLWF,0.399883,"2015/12/17 12:40:04"
D,METER_DATA,GEN_DUID,1,"2015/12/17 12:45:00",WAUBRAWF,0,"2015/12/17 12:40:04"
D,METER_DATA,GEN_DUID,1,"2015/12/17 12:45:00",WOOLNTH1,123.410019,"2015/12/17 12:40:04"
D,METER_DATA,GEN_DUID,1,"2015/12/17 12:45:00",WPWF,0,"2015/12/17 12:40:04"
D,METER_DATA,GEN_DUID,1,"2015/12/17 12:45:00",YAMBUKWF,0,"2015/12/17 12:40:04"
D,METER_DATA,GEN_DUID,1,"2015/12/17 12:50:00",ANGAS1,28.144308,"2015/12/17 12:45:04"
D,METER_DATA,GEN_DUID,1,"2015/12/17 12:50:00",ANGAS2,9.328149,"2015/12/17 12:45:04"
D,METER_DATA,GEN_DUID,1,"2015/12/17 12:50:00",BUTLERSG,-0.000002,"2015/12/17 12:45:04"
D,METER_DATA,GEN_DUID,1,"2015/12/17 12:50:00",CALL_A_4,0,"2015/12/17 12:45:04"
D,METER_DATA,GEN_DUID,1,"2015/12/17 12:50:00",CAPTL_WF,0,"2015/12/17 12:45:04"
D,METER_DATA,GEN_DUID,1,"2015/12/17 12:50:00",CATHROCK,0,"2015/12/17 12:45:04"
D,METER_DATA,GEN_DUID,1,"2015/12/17 12:50:00",CHALLHWF,2.10,"2015/12/17 12:45:04"
D,METER_DATA,GEN_DUID,1,"2015/12/17 12:50:00",CLOVER,11.99,"2015/12/17 12:45:04"
D,METER_DATA,GEN_DUID,1,"2015/12/17 12:50:00",CLUNY,8.602580,"2015/12/17 12:45:04"
D,METER_DATA,GEN_DUID,1,"2015/12/17 12:50:00",CNUNDAWF,0,"2015/12/17 12:45:04"
D,METER_DATA,GEN_DUID,1,"2015/12/17 12:50:00",CULLRGWF,0,"2015/12/17 12:45:04"
D,METER_DATA,GEN_DUID,1,"2015/12/17 12:50:00",ERGT01,0,"2015/12/17 12:45:04"
D,METER_DATA,GEN_DUID,1,"2015/12/17 12:50:00",GB01,0.197605,"2015/12/17 12:45:04"
D,METER_DATA,GEN_DUID,1,"2015/12/17 12:50:00",GERMCRK,32.400002,"2015/12/17 12:45:04"
D,METER_DATA,GEN_DUID,1,"2015/12/17 12:50:00",INVICTA,0,"2015/12/17 12:45:04"
D,METER_DATA,GEN_DUID,1,"2015/12/17 12:50:00",LKBONNY1,0.446547,"2015/12/17 12:45:04"
D,METER_DATA,GEN_DUID,1,"2015/12/17 12:50:00",MBAHNTH,1.893751,"2015/12/17 12:45:04"
D,METER_DATA,GEN_DUID,1,"2015/12/17 12:50:00",MLWF1,2.7750,"2015/12/17 12:45:04"
D,METER_DATA,GEN_DUID,1,"2015/12/17 12:50:00",MTMILLAR,9.338846,"2015/12/17 12:45:04"
D,METER_DATA,GEN_DUID,1,"2015/12/17 12:50:00",PALOONA,10.96,"2015/12/17 12:45:04"
D,METER_DATA,GEN_DUID,1,"2015/12/17 12:50:00",PIONEER,0,"2015/12/17 12:45:04"
D,METER_DATA,GEN_DUID,1,"2015/12/17 12:50:00",PORTWF,12,"2015/12/17 12:45:04"
D,METER_DATA,GEN_DUID,1,"2015/12/17 12:50:00",REPULSE,15.491714,"2015/12/17 12:45:04"
D,METER_DATA,GEN_DUID,1,"2015/12/17 12:50:00",ROWALLAN,0,"2015/12/17 12:45:04"
D,METER_DATA,GEN_DUID,1,"2015/12/17 12:50:00",RPCG,9.40,"2015/12/17 12:45:04"
D,METER_DATA,GEN_DUID,1,"2015/12/17 12:50:00",RUBICON,0,"2015/12/17 12:45:04"
D,METER_DATA,GEN_DUID,1,"2015/12/17 12:50:00",STARHLWF,0.699796,"2015/12/17 12:45:04"
D,METER_DATA,GEN_DUID,1,"2015/12/17 12:50:00",WAUBRAWF,0,"2015/12/17 12:45:04"
D,METER_DATA,GEN_DUID,1,"2015/12/17 12:50:00",WOOLNTH1,123.500015,"2015/12/17 12:45:04"
D,METER_DATA,GEN_DUID,1,"2015/12/17 12:50:00",WPWF,0,"2015/12/17 12:45:04"
D,METER_DATA,GEN_DUID,1,"2015/12/17 12:50:00",YAMBUKWF,-0.10,"2015/12/17 12:45:04"
D,METER_DATA,GEN_DUID,1,"2015/12/17 12:55:00",ANGAS1,28.144308,"2015/12/17 12:50:04"
D,METER_DATA,GEN_DUID,1,"2015/12/17 12:55:00",ANGAS2,9.319508,"2015/12/17 12:50:04"
D,METER_DATA,GEN_DUID,1,"2015/12/17 12:55:00",BUTLERSG,-0.000002,"2015/12/17 12:50:04"
D,METER_DATA,GEN_DUID,1,"2015/12/17 12:55:00",CALL_A_4,0,"2015/12/17 12:50:04"
D,METER_DATA,GEN_DUID,1,"2015/12/17 12:55:00",CAPTL_WF,0,"2015/12/17 12:50:04"
D,METER_DATA,GEN_DUID,1,"2015/12/17 12:55:00",CATHROCK,0,"2015/12/17 12:50:04"
D,METER_DATA,GEN_DUID,1,"2015/12/17 12:55:00",CHALLHWF,1.60,"2015/12/17 12:50:04"
D,METER_DATA,GEN_DUID,1,"2015/12/17 12:55:00",CLOVER,12.01,"2015/12/17 12:50:04"
D,METER_DATA,GEN_DUID,1,"2015/12/17 12:55:00",CLUNY,8.674030,"2015/12/17 12:50:04"
D,METER_DATA,GEN_DUID,1,"2015/12/17 12:55:00",CNUNDAWF,0,"2015/12/17 12:50:04"
D,METER_DATA,GEN_DUID,1,"2015/12/17 12:55:00",CULLRGWF,0.39,"2015/12/17 12:50:04"
D,METER_DATA,GEN_DUID,1,"2015/12/17 12:55:00",ERGT01,0,"2015/12/17 12:50:04"
D,METER_DATA,GEN_DUID,1,"2015/12/17 12:55:00",GB01,0.197605,"2015/12/17 12:50:04"
D,METER_DATA,GEN_DUID,1,"2015/12/17 12:55:00",GERMCRK,32.799999,"2015/12/17 12:50:04"
D,METER_DATA,GEN_DUID,1,"2015/12/17 12:55:00",INVICTA,0,"2015/12/17 12:50:04"
D,METER_DATA,GEN_DUID,1,"2015/12/17 12:55:00",LKBONNY1,-0.360028,"2015/12/17 12:50:04"
D,METER_DATA,GEN_DUID,1,"2015/12/17 12:55:00",MBAHNTH,1.893751,"2015/12/17 12:50:04"
D,METER_DATA,GEN_DUID,1,"2015/12/17 12:55:00",MLWF1,2.61,"2015/12/17 12:50:04"
D,METER_DATA,GEN_DUID,1,"2015/12/17 12:55:00",MTMILLAR,9.547202,"2015/12/17 12:50:04"
D,METER_DATA,GEN_DUID,1,"2015/12/17 12:55:00",PALOONA,10.96,"2015/12/17 12:50:04"
D,METER_DATA,GEN_DUID,1,"2015/12/17 12:55:00",PIONEER,0,"2015/12/17 12:50:04"
D,METER_DATA,GEN_DUID,1,"2015/12/17 12:55:00",PORTWF,11.40,"2015/12/17 12:50:04"
D,METER_DATA,GEN_DUID,1,"2015/12/17 12:55:00",REPULSE,15.949035,"2015/12/17 12:50:04"
D,METER_DATA,GEN_DUID,1,"2015/12/17 12:55:00",ROWALLAN,0,"2015/12/17 12:50:04"
D,METER_DATA,GEN_DUID,1,"2015/12/17 12:55:00",RPCG,7.90,"2015/12/17 12:50:04"
D,METER_DATA,GEN_DUID,1,"2015/12/17 12:55:00",RUBICON,0,"2015/12/17 12:50:04"
D,METER_DATA,GEN_DUID,1,"2015/12/17 12:55:00",STARHLWF,0.399883,"2015/12/17 12:50:04"
D,METER_DATA,GEN_DUID,1,"2015/12/17 12:55:00",WAUBRAWF,0,"2015/12/17 12:50:04"
D,METER_DATA,GEN_DUID,1,"2015/12/17 12:55:00",WOOLNTH1,124.340012,"2015/12/17 12:50:04"
D,METER_DATA,GEN_DUID,1,"2015/12/17 12:55:00",WPWF,0,"2015/12/17 12:50:04"
D,METER_DATA,GEN_DUID,1,"2015/12/17 12:55:00",YAMBUKWF,-0.20,"2015/12/17 12:50:04"
D,METER_DATA,GEN_DUID,1,"2015/12/17 13:00:00",ANGAS1,-0.168503,"2015/12/17 12:55:04"
D,METER_DATA,GEN_DUID,1,"2015/12/17 13:00:00",ANGAS2,-0.129618,"2015/12/17 12:55:04"
D,METER_DATA,GEN_DUID,1,"2015/12/17 13:00:00",BUTLERSG,-0.000002,"2015/12/17 12:55:04"
D,METER_DATA,GEN_DUID,1,"2015/12/17 13:00:00",CALL_A_4,0,"2015/12/17 12:55:04"
D,METER_DATA,GEN_DUID,1,"2015/12/17 13:00:00",CAPTL_WF,0,"2015/12/17 12:55:04"
D,METER_DATA,GEN_DUID,1,"2015/12/17 13:00:00",CATHROCK,0,"2015/12/17 12:55:04"
D,METER_DATA,GEN_DUID,1,"2015/12/17 13:00:00",CHALLHWF,0.80,"2015/12/17 12:55:04"
D,METER_DATA,GEN_DUID,1,"2015/12/17 13:00:00",CLOVER,12.45,"2015/12/17 12:55:04"
D,METER_DATA,GEN_DUID,1,"2015/12/17 13:00:00",CLUNY,9.302791,"2015/12/17 12:55:04"
D,METER_DATA,GEN_DUID,1,"2015/12/17 13:00:00",CNUNDAWF,0,"2015/12/17 12:55:04"
D,METER_DATA,GEN_DUID,1,"2015/12/17 13:00:00",CULLRGWF,0.14,"2015/12/17 12:55:04"
D,METER_DATA,GEN_DUID,1,"2015/12/17 13:00:00",ERGT01,0,"2015/12/17 12:55:04"
D,METER_DATA,GEN_DUID,1,"2015/12/17 13:00:00",GB01,0.197605,"2015/12/17 12:55:04"
D,METER_DATA,GEN_DUID,1,"2015/12/17 13:00:00",GERMCRK,32.200001,"2015/12/17 12:55:04"
D,METER_DATA,GEN_DUID,1,"2015/12/17 13:00:00",INVICTA,0,"2015/12/17 12:55:04"
D,METER_DATA,GEN_DUID,1,"2015/12/17 13:00:00",LKBONNY1,-0.627956,"2015/12/17 12:55:04"
D,METER_DATA,GEN_DUID,1,"2015/12/17 13:00:00",MBAHNTH,1.893751,"2015/12/17 12:55:04"
D,METER_DATA,GEN_DUID,1,"2015/12/17 13:00:00",MLWF1,2.76,"2015/12/17 12:55:04"
D,METER_DATA,GEN_DUID,1,"2015/12/17 13:00:00",MTMILLAR,13.386919,"2015/12/17 12:55:04"
D,METER_DATA,GEN_DUID,1,"2015/12/17 13:00:00",PALOONA,10.86,"2015/12/17 12:55:04"
D,METER_DATA,GEN_DUID,1,"2015/12/17 13:00:00",PIONEER,0,"2015/12/17 12:55:04"
D,METER_DATA,GEN_DUID,1,"2015/12/17 13:00:00",PORTWF,11,"2015/12/17 12:55:04"
D,METER_DATA,GEN_DUID,1,"2015/12/17 13:00:00",REPULSE,16.368244,"2015/12/17 12:55:04"
D,METER_DATA,GEN_DUID,1,"2015/12/17 13:00:00",ROWALLAN,0,"2015/12/17 12:55:04"
D,METER_DATA,GEN_DUID,1,"2015/12/17 13:00:00",RPCG,7.90,"2015/12/17 12:55:04"
D,METER_DATA,GEN_DUID,1,"2015/12/17 13:00:00",RUBICON,0,"2015/12/17 12:55:04"
D,METER_DATA,GEN_DUID,1,"2015/12/17 13:00:00",STARHLWF,-0.099971,"2015/12/17 12:55:04"
D,METER_DATA,GEN_DUID,1,"2015/12/17 13:00:00",WAUBRAWF,0,"2015/12/17 12:55:04"
D,METER_DATA,GEN_DUID,1,"2015/12/17 13:00:00",WOOLNTH1,123.440018,"2015/12/17 12:55:04"
D,METER_DATA,GEN_DUID,1,"2015/12/17 13:00:00",WPWF,0,"2015/12/17 12:55:04"
D,METER_DATA,GEN_DUID,1,"2015/12/17 13:00:00",YAMBUKWF,-0.30,"2015/12/17 12:55:04"
D,METER_DATA,GEN_DUID,1,"2015/12/17 13:05:00",ANGAS1,26.446316,"2015/12/17 13:00:04"
D,METER_DATA,GEN_DUID,1,"2015/12/17 13:05:00",ANGAS2,9.276301,"2015/12/17 13:00:04"
D,METER_DATA,GEN_DUID,1,"2015/12/17 13:05:00",BUTLERSG,-0.000002,"2015/12/17 13:00:04"
D,METER_DATA,GEN_DUID,1,"2015/12/17 13:05:00",CALL_A_4,0,"2015/12/17 13:00:04"
D,METER_DATA,GEN_DUID,1,"2015/12/17 13:05:00",CAPTL_WF,0,"2015/12/17 13:00:04"
D,METER_DATA,GEN_DUID,1,"2015/12/17 13:05:00",CATHROCK,0,"2015/12/17 13:00:04"
D,METER_DATA,GEN_DUID,1,"2015/12/17 13:05:00",CHALLHWF,0,"2015/12/17 13:00:04"
D,METER_DATA,GEN_DUID,1,"2015/12/17 13:05:00",CLOVER,11.86,"2015/12/17 13:00:04"
D,METER_DATA,GEN_DUID,1,"2015/12/17 13:05:00",CLUNY,9.274210,"2015/12/17 13:00:04"
D,METER_DATA,GEN_DUID,1,"2015/12/17 13:05:00",CNUNDAWF,0,"2015/12/17 13:00:04"
D,METER_DATA,GEN_DUID,1,"2015/12/17 13:05:00",CULLRGWF,0,"2015/12/17 13:00:04"
D,METER_DATA,GEN_DUID,1,"2015/12/17 13:05:00",ERGT01,0,"2015/12/17 13:00:04"
D,METER_DATA,GEN_DUID,1,"2015/12/17 13:05:00",GB01,0.197605,"2015/12/17 13:00:04"
D,METER_DATA,GEN_DUID,1,"2015/12/17 13:05:00",GERMCRK,32.599998,"2015/12/17 13:00:04"
D,METER_DATA,GEN_DUID,1,"2015/12/17 13:05:00",INVICTA,0,"2015/12/17 13:00:04"
D,METER_DATA,GEN_DUID,1,"2015/12/17 13:05:00",LKBONNY1,-0.627956,"2015/12/17 13:00:04"
D,METER_DATA,GEN_DUID,1,"2015/12/17 13:05:00",MBAHNTH,1.893751,"2015/12/17 13:00:04"
D,METER_DATA,GEN_DUID,1,"2015/12/17 13:05:00",MLWF1,2.34,"2015/12/17 13:00:04"
D,METER_DATA,GEN_DUID,1,"2015/12/17 13:05:00",MTMILLAR,14.465909,"2015/12/17 13:00:04"
D,METER_DATA,GEN_DUID,1,"2015/12/17 13:05:00",PALOONA,10.86,"2015/12/17 13:00:04"
D,METER_DATA,GEN_DUID,1,"2015/12/17 13:05:00",PIONEER,0,"2015/12/17 13:00:04"
D,METER_DATA,GEN_DUID,1,"2015/12/17 13:05:00",PORTWF,10.60,"2015/12/17 13:00:04"
D,METER_DATA,GEN_DUID,1,"2015/12/17 13:05:00",REPULSE,14.920065,"2015/12/17 13:00:04"
D,METER_DATA,GEN_DUID,1,"2015/12/17 13:05:00",ROWALLAN,0,"2015/12/17 13:00:04"
D,METER_DATA,GEN_DUID,1,"2015/12/17 13:05:00",RPCG,9.10,"2015/12/17 13:00:04"
D,METER_DATA,GEN_DUID,1,"2015/12/17 13:05:00",RUBICON,0,"2015/12/17 13:00:04"
D,METER_DATA,GEN_DUID,1,"2015/12/17 13:05:00",STARHLWF,-0.099971,"2015/12/17 13:00:04"
D,METER_DATA,GEN_DUID,1,"2015/12/17 13:05:00",WAUBRAWF,0,"2015/12/17 13:00:04"
D,METER_DATA,GEN_DUID,1,"2015/12/17 13:05:00",WOOLNTH1,122.600021,"2015/12/17 13:00:04"
D,METER_DATA,GEN_DUID,1,"2015/12/17 13:05:00",WPWF,0,"2015/12/17 13:00:04"
D,METER_DATA,GEN_DUID,1,"2015/12/17 13:05:00",YAMBUKWF,-0.30,"2015/12/17 13:00:04"
D,METER_DATA,GEN_DUID,1,"2015/12/17 13:10:00",ANGAS1,26.524088,"2015/12/17 13:05:05"
D,METER_DATA,GEN_DUID,1,"2015/12/17 13:10:00",ANGAS2,9.271981,"2015/12/17 13:05:05"
D,METER_DATA,GEN_DUID,1,"2015/12/17 13:10:00",BUTLERSG,-0.000002,"2015/12/17 13:05:05"
D,METER_DATA,GEN_DUID,1,"2015/12/17 13:10:00",CALL_A_4,0,"2015/12/17 13:05:05"
D,METER_DATA,GEN_DUID,1,"2015/12/17 13:10:00",CAPTL_WF,0,"2015/12/17 13:05:05"
D,METER_DATA,GEN_DUID,1,"2015/12/17 13:10:00",CATHROCK,0,"2015/12/17 13:05:05"
D,METER_DATA,GEN_DUID,1,"2015/12/17 13:10:00",CHALLHWF,2.30,"2015/12/17 13:05:05"
D,METER_DATA,GEN_DUID,1,"2015/12/17 13:10:00",CLOVER,11.92,"2015/12/17 13:05:05"
D,METER_DATA,GEN_DUID,1,"2015/12/17 13:10:00",CLUNY,11.789250,"2015/12/17 13:05:05"
D,METER_DATA,GEN_DUID,1,"2015/12/17 13:10:00",CNUNDAWF,0,"2015/12/17 13:05:05"
D,METER_DATA,GEN_DUID,1,"2015/12/17 13:10:00",CULLRGWF,0,"2015/12/17 13:05:05"
D,METER_DATA,GEN_DUID,1,"2015/12/17 13:10:00",ERGT01,0,"2015/12/17 13:05:05"
D,METER_DATA,GEN_DUID,1,"2015/12/17 13:10:00",GB01,0.218468,"2015/12/17 13:05:05"
D,METER_DATA,GEN_DUID,1,"2015/12/17 13:10:00",GERMCRK,34.099998,"2015/12/17 13:05:05"
D,METER_DATA,GEN_DUID,1,"2015/12/17 13:10:00",INVICTA,0,"2015/12/17 13:05:05"
D,METER_DATA,GEN_DUID,1,"2015/12/17 13:10:00",LKBONNY1,-0.627956,"2015/12/17 13:05:05"
D,METER_DATA,GEN_DUID,1,"2015/12/17 13:10:00",MBAHNTH,1.893751,"2015/12/17 13:05:05"
D,METER_DATA,GEN_DUID,1,"2015/12/17 13:10:00",MLWF1,2.34,"2015/12/17 13:05:05"
D,METER_DATA,GEN_DUID,1,"2015/12/17 13:10:00",MTMILLAR,11.139644,"2015/12/17 13:05:05"
D,METER_DATA,GEN_DUID,1,"2015/12/17 13:10:00",PALOONA,11,"2015/12/17 13:05:05"
D,METER_DATA,GEN_DUID,1,"2015/12/17 13:10:00",PIONEER,0,"2015/12/17 13:05:05"
D,METER_DATA,GEN_DUID,1,"2015/12/17 13:10:00",PORTWF,10,"2015/12/17 13:05:05"
D,METER_DATA,GEN_DUID,1,"2015/12/17 13:10:00",REPULSE,16.444464,"2015/12/17 13:05:05"
D,METER_DATA,GEN_DUID,1,"2015/12/17 13:10:00",ROWALLAN,0,"2015/12/17 13:05:05"
D,METER_DATA,GEN_DUID,1,"2015/12/17 13:10:00",RPCG,7.90,"2015/12/17 13:05:05"
D,METER_DATA,GEN_DUID,1,"2015/12/17 13:10:00",RUBICON,0,"2015/12/17 13:05:05"
D,METER_DATA,GEN_DUID,1,"2015/12/17 13:10:00",STARHLWF,0.199942,"2015/12/17 13:05:05"
D,METER_DATA,GEN_DUID,1,"2015/12/17 13:10:00",WAUBRAWF,0.0530,"2015/12/17 13:05:05"
D,METER_DATA,GEN_DUID,1,"2015/12/17 13:10:00",WOOLNTH1,123.890015,"2015/12/17 13:05:05"
D,METER_DATA,GEN_DUID,1,"2015/12/17 13:10:00",WPWF,0,"2015/12/17 13:05:05"
D,METER_DATA,GEN_DUID,1,"2015/12/17 13:10:00",YAMBUKWF,-0.20,"2015/12/17 13:05:05"
D,METER_DATA,GEN_DUID,1,"2015/12/17 13:15:00",ANGAS1,28.101101,"2015/12/17 13:10:05"
D,METER_DATA,GEN_DUID,1,"2015/12/17 13:15:00",ANGAS2,9.271981,"2015/12/17 13:10:05"
D,METER_DATA,GEN_DUID,1,"2015/12/17 13:15:00",BUTLERSG,-0.000002,"2015/12/17 13:10:05"
D,METER_DATA,GEN_DUID,1,"2015/12/17 13:15:00",CALL_A_4,0,"2015/12/17 13:10:05"
D,METER_DATA,GEN_DUID,1,"2015/12/17 13:15:00",CAPTL_WF,0,"2015/12/17 13:10:05"
D,METER_DATA,GEN_DUID,1,"2015/12/17 13:15:00",CATHROCK,0,"2015/12/17 13:10:05"
D,METER_DATA,GEN_DUID,1,"2015/12/17 13:15:00",CHALLHWF,1.40,"2015/12/17 13:10:05"
D,METER_DATA,GEN_DUID,1,"2015/12/17 13:15:00",CLOVER,12.09,"2015/12/17 13:10:05"
D,METER_DATA,GEN_DUID,1,"2015/12/17 13:15:00",CLUNY,11.774961,"2015/12/17 13:10:05"
D,METER_DATA,GEN_DUID,1,"2015/12/17 13:15:00",CNUNDAWF,0,"2015/12/17 13:10:05"
D,METER_DATA,GEN_DUID,1,"2015/12/17 13:15:00",CULLRGWF,0,"2015/12/17 13:10:05"
D,METER_DATA,GEN_DUID,1,"2015/12/17 13:15:00",ERGT01,0,"2015/12/17 13:10:05"
D,METER_DATA,GEN_DUID,1,"2015/12/17 13:15:00",GB01,0.218468,"2015/12/17 13:10:05"
D,METER_DATA,GEN_DUID,1,"2015/12/17 13:15:00",GERMCRK,34.400002,"2015/12/17 13:10:05"
D,METER_DATA,GEN_DUID,1,"2015/12/17 13:15:00",INVICTA,0,"2015/12/17 13:10:05"
D,METER_DATA,GEN_DUID,1,"2015/12/17 13:15:00",LKBONNY1,-0.627956,"2015/12/17 13:10:05"
D,METER_DATA,GEN_DUID,1,"2015/12/17 13:15:00",MBAHNTH,1.893751,"2015/12/17 13:10:05"
D,METER_DATA,GEN_DUID,1,"2015/12/17 13:15:00",MLWF1,2.34,"2015/12/17 13:10:05"
D,METER_DATA,GEN_DUID,1,"2015/12/17 13:15:00",MTMILLAR,10.216921,"2015/12/17 13:10:05"
D,METER_DATA,GEN_DUID,1,"2015/12/17 13:15:00",PALOONA,10.94,"2015/12/17 13:10:05"
D,METER_DATA,GEN_DUID,1,"2015/12/17 13:15:00",PIONEER,0,"2015/12/17 13:10:05"
D,METER_DATA,GEN_DUID,1,"2015/12/17 13:15:00",PORTWF,10.60,"2015/12/17 13:10:05"
D,METER_DATA,GEN_DUID,1,"2015/12/17 13:15:00",REPULSE,15.910925,"2015/12/17 13:10:05"
D,METER_DATA,GEN_DUID,1,"2015/12/17 13:15:00",ROWALLAN,0,"2015/12/17 13:10:05"
D,METER_DATA,GEN_DUID,1,"2015/12/17 13:15:00",RPCG,9,"2015/12/17 13:10:05"
D,METER_DATA,GEN_DUID,1,"2015/12/17 13:15:00",RUBICON,0,"2015/12/17 13:10:05"
D,METER_DATA,GEN_DUID,1,"2015/12/17 13:15:00",STARHLWF,0.099971,"2015/12/17 13:10:05"
D,METER_DATA,GEN_DUID,1,"2015/12/17 13:15:00",WAUBRAWF,1.6350,"2015/12/17 13:10:05"
D,METER_DATA,GEN_DUID,1,"2015/12/17 13:15:00",WOOLNTH1,119.940018,"2015/12/17 13:10:05"
D,METER_DATA,GEN_DUID,1,"2015/12/17 13:15:00",WPWF,0,"2015/12/17 13:10:05"
D,METER_DATA,GEN_DUID,1,"2015/12/17 13:15:00",YAMBUKWF,-0.20,"2015/12/17 13:10:05"
D,METER_DATA,GEN_DUID,1,"2015/12/17 13:20:00",ANGAS1,28.083820,"2015/12/17 13:15:04"
D,METER_DATA,GEN_DUID,1,"2015/12/17 13:20:00",ANGAS2,9.271981,"2015/12/17 13:15:04"
D,METER_DATA,GEN_DUID,1,"2015/12/17 13:20:00",BUTLERSG,-0.000002,"2015/12/17 13:15:04"
D,METER_DATA,GEN_DUID,1,"2015/12/17 13:20:00",CALL_A_4,0,"2015/12/17 13:15:04"
D,METER_DATA,GEN_DUID,1,"2015/12/17 13:20:00",CAPTL_WF,0,"2015/12/17 13:15:04"
D,METER_DATA,GEN_DUID,1,"2015/12/17 13:20:00",CATHROCK,0,"2015/12/17 13:15:04"
D,METER_DATA,GEN_DUID,1,"2015/12/17 13:20:00",CHALLHWF,0.40,"2015/12/17 13:15:04"
D,METER_DATA,GEN_DUID,1,"2015/12/17 13:20:00",CLOVER,12.38,"2015/12/17 13:15:04"
D,METER_DATA,GEN_DUID,1,"2015/12/17 13:20:00",CLUNY,12.475170,"2015/12/17 13:15:04"
D,METER_DATA,GEN_DUID,1,"2015/12/17 13:20:00",CNUNDAWF,0,"2015/12/17 13:15:04"
D,METER_DATA,GEN_DUID,1,"2015/12/17 13:20:00",CULLRGWF,0,"2015/12/17 13:15:04"
D,METER_DATA,GEN_DUID,1,"2015/12/17 13:20:00",ERGT01,0,"2015/12/17 13:15:04"
D,METER_DATA,GEN_DUID,1,"2015/12/17 13:20:00",GB01,0.218468,"2015/12/17 13:15:04"
D,METER_DATA,GEN_DUID,1,"2015/12/17 13:20:00",GERMCRK,34.599998,"2015/12/17 13:15:04"
D,METER_DATA,GEN_DUID,1,"2015/12/17 13:20:00",INVICTA,0,"2015/12/17 13:15:04"
D,METER_DATA,GEN_DUID,1,"2015/12/17 13:20:00",LKBONNY1,-0.627956,"2015/12/17 13:15:04"
D,METER_DATA,GEN_DUID,1,"2015/12/17 13:20:00",MBAHNTH,1.893751,"2015/12/17 13:15:04"
D,METER_DATA,GEN_DUID,1,"2015/12/17 13:20:00",MTMILLAR,9.569527,"2015/12/17 13:15:04"
D,METER_DATA,GEN_DUID,1,"2015/12/17 13:20:00",PALOONA,10.94,"2015/12/17 13:15:04"
D,METER_DATA,GEN_DUID,1,"2015/12/17 13:20:00",PIONEER,0,"2015/12/17 13:15:04"
D,METER_DATA,GEN_DUID,1,"2015/12/17 13:20:00",PORTWF,10,"2015/12/17 13:15:04"
D,METER_DATA,GEN_DUID,1,"2015/12/17 13:20:00",REPULSE,16.196749,"2015/12/17 13:15:04"
D,METER_DATA,GEN_DUID,1,"2015/12/17 13:20:00",ROWALLAN,0,"2015/12/17 13:15:04"
D,METER_DATA,GEN_DUID,1,"2015/12/17 13:20:00",RPCG,9,"2015/12/17 13:15:04"
D,METER_DATA,GEN_DUID,1,"2015/12/17 13:20:00",RUBICON,0,"2015/12/17 13:15:04"
D,METER_DATA,GEN_DUID,1,"2015/12/17 13:20:00",STARHLWF,0.099971,"2015/12/17 13:15:04"
D,METER_DATA,GEN_DUID,1,"2015/12/17 13:20:00",WAUBRAWF,1.4030,"2015/12/17 13:15:04"
D,METER_DATA,GEN_DUID,1,"2015/12/17 13:20:00",WOOLNTH1,120.280014,"2015/12/17 13:15:04"
D,METER_DATA,GEN_DUID,1,"2015/12/17 13:20:00",WPWF,0,"2015/12/17 13:15:04"
D,METER_DATA,GEN_DUID,1,"2015/12/17 13:20:00",YAMBUKWF,-0.10,"2015/12/17 13:15:04"
D,METER_DATA,GEN_DUID,1,"2015/12/17 13:25:00",ANGAS1,27.535105,"2015/12/17 13:20:04"
D,METER_DATA,GEN_DUID,1,"2015/12/17 13:25:00",ANGAS2,9.086196,"2015/12/17 13:20:04"
D,METER_DATA,GEN_DUID,1,"2015/12/17 13:25:00",BUTLERSG,-0.000002,"2015/12/17 13:20:04"
D,METER_DATA,GEN_DUID,1,"2015/12/17 13:25:00",CALL_A_4,0,"2015/12/17 13:20:04"
D,METER_DATA,GEN_DUID,1,"2015/12/17 13:25:00",CAPTL_WF,0,"2015/12/17 13:20:04"
D,METER_DATA,GEN_DUID,1,"2015/12/17 13:25:00",CATHROCK,0,"2015/12/17 13:20:04"
D,METER_DATA,GEN_DUID,1,"2015/12/17 13:25:00",CHALLHWF,1.50,"2015/12/17 13:20:04"
D,METER_DATA,GEN_DUID,1,"2015/12/17 13:25:00",CLOVER,12.36,"2015/12/17 13:20:04"
D,METER_DATA,GEN_DUID,1,"2015/12/17 13:25:00",CLUNY,11.346260,"2015/12/17 13:20:04"
D,METER_DATA,GEN_DUID,1,"2015/12/17 13:25:00",CNUNDAWF,-0.200234,"2015/12/17 13:20:04"
D,METER_DATA,GEN_DUID,1,"2015/12/17 13:25:00",CULLRGWF,0,"2015/12/17 13:20:04"
D,METER_DATA,GEN_DUID,1,"2015/12/17 13:25:00",ERGT01,0,"2015/12/17 13:20:04"
D,METER_DATA,GEN_DUID,1,"2015/12/17 13:25:00",GB01,0.218468,"2015/12/17 13:20:04"
D,METER_DATA,GEN_DUID,1,"2015/12/17 13:25:00",GERMCRK,34.299999,"2015/12/17 13:20:04"
D,METER_DATA,GEN_DUID,1,"2015/12/17 13:25:00",INVICTA,0,"2015/12/17 13:20:04"
D,METER_DATA,GEN_DUID,1,"2015/12/17 13:25:00",LKBONNY1,-0.181410,"2015/12/17 13:20:04"
D,METER_DATA,GEN_DUID,1,"2015/12/17 13:25:00",MBAHNTH,1.893751,"2015/12/17 13:20:04"
D,METER_DATA,GEN_DUID,1,"2015/12/17 13:25:00",MTMILLAR,11.414971,"2015/12/17 13:20:04"
D,METER_DATA,GEN_DUID,1,"2015/12/17 13:25:00",PALOONA,10.94,"2015/12/17 13:20:04"
D,METER_DATA,GEN_DUID,1,"2015/12/17 13:25:00",PIONEER,0,"2015/12/17 13:20:04"
D,METER_DATA,GEN_DUID,1,"2015/12/17 13:25:00",PORTWF,9.80,"2015/12/17 13:20:04"
D,METER_DATA,GEN_DUID,1,"2015/12/17 13:25:00",REPULSE,14.767625,"2015/12/17 13:20:04"
D,METER_DATA,GEN_DUID,1,"2015/12/17 13:25:00",ROWALLAN,0,"2015/12/17 13:20:04"
D,METER_DATA,GEN_DUID,1,"2015/12/17 13:25:00",RPCG,9,"2015/12/17 13:20:04"
D,METER_DATA,GEN_DUID,1,"2015/12/17 13:25:00",RUBICON,0,"2015/12/17 13:20:04"
D,METER_DATA,GEN_DUID,1,"2015/12/17 13:25:00",STARHLWF,-0.099971,"2015/12/17 13:20:04"
D,METER_DATA,GEN_DUID,1,"2015/12/17 13:25:00",WAUBRAWF,0,"2015/12/17 13:20:04"
D,METER_DATA,GEN_DUID,1,"2015/12/17 13:25:00",WOOLNTH1,123.000015,"2015/12/17 13:20:04"
D,METER_DATA,GEN_DUID,1,"2015/12/17 13:25:00",WPWF,0,"2015/12/17 13:20:04"
D,METER_DATA,GEN_DUID,1,"2015/12/17 13:25:00",YAMBUKWF,0,"2015/12/17 13:20:04"
D,METER_DATA,GEN_DUID,1,"2015/12/17 13:30:00",ANGAS1,28.019011,"2015/12/17 13:25:05"
D,METER_DATA,GEN_DUID,1,"2015/12/17 13:30:00",ANGAS2,9.284943,"2015/12/17 13:25:05"
D,METER_DATA,GEN_DUID,1,"2015/12/17 13:30:00",BUTLERSG,-0.000002,"2015/12/17 13:25:05"
D,METER_DATA,GEN_DUID,1,"2015/12/17 13:30:00",CALL_A_4,0,"2015/12/17 13:25:05"
D,METER_DATA,GEN_DUID,1,"2015/12/17 13:30:00",CAPTL_WF,0,"2015/12/17 13:25:05"
D,METER_DATA,GEN_DUID,1,"2015/12/17 13:30:00",CATHROCK,0,"2015/12/17 13:25:05"
D,METER_DATA,GEN_DUID,1,"2015/12/17 13:30:00",CHALLHWF,0.70,"2015/12/17 13:25:05"
D,METER_DATA,GEN_DUID,1,"2015/12/17 13:30:00",CLOVER,12.05,"2015/12/17 13:25:05"
D,METER_DATA,GEN_DUID,1,"2015/12/17 13:30:00",CLUNY,9.631460,"2015/12/17 13:25:05"
D,METER_DATA,GEN_DUID,1,"2015/12/17 13:30:00",CNUNDAWF,0.400467,"2015/12/17 13:25:05"
D,METER_DATA,GEN_DUID,1,"2015/12/17 13:30:00",CULLRGWF,0,"2015/12/17 13:25:05"
D,METER_DATA,GEN_DUID,1,"2015/12/17 13:30:00",ERGT01,0,"2015/12/17 13:25:05"
D,METER_DATA,GEN_DUID,1,"2015/12/17 13:30:00",GB01,0.218468,"2015/12/17 13:25:05"
D,METER_DATA,GEN_DUID,1,"2015/12/17 13:30:00",GERMCRK,34.400002,"2015/12/17 13:25:05"
D,METER_DATA,GEN_DUID,1,"2015/12/17 13:30:00",INVICTA,0,"2015/12/17 13:25:05"
D,METER_DATA,GEN_DUID,1,"2015/12/17 13:30:00",LKBONNY1,0.625166,"2015/12/17 13:25:05"
D,METER_DATA,GEN_DUID,1,"2015/12/17 13:30:00",MBAHNTH,1.893751,"2015/12/17 13:25:05"
D,METER_DATA,GEN_DUID,1,"2015/12/17 13:30:00",MLWF1,3.3750,"2015/12/17 13:25:05"
D,METER_DATA,GEN_DUID,1,"2015/12/17 13:30:00",MTMILLAR,11.035465,"2015/12/17 13:25:05"
D,METER_DATA,GEN_DUID,1,"2015/12/17 13:30:00",PALOONA,10.94,"2015/12/17 13:25:05"
D,METER_DATA,GEN_DUID,1,"2015/12/17 13:30:00",PIONEER,0,"2015/12/17 13:25:05"
D,METER_DATA,GEN_DUID,1,"2015/12/17 13:30:00",PORTWF,10,"2015/12/17 13:25:05"
D,METER_DATA,GEN_DUID,1,"2015/12/17 13:30:00",REPULSE,12.938345,"2015/12/17 13:25:05"
D,METER_DATA,GEN_DUID,1,"2015/12/17 13:30:00",ROWALLAN,0,"2015/12/17 13:25:05"
D,METER_DATA,GEN_DUID,1,"2015/12/17 13:30:00",RPCG,9,"2015/12/17 13:25:05"
D,METER_DATA,GEN_DUID,1,"2015/12/17 13:30:00",RUBICON,0,"2015/12/17 13:25:05"
D,METER_DATA,GEN_DUID,1,"2015/12/17 13:30:00",STARHLWF,0.299913,"2015/12/17 13:25:05"
D,METER_DATA,GEN_DUID,1,"2015/12/17 13:30:00",WAUBRAWF,0.7240,"2015/12/17 13:25:05"
D,METER_DATA,GEN_DUID,1,"2015/12/17 13:30:00",WOOLNTH1,124.370018,"2015/12/17 13:25:05"
D,METER_DATA,GEN_DUID,1,"2015/12/17 13:30:00",WPWF,0,"2015/12/17 13:25:05"
D,METER_DATA,GEN_DUID,1,"2015/12/17 13:30:00",YAMBUKWF,0.30,"2015/12/17 13:25:05"
D,METER_DATA,GEN_DUID,1,"2015/12/17 13:35:00",ANGAS1,27.582632,"2015/12/17 13:30:05"
D,METER_DATA,GEN_DUID,1,"2015/12/17 13:35:00",ANGAS2,9.233096,"2015/12/17 13:30:05"
D,METER_DATA,GEN_DUID,1,"2015/12/17 13:35:00",BUTLERSG,-0.000002,"2015/12/17 13:30:05"
D,METER_DATA,GEN_DUID,1,"2015/12/17 13:35:00",CALL_A_4,0,"2015/12/17 13:30:05"
D,METER_DATA,GEN_DUID,1,"2015/12/17 13:35:00",CAPTL_WF,0,"2015/12/17 13:30:05"
D,METER_DATA,GEN_DUID,1,"2015/12/17 13:35:00",CATHROCK,0,"2015/12/17 13:30:05"
D,METER_DATA,GEN_DUID,1,"2015/12/17 13:35:00",CHALLHWF,2,"2015/12/17 13:30:05"
D,METER_DATA,GEN_DUID,1,"2015/12/17 13:35:00",CLOVER,12.25,"2015/12/17 13:30:05"
D,METER_DATA,GEN_DUID,1,"2015/12/17 13:35:00",CLUNY,10.603180,"2015/12/17 13:30:05"
D,METER_DATA,GEN_DUID,1,"2015/12/17 13:35:00",CNUNDAWF,0.800934,"2015/12/17 13:30:05"
D,METER_DATA,GEN_DUID,1,"2015/12/17 13:35:00",CULLRGWF,0,"2015/12/17 13:30:05"
D,METER_DATA,GEN_DUID,1,"2015/12/17 13:35:00",ERGT01,0,"2015/12/17 13:30:05"
D,METER_DATA,GEN_DUID,1,"2015/12/17 13:35:00",GB01,0.218468,"2015/12/17 13:30:05"
D,METER_DATA,GEN_DUID,1,"2015/12/17 13:35:00",GERMCRK,33.700001,"2015/12/17 13:30:05"
D,METER_DATA,GEN_DUID,1,"2015/12/17 13:35:00",INVICTA,0,"2015/12/17 13:30:05"
D,METER_DATA,GEN_DUID,1,"2015/12/17 13:35:00",LKBONNY1,1.964806,"2015/12/17 13:30:05"
D,METER_DATA,GEN_DUID,1,"2015/12/17 13:35:00",MBAHNTH,1.893751,"2015/12/17 13:30:05"
D,METER_DATA,GEN_DUID,1,"2015/12/17 13:35:00",MLWF1,1.8150,"2015/12/17 13:30:05"
D,METER_DATA,GEN_DUID,1,"2015/12/17 13:35:00",MTMILLAR,7.113894,"2015/12/17 13:30:05"
D,METER_DATA,GEN_DUID,1,"2015/12/17 13:35:00",PALOONA,10.94,"2015/12/17 13:30:05"
D,METER_DATA,GEN_DUID,1,"2015/12/17 13:35:00",PIONEER,0,"2015/12/17 13:30:05"
D,METER_DATA,GEN_DUID,1,"2015/12/17 13:35:00",PORTWF,9.30,"2015/12/17 13:30:05"
D,METER_DATA,GEN_DUID,1,"2015/12/17 13:35:00",REPULSE,13.471885,"2015/12/17 13:30:05"
D,METER_DATA,GEN_DUID,1,"2015/12/17 13:35:00",ROWALLAN,0,"2015/12/17 13:30:05"
D,METER_DATA,GEN_DUID,1,"2015/12/17 13:35:00",RPCG,9,"2015/12/17 13:30:05"
D,METER_DATA,GEN_DUID,1,"2015/12/17 13:35:00",RUBICON,0,"2015/12/17 13:30:05"
D,METER_DATA,GEN_DUID,1,"2015/12/17 13:35:00",STARHLWF,0.299913,"2015/12/17 13:30:05"
D,METER_DATA,GEN_DUID,1,"2015/12/17 13:35:00",WAUBRAWF,1.2870,"2015/12/17 13:30:05"
D,METER_DATA,GEN_DUID,1,"2015/12/17 13:35:00",WOOLNTH1,123.700020,"2015/12/17 13:30:05"
D,METER_DATA,GEN_DUID,1,"2015/12/17 13:35:00",WPWF,0,"2015/12/17 13:30:05"
D,METER_DATA,GEN_DUID,1,"2015/12/17 13:35:00",YAMBUKWF,0.10,"2015/12/17 13:30:05"
D,METER_DATA,GEN_DUID,1,"2015/12/17 13:40:00",ANGAS1,27.388205,"2015/12/17 13:35:05"
D,METER_DATA,GEN_DUID,1,"2015/12/17 13:40:00",ANGAS2,8.986822,"2015/12/17 13:35:05"
D,METER_DATA,GEN_DUID,1,"2015/12/17 13:40:00",BUTLERSG,-0.000002,"2015/12/17 13:35:05"
D,METER_DATA,GEN_DUID,1,"2015/12/17 13:40:00",CALL_A_4,0,"2015/12/17 13:35:05"
D,METER_DATA,GEN_DUID,1,"2015/12/17 13:40:00",CAPTL_WF,0,"2015/12/17 13:35:05"
D,METER_DATA,GEN_DUID,1,"2015/12/17 13:40:00",CATHROCK,0,"2015/12/17 13:35:05"
D,METER_DATA,GEN_DUID,1,"2015/12/17 13:40:00",CHALLHWF,2.10,"2015/12/17 13:35:05"
D,METER_DATA,GEN_DUID,1,"2015/12/17 13:40:00",CLOVER,12.16,"2015/12/17 13:35:05"
D,METER_DATA,GEN_DUID,1,"2015/12/17 13:40:00",CLUNY,9.531430,"2015/12/17 13:35:05"
D,METER_DATA,GEN_DUID,1,"2015/12/17 13:40:00",CNUNDAWF,0.400467,"2015/12/17 13:35:05"
D,METER_DATA,GEN_DUID,1,"2015/12/17 13:40:00",CULLRGWF,0,"2015/12/17 13:35:05"
D,METER_DATA,GEN_DUID,1,"2015/12/17 13:40:00",ERGT01,0,"2015/12/17 13:35:05"
D,METER_DATA,GEN_DUID,1,"2015/12/17 13:40:00",GB01,0.218468,"2015/12/17 13:35:05"
D,METER_DATA,GEN_DUID,1,"2015/12/17 13:40:00",GERMCRK,33.799999,"2015/12/17 13:35:05"
D,METER_DATA,GEN_DUID,1,"2015/12/17 13:40:00",INVICTA,0,"2015/12/17 13:35:05"
D,METER_DATA,GEN_DUID,1,"2015/12/17 13:40:00",LKBONNY1,1.875497,"2015/12/17 13:35:05"
D,METER_DATA,GEN_DUID,1,"2015/12/17 13:40:00",MBAHNTH,1.893751,"2015/12/17 13:35:05"
D,METER_DATA,GEN_DUID,1,"2015/12/17 13:40:00",MLWF1,1.9050,"2015/12/17 13:35:05"
D,METER_DATA,GEN_DUID,1,"2015/12/17 13:40:00",MTMILLAR,9.867179,"2015/12/17 13:35:05"
D,METER_DATA,GEN_DUID,1,"2015/12/17 13:40:00",PALOONA,10.94,"2015/12/17 13:35:05"
D,METER_DATA,GEN_DUID,1,"2015/12/17 13:40:00",PIONEER,0,"2015/12/17 13:35:05"
D,METER_DATA,GEN_DUID,1,"2015/12/17 13:40:00",PORTWF,8.40,"2015/12/17 13:35:05"
D,METER_DATA,GEN_DUID,1,"2015/12/17 13:40:00",REPULSE,12.938345,"2015/12/17 13:35:05"
D,METER_DATA,GEN_DUID,1,"2015/12/17 13:40:00",ROWALLAN,0,"2015/12/17 13:35:05"
D,METER_DATA,GEN_DUID,1,"2015/12/17 13:40:00",RPCG,9,"2015/12/17 13:35:05"
D,METER_DATA,GEN_DUID,1,"2015/12/17 13:40:00",RUBICON,0,"2015/12/17 13:35:05"
D,METER_DATA,GEN_DUID,1,"2015/12/17 13:40:00",STARHLWF,0.299913,"2015/12/17 13:35:05"
D,METER_DATA,GEN_DUID,1,"2015/12/17 13:40:00",WAUBRAWF,0.2150,"2015/12/17 13:35:05"
D,METER_DATA,GEN_DUID,1,"2015/12/17 13:40:00",WOOLNTH1,119.850021,"2015/12/17 13:35:05"
D,METER_DATA,GEN_DUID,1,"2015/12/17 13:40:00",WPWF,0,"2015/12/17 13:35:05"
D,METER_DATA,GEN_DUID,1,"2015/12/17 13:40:00",YAMBUKWF,0.30,"2015/12/17 13:35:05"
D,METER_DATA,GEN_DUID,1,"2015/12/17 13:45:00",ANGAS1,-0.198747,"2015/12/17 13:40:04"
D,METER_DATA,GEN_DUID,1,"2015/12/17 13:45:00",ANGAS2,-0.116656,"2015/12/17 13:40:04"
D,METER_DATA,GEN_DUID,1,"2015/12/17 13:45:00",BUTLERSG,-0.000002,"2015/12/17 13:40:04"
D,METER_DATA,GEN_DUID,1,"2015/12/17 13:45:00",CALL_A_4,0,"2015/12/17 13:40:04"
D,METER_DATA,GEN_DUID,1,"2015/12/17 13:45:00",CAPTL_WF,0,"2015/12/17 13:40:04"
D,METER_DATA,GEN_DUID,1,"2015/12/17 13:45:00",CATHROCK,0,"2015/12/17 13:40:04"
D,METER_DATA,GEN_DUID,1,"2015/12/17 13:45:00",CHALLHWF,2,"2015/12/17 13:40:04"
D,METER_DATA,GEN_DUID,1,"2015/12/17 13:45:00",CLOVER,12.19,"2015/12/17 13:40:04"
D,METER_DATA,GEN_DUID,1,"2015/12/17 13:45:00",CLUNY,9.788651,"2015/12/17 13:40:04"
D,METER_DATA,GEN_DUID,1,"2015/12/17 13:45:00",CNUNDAWF,1.001168,"2015/12/17 13:40:04"
D,METER_DATA,GEN_DUID,1,"2015/12/17 13:45:00",CULLRGWF,0,"2015/12/17 13:40:04"
D,METER_DATA,GEN_DUID,1,"2015/12/17 13:45:00",ERGT01,0,"2015/12/17 13:40:04"
D,METER_DATA,GEN_DUID,1,"2015/12/17 13:45:00",GB01,0.218468,"2015/12/17 13:40:04"
D,METER_DATA,GEN_DUID,1,"2015/12/17 13:45:00",GERMCRK,31.799999,"2015/12/17 13:40:04"
D,METER_DATA,GEN_DUID,1,"2015/12/17 13:45:00",INVICTA,0,"2015/12/17 13:40:04"
D,METER_DATA,GEN_DUID,1,"2015/12/17 13:45:00",LKBONNY1,2.232734,"2015/12/17 13:40:04"
D,METER_DATA,GEN_DUID,1,"2015/12/17 13:45:00",MBAHNTH,1.893751,"2015/12/17 13:40:04"
D,METER_DATA,GEN_DUID,1,"2015/12/17 13:45:00",MLWF1,0.7950,"2015/12/17 13:40:04"
D,METER_DATA,GEN_DUID,1,"2015/12/17 13:45:00",MTMILLAR,18.082386,"2015/12/17 13:40:04"
D,METER_DATA,GEN_DUID,1,"2015/12/17 13:45:00",PALOONA,10.889999,"2015/12/17 13:40:04"
D,METER_DATA,GEN_DUID,1,"2015/12/17 13:45:00",PIONEER,0,"2015/12/17 13:40:04"
D,METER_DATA,GEN_DUID,1,"2015/12/17 13:45:00",PORTWF,7.90,"2015/12/17 13:40:04"
D,METER_DATA,GEN_DUID,1,"2015/12/17 13:45:00",REPULSE,12.938345,"2015/12/17 13:40:04"
D,METER_DATA,GEN_DUID,1,"2015/12/17 13:45:00",ROWALLAN,0,"2015/12/17 13:40:04"
D,METER_DATA,GEN_DUID,1,"2015/12/17 13:45:00",RPCG,9,"2015/12/17 13:40:04"
D,METER_DATA,GEN_DUID,1,"2015/12/17 13:45:00",RUBICON,0,"2015/12/17 13:40:04"
D,METER_DATA,GEN_DUID,1,"2015/12/17 13:45:00",STARHLWF,0.699796,"2015/12/17 13:40:04"
D,METER_DATA,GEN_DUID,1,"2015/12/17 13:45:00",WAUBRAWF,0.2860,"2015/12/17 13:40:04"
D,METER_DATA,GEN_DUID,1,"2015/12/17 13:45:00",WOOLNTH1,126.080017,"2015/12/17 13:40:04"
D,METER_DATA,GEN_DUID,1,"2015/12/17 13:45:00",WPWF,0,"2015/12/17 13:40:04"
D,METER_DATA,GEN_DUID,1,"2015/12/17 13:45:00",YAMBUKWF,0.20,"2015/12/17 13:40:04"
D,METER_DATA,GEN_DUID,1,"2015/12/17 13:50:00",ANGAS1,-0.198747,"2015/12/17 13:45:04"
D,METER_DATA,GEN_DUID,1,"2015/12/17 13:50:00",ANGAS2,-0.116656,"2015/12/17 13:45:04"
D,METER_DATA,GEN_DUID,1,"2015/12/17 13:50:00",BUTLERSG,-0.000002,"2015/12/17 13:45:04"
D,METER_DATA,GEN_DUID,1,"2015/12/17 13:50:00",CALL_A_4,0,"2015/12/17 13:45:04"
D,METER_DATA,GEN_DUID,1,"2015/12/17 13:50:00",CAPTL_WF,0,"2015/12/17 13:45:04"
D,METER_DATA,GEN_DUID,1,"2015/12/17 13:50:00",CATHROCK,0,"2015/12/17 13:45:04"
D,METER_DATA,GEN_DUID,1,"2015/12/17 13:50:00",CHALLHWF,1.70,"2015/12/17 13:45:04"
D,METER_DATA,GEN_DUID,1,"2015/12/17 13:50:00",CLOVER,12.16,"2015/12/17 13:45:04"
D,METER_DATA,GEN_DUID,1,"2015/12/17 13:50:00",CLUNY,9.945840,"2015/12/17 13:45:04"
D,METER_DATA,GEN_DUID,1,"2015/12/17 13:50:00",CNUNDAWF,2.502920,"2015/12/17 13:45:04"
D,METER_DATA,GEN_DUID,1,"2015/12/17 13:50:00",CULLRGWF,0,"2015/12/17 13:45:04"
D,METER_DATA,GEN_DUID,1,"2015/12/17 13:50:00",ERGT01,0,"2015/12/17 13:45:04"
D,METER_DATA,GEN_DUID,1,"2015/12/17 13:50:00",GB01,0.218468,"2015/12/17 13:45:04"
D,METER_DATA,GEN_DUID,1,"2015/12/17 13:50:00",GERMCRK,33.700001,"2015/12/17 13:45:04"
D,METER_DATA,GEN_DUID,1,"2015/12/17 13:50:00",INVICTA,0,"2015/12/17 13:45:04"
D,METER_DATA,GEN_DUID,1,"2015/12/17 13:50:00",LKBONNY1,2.679281,"2015/12/17 13:45:04"
D,METER_DATA,GEN_DUID,1,"2015/12/17 13:50:00",MBAHNTH,1.893751,"2015/12/17 13:45:04"
D,METER_DATA,GEN_DUID,1,"2015/12/17 13:50:00",MLWF1,0.75,"2015/12/17 13:45:04"
D,METER_DATA,GEN_DUID,1,"2015/12/17 13:50:00",MTMILLAR,26.2083,"2015/12/17 13:45:04"
D,METER_DATA,GEN_DUID,1,"2015/12/17 13:50:00",PALOONA,10.889999,"2015/12/17 13:45:04"
D,METER_DATA,GEN_DUID,1,"2015/12/17 13:50:00",PIONEER,0,"2015/12/17 13:45:04"
D,METER_DATA,GEN_DUID,1,"2015/12/17 13:50:00",PORTWF,7.30,"2015/12/17 13:45:04"
D,METER_DATA,GEN_DUID,1,"2015/12/17 13:50:00",REPULSE,12.900235,"2015/12/17 13:45:04"
D,METER_DATA,GEN_DUID,1,"2015/12/17 13:50:00",ROWALLAN,0,"2015/12/17 13:45:04"
D,METER_DATA,GEN_DUID,1,"2015/12/17 13:50:00",RPCG,9,"2015/12/17 13:45:04"
D,METER_DATA,GEN_DUID,1,"2015/12/17 13:50:00",RUBICON,0,"2015/12/17 13:45:04"
D,METER_DATA,GEN_DUID,1,"2015/12/17 13:50:00",STARHLWF,0.699796,"2015/12/17 13:45:04"
D,METER_DATA,GEN_DUID,1,"2015/12/17 13:50:00",WAUBRAWF,0.88,"2015/12/17 13:45:04"
D,METER_DATA,GEN_DUID,1,"2015/12/17 13:50:00",WOOLNTH1,126.570015,"2015/12/17 13:45:04"
D,METER_DATA,GEN_DUID,1,"2015/12/17 13:50:00",WPWF,2,"2015/12/17 13:45:04"
D,METER_DATA,GEN_DUID,1,"2015/12/17 13:50:00",YAMBUKWF,0.40,"2015/12/17 13:45:04"
D,METER_DATA,GEN_DUID,1,"2015/12/17 13:55:00",ANGAS1,-0.198747,"2015/12/17 13:50:04"
D,METER_DATA,GEN_DUID,1,"2015/12/17 13:55:00",ANGAS2,-0.116656,"2015/12/17 13:50:04"
D,METER_DATA,GEN_DUID,1,"2015/12/17 13:55:00",BUTLERSG,-0.000002,"2015/12/17 13:50:04"
D,METER_DATA,GEN_DUID,1,"2015/12/17 13:55:00",CALL_A_4,0,"2015/12/17 13:50:04"
D,METER_DATA,GEN_DUID,1,"2015/12/17 13:55:00",CAPTL_WF,0,"2015/12/17 13:50:04"
D,METER_DATA,GEN_DUID,1,"2015/12/17 13:55:00",CATHROCK,0,"2015/12/17 13:50:04"
D,METER_DATA,GEN_DUID,1,"2015/12/17 13:55:00",CHALLHWF,0,"2015/12/17 13:50:04"
D,METER_DATA,GEN_DUID,1,"2015/12/17 13:55:00",CLOVER,12.04,"2015/12/17 13:50:04"
D,METER_DATA,GEN_DUID,1,"2015/12/17 13:55:00",CLUNY,9.831520,"2015/12/17 13:50:04"
D,METER_DATA,GEN_DUID,1,"2015/12/17 13:55:00",CNUNDAWF,2.903387,"2015/12/17 13:50:04"
D,METER_DATA,GEN_DUID,1,"2015/12/17 13:55:00",CULLRGWF,0,"2015/12/17 13:50:04"
D,METER_DATA,GEN_DUID,1,"2015/12/17 13:55:00",ERGT01,0,"2015/12/17 13:50:04"
D,METER_DATA,GEN_DUID,1,"2015/12/17 13:55:00",GB01,0.220818,"2015/12/17 13:50:04"
D,METER_DATA,GEN_DUID,1,"2015/12/17 13:55:00",GERMCRK,35,"2015/12/17 13:50:04"
D,METER_DATA,GEN_DUID,1,"2015/12/17 13:55:00",INVICTA,0,"2015/12/17 13:50:04"
D,METER_DATA,GEN_DUID,1,"2015/12/17 13:55:00",LKBONNY1,3.661684,"2015/12/17 13:50:04"
D,METER_DATA,GEN_DUID,1,"2015/12/17 13:55:00",MBAHNTH,1.893751,"2015/12/17 13:50:04"
D,METER_DATA,GEN_DUID,1,"2015/12/17 13:55:00",MLWF1,0.2850,"2015/12/17 13:50:04"
D,METER_DATA,GEN_DUID,1,"2015/12/17 13:55:00",MTMILLAR,17.836824,"2015/12/17 13:50:04"
D,METER_DATA,GEN_DUID,1,"2015/12/17 13:55:00",PALOONA,10.969999,"2015/12/17 13:50:04"
D,METER_DATA,GEN_DUID,1,"2015/12/17 13:55:00",PIONEER,0,"2015/12/17 13:50:04"
D,METER_DATA,GEN_DUID,1,"2015/12/17 13:55:00",PORTWF,6.40,"2015/12/17 13:50:04"
D,METER_DATA,GEN_DUID,1,"2015/12/17 13:55:00",REPULSE,12.824015,"2015/12/17 13:50:04"
D,METER_DATA,GEN_DUID,1,"2015/12/17 13:55:00",ROWALLAN,0,"2015/12/17 13:50:04"
D,METER_DATA,GEN_DUID,1,"2015/12/17 13:55:00",RPCG,9,"2015/12/17 13:50:04"
D,METER_DATA,GEN_DUID,1,"2015/12/17 13:55:00",RUBICON,0,"2015/12/17 13:50:04"
D,METER_DATA,GEN_DUID,1,"2015/12/17 13:55:00",STARHLWF,0.799767,"2015/12/17 13:50:04"
D,METER_DATA,GEN_DUID,1,"2015/12/17 13:55:00",WAUBRAWF,4.7830,"2015/12/17 13:50:04"
D,METER_DATA,GEN_DUID,1,"2015/12/17 13:55:00",WOOLNTH1,125.730011,"2015/12/17 13:50:04"
D,METER_DATA,GEN_DUID,1,"2015/12/17 13:55:00",WPWF,3,"2015/12/17 13:50:04"
D,METER_DATA,GEN_DUID,1,"2015/12/17 13:55:00",YAMBUKWF,0.40,"2015/12/17 13:50:04"
D,METER_DATA,GEN_DUID,1,"2015/12/17 14:00:00",ANGAS1,-0.198747,"2015/12/17 13:55:04"
D,METER_DATA,GEN_DUID,1,"2015/12/17 14:00:00",ANGAS2,-0.116656,"2015/12/17 13:55:04"
D,METER_DATA,GEN_DUID,1,"2015/12/17 14:00:00",BUTLERSG,-0.000002,"2015/12/17 13:55:04"
D,METER_DATA,GEN_DUID,1,"2015/12/17 14:00:00",CALL_A_4,0,"2015/12/17 13:55:04"
D,METER_DATA,GEN_DUID,1,"2015/12/17 14:00:00",CAPTL_WF,0,"2015/12/17 13:55:04"
D,METER_DATA,GEN_DUID,1,"2015/12/17 14:00:00",CATHROCK,0,"2015/12/17 13:55:04"
D,METER_DATA,GEN_DUID,1,"2015/12/17 14:00:00",CHALLHWF,1,"2015/12/17 13:55:04"
D,METER_DATA,GEN_DUID,1,"2015/12/17 14:00:00",CLOVER,12.13,"2015/12/17 13:55:04"
D,METER_DATA,GEN_DUID,1,"2015/12/17 14:00:00",CLUNY,9.931550,"2015/12/17 13:55:04"
D,METER_DATA,GEN_DUID,1,"2015/12/17 14:00:00",CNUNDAWF,3.303854,"2015/12/17 13:55:04"
D,METER_DATA,GEN_DUID,1,"2015/12/17 14:00:00",CULLRGWF,0.06,"2015/12/17 13:55:04"
D,METER_DATA,GEN_DUID,1,"2015/12/17 14:00:00",ERGT01,0,"2015/12/17 13:55:04"
D,METER_DATA,GEN_DUID,1,"2015/12/17 14:00:00",GB01,0.220818,"2015/12/17 13:55:04"
D,METER_DATA,GEN_DUID,1,"2015/12/17 14:00:00",GERMCRK,34.599998,"2015/12/17 13:55:04"
D,METER_DATA,GEN_DUID,1,"2015/12/17 14:00:00",INVICTA,0,"2015/12/17 13:55:04"
D,METER_DATA,GEN_DUID,1,"2015/12/17 14:00:00",LKBONNY1,4.108231,"2015/12/17 13:55:04"
D,METER_DATA,GEN_DUID,1,"2015/12/17 14:00:00",MBAHNTH,1.893751,"2015/12/17 13:55:04"
D,METER_DATA,GEN_DUID,1,"2015/12/17 14:00:00",MLWF1,0.30,"2015/12/17 13:55:04"
D,METER_DATA,GEN_DUID,1,"2015/12/17 14:00:00",MTMILLAR,13.595276,"2015/12/17 13:55:04"
D,METER_DATA,GEN_DUID,1,"2015/12/17 14:00:00",PALOONA,10.929999,"2015/12/17 13:55:04"
D,METER_DATA,GEN_DUID,1,"2015/12/17 14:00:00",PIONEER,0,"2015/12/17 13:55:04"
D,METER_DATA,GEN_DUID,1,"2015/12/17 14:00:00",PORTWF,5.80,"2015/12/17 13:55:04"
D,METER_DATA,GEN_DUID,1,"2015/12/17 14:00:00",REPULSE,12.900235,"2015/12/17 13:55:04"
D,METER_DATA,GEN_DUID,1,"2015/12/17 14:00:00",ROWALLAN,0,"2015/12/17 13:55:04"
D,METER_DATA,GEN_DUID,1,"2015/12/17 14:00:00",RPCG,9,"2015/12/17 13:55:04"
D,METER_DATA,GEN_DUID,1,"2015/12/17 14:00:00",RUBICON,0,"2015/12/17 13:55:04"
D,METER_DATA,GEN_DUID,1,"2015/12/17 14:00:00",STARHLWF,0.799767,"2015/12/17 13:55:04"
D,METER_DATA,GEN_DUID,1,"2015/12/17 14:00:00",WAUBRAWF,3.4470,"2015/12/17 13:55:04"
D,METER_DATA,GEN_DUID,1,"2015/12/17 14:00:00",WOOLNTH1,123.870018,"2015/12/17 13:55:04"
D,METER_DATA,GEN_DUID,1,"2015/12/17 14:00:00",WPWF,8,"2015/12/17 13:55:04"
D,METER_DATA,GEN_DUID,1,"2015/12/17 14:00:00",YAMBUKWF,0.50,"2015/12/17 13:55:04"
D,METER_DATA,GEN_DUID,1,"2015/12/17 14:05:00",ANGAS1,-0.216029,"2015/12/17 14:00:04"
D,METER_DATA,GEN_DUID,1,"2015/12/17 14:05:00",ANGAS2,-0.116656,"2015/12/17 14:00:04"
D,METER_DATA,GEN_DUID,1,"2015/12/17 14:05:00",BUTLERSG,-0.000002,"2015/12/17 14:00:04"
D,METER_DATA,GEN_DUID,1,"2015/12/17 14:05:00",CALL_A_4,0,"2015/12/17 14:00:04"
D,METER_DATA,GEN_DUID,1,"2015/12/17 14:05:00",CAPTL_WF,0,"2015/12/17 14:00:04"
D,METER_DATA,GEN_DUID,1,"2015/12/17 14:05:00",CATHROCK,0,"2015/12/17 14:00:04"
D,METER_DATA,GEN_DUID,1,"2015/12/17 14:05:00",CHALLHWF,1.50,"2015/12/17 14:00:04"
D,METER_DATA,GEN_DUID,1,"2015/12/17 14:05:00",CLOVER,11.97,"2015/12/17 14:00:04"
D,METER_DATA,GEN_DUID,1,"2015/12/17 14:05:00",CLUNY,9.702910,"2015/12/17 14:00:04"
D,METER_DATA,GEN_DUID,1,"2015/12/17 14:05:00",CNUNDAWF,2.903387,"2015/12/17 14:00:04"
D,METER_DATA,GEN_DUID,1,"2015/12/17 14:05:00",CULLRGWF,0,"2015/12/17 14:00:04"
D,METER_DATA,GEN_DUID,1,"2015/12/17 14:05:00",ERGT01,0,"2015/12/17 14:00:04"
D,METER_DATA,GEN_DUID,1,"2015/12/17 14:05:00",GB01,0.220818,"2015/12/17 14:00:04"
D,METER_DATA,GEN_DUID,1,"2015/12/17 14:05:00",GERMCRK,34.099998,"2015/12/17 14:00:04"
D,METER_DATA,GEN_DUID,1,"2015/12/17 14:05:00",INVICTA,0,"2015/12/17 14:00:04"
D,METER_DATA,GEN_DUID,1,"2015/12/17 14:05:00",LKBONNY1,4.822706,"2015/12/17 14:00:04"
D,METER_DATA,GEN_DUID,1,"2015/12/17 14:05:00",MBAHNTH,1.893751,"2015/12/17 14:00:04"
D,METER_DATA,GEN_DUID,1,"2015/12/17 14:05:00",MLWF1,0.1950,"2015/12/17 14:00:04"
D,METER_DATA,GEN_DUID,1,"2015/12/17 14:05:00",MTMILLAR,10.990817,"2015/12/17 14:00:04"
D,METER_DATA,GEN_DUID,1,"2015/12/17 14:05:00",PALOONA,10.929999,"2015/12/17 14:00:04"
D,METER_DATA,GEN_DUID,1,"2015/12/17 14:05:00",PIONEER,0,"2015/12/17 14:00:04"
D,METER_DATA,GEN_DUID,1,"2015/12/17 14:05:00",PORTWF,4.90,"2015/12/17 14:00:04"
D,METER_DATA,GEN_DUID,1,"2015/12/17 14:05:00",REPULSE,12.461969,"2015/12/17 14:00:04"
D,METER_DATA,GEN_DUID,1,"2015/12/17 14:05:00",ROWALLAN,0,"2015/12/17 14:00:04"
D,METER_DATA,GEN_DUID,1,"2015/12/17 14:05:00",RPCG,10.20,"2015/12/17 14:00:04"
D,METER_DATA,GEN_DUID,1,"2015/12/17 14:05:00",RUBICON,0,"2015/12/17 14:00:04"
D,METER_DATA,GEN_DUID,1,"2015/12/17 14:05:00",STARHLWF,0.399883,"2015/12/17 14:00:04"
D,METER_DATA,GEN_DUID,1,"2015/12/17 14:05:00",WAUBRAWF,1.4270,"2015/12/17 14:00:04"
D,METER_DATA,GEN_DUID,1,"2015/12/17 14:05:00",WOOLNTH1,120.400024,"2015/12/17 14:00:04"
D,METER_DATA,GEN_DUID,1,"2015/12/17 14:05:00",WPWF,16,"2015/12/17 14:00:04"
D,METER_DATA,GEN_DUID,1,"2015/12/17 14:05:00",YAMBUKWF,0.80,"2015/12/17 14:00:04"
D,METER_DATA,GEN_DUID,1,"2015/12/17 14:10:00",ANGAS1,28.139988,"2015/12/17 14:05:04"
D,METER_DATA,GEN_DUID,1,"2015/12/17 14:10:00",ANGAS2,9.284943,"2015/12/17 14:05:04"
D,METER_DATA,GEN_DUID,1,"2015/12/17 14:10:00",BUTLERSG,-0.000002,"2015/12/17 14:05:04"
D,METER_DATA,GEN_DUID,1,"2015/12/17 14:10:00",CALL_A_4,0,"2015/12/17 14:05:04"
D,METER_DATA,GEN_DUID,1,"2015/12/17 14:10:00",CAPTL_WF,0,"2015/12/17 14:05:04"
D,METER_DATA,GEN_DUID,1,"2015/12/17 14:10:00",CATHROCK,0,"2015/12/17 14:05:04"
D,METER_DATA,GEN_DUID,1,"2015/12/17 14:10:00",CHALLHWF,0.60,"2015/12/17 14:05:04"
D,METER_DATA,GEN_DUID,1,"2015/12/17 14:10:00",CLOVER,12.03,"2015/12/17 14:05:04"
D,METER_DATA,GEN_DUID,1,"2015/12/17 14:10:00",CLUNY,9.688621,"2015/12/17 14:05:04"
D,METER_DATA,GEN_DUID,1,"2015/12/17 14:10:00",CNUNDAWF,1.701985,"2015/12/17 14:05:04"
D,METER_DATA,GEN_DUID,1,"2015/12/17 14:10:00",CULLRGWF,0,"2015/12/17 14:05:04"
D,METER_DATA,GEN_DUID,1,"2015/12/17 14:10:00",ERGT01,0,"2015/12/17 14:05:04"
D,METER_DATA,GEN_DUID,1,"2015/12/17 14:10:00",GB01,0.220818,"2015/12/17 14:05:04"
D,METER_DATA,GEN_DUID,1,"2015/12/17 14:10:00",GERMCRK,34.099998,"2015/12/17 14:05:04"
D,METER_DATA,GEN_DUID,1,"2015/12/17 14:10:00",INVICTA,0,"2015/12/17 14:05:04"
D,METER_DATA,GEN_DUID,1,"2015/12/17 14:10:00",LKBONNY1,5.894418,"2015/12/17 14:05:04"
D,METER_DATA,GEN_DUID,1,"2015/12/17 14:10:00",MBAHNTH,1.893751,"2015/12/17 14:05:04"
D,METER_DATA,GEN_DUID,1,"2015/12/17 14:10:00",MLWF1,0.6150,"2015/12/17 14:05:04"
D,METER_DATA,GEN_DUID,1,"2015/12/17 14:10:00",MTMILLAR,13.148797,"2015/12/17 14:05:04"
D,METER_DATA,GEN_DUID,1,"2015/12/17 14:10:00",PALOONA,10.929999,"2015/12/17 14:05:04"
D,METER_DATA,GEN_DUID,1,"2015/12/17 14:10:00",PIONEER,0,"2015/12/17 14:05:04"
D,METER_DATA,GEN_DUID,1,"2015/12/17 14:10:00",PORTWF,4.90,"2015/12/17 14:05:04"
D,METER_DATA,GEN_DUID,1,"2015/12/17 14:10:00",REPULSE,12.976455,"2015/12/17 14:05:04"
D,METER_DATA,GEN_DUID,1,"2015/12/17 14:10:00",ROWALLAN,0,"2015/12/17 14:05:04"
D,METER_DATA,GEN_DUID,1,"2015/12/17 14:10:00",RPCG,10.20,"2015/12/17 14:05:04"
D,METER_DATA,GEN_DUID,1,"2015/12/17 14:10:00",RUBICON,0,"2015/12/17 14:05:04"
D,METER_DATA,GEN_DUID,1,"2015/12/17 14:10:00",STARHLWF,0.399883,"2015/12/17 14:05:04"
D,METER_DATA,GEN_DUID,1,"2015/12/17 14:10:00",WAUBRAWF,0.3440,"2015/12/17 14:05:04"
D,METER_DATA,GEN_DUID,1,"2015/12/17 14:10:00",WOOLNTH1,122.000015,"2015/12/17 14:05:04"
D,METER_DATA,GEN_DUID,1,"2015/12/17 14:10:00",WPWF,18,"2015/12/17 14:05:04"
D,METER_DATA,GEN_DUID,1,"2015/12/17 14:10:00",YAMBUKWF,0.90,"2015/12/17 14:05:04"
D,METER_DATA,GEN_DUID,1,"2015/12/17 14:15:00",ANGAS1,28.131346,"2015/12/17 14:10:04"
D,METER_DATA,GEN_DUID,1,"2015/12/17 14:15:00",ANGAS2,9.284943,"2015/12/17 14:10:04"
D,METER_DATA,GEN_DUID,1,"2015/12/17 14:15:00",BUTLERSG,-0.000002,"2015/12/17 14:10:04"
D,METER_DATA,GEN_DUID,1,"2015/12/17 14:15:00",CALL_A_4,0,"2015/12/17 14:10:04"
D,METER_DATA,GEN_DUID,1,"2015/12/17 14:15:00",CAPTL_WF,0,"2015/12/17 14:10:04"
D,METER_DATA,GEN_DUID,1,"2015/12/17 14:15:00",CATHROCK,0,"2015/12/17 14:10:04"
D,METER_DATA,GEN_DUID,1,"2015/12/17 14:15:00",CHALLHWF,0.80,"2015/12/17 14:10:04"
D,METER_DATA,GEN_DUID,1,"2015/12/17 14:15:00",CLOVER,12.58,"2015/12/17 14:10:04"
D,METER_DATA,GEN_DUID,1,"2015/12/17 14:15:00",CLUNY,10.388830,"2015/12/17 14:10:04"
D,METER_DATA,GEN_DUID,1,"2015/12/17 14:15:00",CNUNDAWF,1.701985,"2015/12/17 14:10:04"
D,METER_DATA,GEN_DUID,1,"2015/12/17 14:15:00",CULLRGWF,0,"2015/12/17 14:10:04"
D,METER_DATA,GEN_DUID,1,"2015/12/17 14:15:00",ERGT01,0,"2015/12/17 14:10:04"
D,METER_DATA,GEN_DUID,1,"2015/12/17 14:15:00",GB01,0.220818,"2015/12/17 14:10:04"
D,METER_DATA,GEN_DUID,1,"2015/12/17 14:15:00",GERMCRK,35.099998,"2015/12/17 14:10:04"
D,METER_DATA,GEN_DUID,1,"2015/12/17 14:15:00",INVICTA,0,"2015/12/17 14:10:04"
D,METER_DATA,GEN_DUID,1,"2015/12/17 14:15:00",LKBONNY1,5.805109,"2015/12/17 14:10:04"
D,METER_DATA,GEN_DUID,1,"2015/12/17 14:15:00",MBAHNTH,1.893751,"2015/12/17 14:10:04"
D,METER_DATA,GEN_DUID,1,"2015/12/17 14:15:00",MLWF1,0.4050,"2015/12/17 14:10:04"
D,METER_DATA,GEN_DUID,1,"2015/12/17 14:15:00",MTMILLAR,15.373750,"2015/12/17 14:10:04"
D,METER_DATA,GEN_DUID,1,"2015/12/17 14:15:00",PALOONA,10.929999,"2015/12/17 14:10:04"
D,METER_DATA,GEN_DUID,1,"2015/12/17 14:15:00",PIONEER,0,"2015/12/17 14:10:04"
D,METER_DATA,GEN_DUID,1,"2015/12/17 14:15:00",PORTWF,4.90,"2015/12/17 14:10:04"
D,METER_DATA,GEN_DUID,1,"2015/12/17 14:15:00",REPULSE,13.891095,"2015/12/17 14:10:04"
D,METER_DATA,GEN_DUID,1,"2015/12/17 14:15:00",ROWALLAN,0,"2015/12/17 14:10:04"
D,METER_DATA,GEN_DUID,1,"2015/12/17 14:15:00",RPCG,9.10,"2015/12/17 14:10:04"
D,METER_DATA,GEN_DUID,1,"2015/12/17 14:15:00",RUBICON,0,"2015/12/17 14:10:04"
D,METER_DATA,GEN_DUID,1,"2015/12/17 14:15:00",STARHLWF,0.399883,"2015/12/17 14:10:04"
D,METER_DATA,GEN_DUID,1,"2015/12/17 14:15:00",WAUBRAWF,0,"2015/12/17 14:10:04"
D,METER_DATA,GEN_DUID,1,"2015/12/17 14:15:00",WOOLNTH1,121.970016,"2015/12/17 14:10:04"
D,METER_DATA,GEN_DUID,1,"2015/12/17 14:15:00",WPWF,16,"2015/12/17 14:10:04"
D,METER_DATA,GEN_DUID,1,"2015/12/17 14:15:00",YAMBUKWF,0.90,"2015/12/17 14:10:04"
D,METER_DATA,GEN_DUID,1,"2015/12/17 14:20:00",ANGAS1,28.105423,"2015/12/17 14:15:04"
D,METER_DATA,GEN_DUID,1,"2015/12/17 14:20:00",ANGAS2,9.284943,"2015/12/17 14:15:04"
D,METER_DATA,GEN_DUID,1,"2015/12/17 14:20:00",BUTLERSG,-0.000002,"2015/12/17 14:15:04"
D,METER_DATA,GEN_DUID,1,"2015/12/17 14:20:00",CALL_A_4,0,"2015/12/17 14:15:04"
D,METER_DATA,GEN_DUID,1,"2015/12/17 14:20:00",CAPTL_WF,0,"2015/12/17 14:15:04"
D,METER_DATA,GEN_DUID,1,"2015/12/17 14:20:00",CATHROCK,0,"2015/12/17 14:15:04"
D,METER_DATA,GEN_DUID,1,"2015/12/17 14:20:00",CHALLHWF,0,"2015/12/17 14:15:04"
D,METER_DATA,GEN_DUID,1,"2015/12/17 14:20:00",CLOVER,12.46,"2015/12/17 14:15:04"
D,METER_DATA,GEN_DUID,1,"2015/12/17 14:20:00",CLUNY,9.845810,"2015/12/17 14:15:04"
D,METER_DATA,GEN_DUID,1,"2015/12/17 14:20:00",CNUNDAWF,1.701985,"2015/12/17 14:15:04"
D,METER_DATA,GEN_DUID,1,"2015/12/17 14:20:00",CULLRGWF,0,"2015/12/17 14:15:04"
D,METER_DATA,GEN_DUID,1,"2015/12/17 14:20:00",ERGT01,0,"2015/12/17 14:15:04"
D,METER_DATA,GEN_DUID,1,"2015/12/17 14:20:00",GB01,0.220818,"2015/12/17 14:15:04"
D,METER_DATA,GEN_DUID,1,"2015/12/17 14:20:00",GERMCRK,31.40,"2015/12/17 14:15:04"
D,METER_DATA,GEN_DUID,1,"2015/12/17 14:20:00",INVICTA,0,"2015/12/17 14:15:04"
D,METER_DATA,GEN_DUID,1,"2015/12/17 14:20:00",LKBONNY1,5.090634,"2015/12/17 14:15:04"
D,METER_DATA,GEN_DUID,1,"2015/12/17 14:20:00",MBAHNTH,1.893751,"2015/12/17 14:15:04"
D,METER_DATA,GEN_DUID,1,"2015/12/17 14:20:00",MLWF1,0.18,"2015/12/17 14:15:04"
D,METER_DATA,GEN_DUID,1,"2015/12/17 14:20:00",MTMILLAR,17.211754,"2015/12/17 14:15:04"
D,METER_DATA,GEN_DUID,1,"2015/12/17 14:20:00",PALOONA,10.929999,"2015/12/17 14:15:04"
D,METER_DATA,GEN_DUID,1,"2015/12/17 14:20:00",PIONEER,0,"2015/12/17 14:15:04"
D,METER_DATA,GEN_DUID,1,"2015/12/17 14:20:00",PORTWF,4.60,"2015/12/17 14:15:04"
D,METER_DATA,GEN_DUID,1,"2015/12/17 14:20:00",REPULSE,13.167005,"2015/12/17 14:15:04"
D,METER_DATA,GEN_DUID,1,"2015/12/17 14:20:00",ROWALLAN,0,"2015/12/17 14:15:04"
D,METER_DATA,GEN_DUID,1,"2015/12/17 14:20:00",RPCG,9.10,"2015/12/17 14:15:04"
D,METER_DATA,GEN_DUID,1,"2015/12/17 14:20:00",RUBICON,0,"2015/12/17 14:15:04"
D,METER_DATA,GEN_DUID,1,"2015/12/17 14:20:00",STARHLWF,0.399883,"2015/12/17 14:15:04"
D,METER_DATA,GEN_DUID,1,"2015/12/17 14:20:00",WAUBRAWF,0.3680,"2015/12/17 14:15:04"
D,METER_DATA,GEN_DUID,1,"2015/12/17 14:20:00",WOOLNTH1,114.430016,"2015/12/17 14:15:04"
D,METER_DATA,GEN_DUID,1,"2015/12/17 14:20:00",WPWF,14,"2015/12/17 14:15:04"
D,METER_DATA,GEN_DUID,1,"2015/12/17 14:20:00",YAMBUKWF,1.10,"2015/12/17 14:15:04"
D,METER_DATA,GEN_DUID,1,"2015/12/17 14:25:00",ANGAS1,26.429035,"2015/12/17 14:20:05"
D,METER_DATA,GEN_DUID,1,"2015/12/17 14:25:00",ANGAS2,9.284943,"2015/12/17 14:20:05"
D,METER_DATA,GEN_DUID,1,"2015/12/17 14:25:00",BUTLERSG,-0.000002,"2015/12/17 14:20:05"
D,METER_DATA,GEN_DUID,1,"2015/12/17 14:25:00",CALL_A_4,0,"2015/12/17 14:20:05"
D,METER_DATA,GEN_DUID,1,"2015/12/17 14:25:00",CAPTL_WF,0,"2015/12/17 14:20:05"
D,METER_DATA,GEN_DUID,1,"2015/12/17 14:25:00",CATHROCK,0,"2015/12/17 14:20:05"
D,METER_DATA,GEN_DUID,1,"2015/12/17 14:25:00",CHALLHWF,0.50,"2015/12/17 14:20:05"
D,METER_DATA,GEN_DUID,1,"2015/12/17 14:25:00",CLOVER,12.38,"2015/12/17 14:20:05"
D,METER_DATA,GEN_DUID,1,"2015/12/17 14:25:00",CLUNY,10.074450,"2015/12/17 14:20:05"
D,METER_DATA,GEN_DUID,1,"2015/12/17 14:25:00",CNUNDAWF,3.203737,"2015/12/17 14:20:05"
D,METER_DATA,GEN_DUID,1,"2015/12/17 14:25:00",CULLRGWF,0,"2015/12/17 14:20:05"
D,METER_DATA,GEN_DUID,1,"2015/12/17 14:25:00",ERGT01,0,"2015/12/17 14:20:05"
D,METER_DATA,GEN_DUID,1,"2015/12/17 14:25:00",GB01,0.220818,"2015/12/17 14:20:05"
D,METER_DATA,GEN_DUID,1,"2015/12/17 14:25:00",GERMCRK,31.40,"2015/12/17 14:20:05"
D,METER_DATA,GEN_DUID,1,"2015/12/17 14:25:00",INVICTA,0,"2015/12/17 14:20:05"
D,METER_DATA,GEN_DUID,1,"2015/12/17 14:25:00",LKBONNY1,5.090634,"2015/12/17 14:20:05"
D,METER_DATA,GEN_DUID,1,"2015/12/17 14:25:00",MBAHNTH,1.893751,"2015/12/17 14:20:05"
D,METER_DATA,GEN_DUID,1,"2015/12/17 14:25:00",MLWF1,0.2850,"2015/12/17 14:20:05"
D,METER_DATA,GEN_DUID,1,"2015/12/17 14:25:00",MTMILLAR,18.647926,"2015/12/17 14:20:05"
D,METER_DATA,GEN_DUID,1,"2015/12/17 14:25:00",PALOONA,10.929999,"2015/12/17 14:20:05"
D,METER_DATA,GEN_DUID,1,"2015/12/17 14:25:00",PIONEER,0,"2015/12/17 14:20:05"
D,METER_DATA,GEN_DUID,1,"2015/12/17 14:25:00",PORTWF,4.80,"2015/12/17 14:20:05"
D,METER_DATA,GEN_DUID,1,"2015/12/17 14:25:00",REPULSE,12.785905,"2015/12/17 14:20:05"
D,METER_DATA,GEN_DUID,1,"2015/12/17 14:25:00",ROWALLAN,0,"2015/12/17 14:20:05"
D,METER_DATA,GEN_DUID,1,"2015/12/17 14:25:00",RPCG,9.10,"2015/12/17 14:20:05"
D,METER_DATA,GEN_DUID,1,"2015/12/17 14:25:00",RUBICON,0,"2015/12/17 14:20:05"
D,METER_DATA,GEN_DUID,1,"2015/12/17 14:25:00",STARHLWF,0.599825,"2015/12/17 14:20:05"
D,METER_DATA,GEN_DUID,1,"2015/12/17 14:25:00",WAUBRAWF,0.7280,"2015/12/17 14:20:05"
D,METER_DATA,GEN_DUID,1,"2015/12/17 14:25:00",WOOLNTH1,108.250015,"2015/12/17 14:20:05"
D,METER_DATA,GEN_DUID,1,"2015/12/17 14:25:00",WPWF,12,"2015/12/17 14:20:05"
D,METER_DATA,GEN_DUID,1,"2015/12/17 14:25:00",YAMBUKWF,1.20,"2015/12/17 14:20:05"
D,METER_DATA,GEN_DUID,1,"2015/12/17 14:30:00",ANGAS1,27.699287,"2015/12/17 14:25:05"
D,METER_DATA,GEN_DUID,1,"2015/12/17 14:30:00",ANGAS2,9.345431,"2015/12/17 14:25:05"
D,METER_DATA,GEN_DUID,1,"2015/12/17 14:30:00",BUTLERSG,-0.000002,"2015/12/17 14:25:05"
D,METER_DATA,GEN_DUID,1,"2015/12/17 14:30:00",CALL_A_4,0,"2015/12/17 14:25:05"
D,METER_DATA,GEN_DUID,1,"2015/12/17 14:30:00",CAPTL_WF,0,"2015/12/17 14:25:05"
D,METER_DATA,GEN_DUID,1,"2015/12/17 14:30:00",CATHROCK,0,"2015/12/17 14:25:05"
D,METER_DATA,GEN_DUID,1,"2015/12/17 14:30:00",CHALLHWF,0.60,"2015/12/17 14:25:05"
D,METER_DATA,GEN_DUID,1,"2015/12/17 14:30:00",CLOVER,12.24,"2015/12/17 14:25:05"
D,METER_DATA,GEN_DUID,1,"2015/12/17 14:30:00",CLUNY,9.5743,"2015/12/17 14:25:05"
D,METER_DATA,GEN_DUID,1,"2015/12/17 14:30:00",CNUNDAWF,2.502920,"2015/12/17 14:25:05"
D,METER_DATA,GEN_DUID,1,"2015/12/17 14:30:00",CULLRGWF,0,"2015/12/17 14:25:05"
D,METER_DATA,GEN_DUID,1,"2015/12/17 14:30:00",ERGT01,0,"2015/12/17 14:25:05"
D,METER_DATA,GEN_DUID,1,"2015/12/17 14:30:00",GB01,0.220818,"2015/12/17 14:25:05"
D,METER_DATA,GEN_DUID,1,"2015/12/17 14:30:00",GERMCRK,34.099998,"2015/12/17 14:25:05"
D,METER_DATA,GEN_DUID,1,"2015/12/17 14:30:00",INVICTA,0,"2015/12/17 14:25:05"
D,METER_DATA,GEN_DUID,1,"2015/12/17 14:30:00",LKBONNY1,5.626490,"2015/12/17 14:25:05"
D,METER_DATA,GEN_DUID,1,"2015/12/17 14:30:00",MBAHNTH,1.893751,"2015/12/17 14:25:05"
D,METER_DATA,GEN_DUID,1,"2015/12/17 14:30:00",MLWF1,0.7350,"2015/12/17 14:25:05"
D,METER_DATA,GEN_DUID,1,"2015/12/17 14:30:00",MTMILLAR,16.735510,"2015/12/17 14:25:05"
D,METER_DATA,GEN_DUID,1,"2015/12/17 14:30:00",PALOONA,10.929999,"2015/12/17 14:25:05"
D,METER_DATA,GEN_DUID,1,"2015/12/17 14:30:00",PIONEER,0,"2015/12/17 14:25:05"
D,METER_DATA,GEN_DUID,1,"2015/12/17 14:30:00",PORTWF,4.50,"2015/12/17 14:25:05"
D,METER_DATA,GEN_DUID,1,"2015/12/17 14:30:00",REPULSE,13.071730,"2015/12/17 14:25:05"
D,METER_DATA,GEN_DUID,1,"2015/12/17 14:30:00",ROWALLAN,0,"2015/12/17 14:25:05"
D,METER_DATA,GEN_DUID,1,"2015/12/17 14:30:00",RPCG,9.10,"2015/12/17 14:25:05"
D,METER_DATA,GEN_DUID,1,"2015/12/17 14:30:00",RUBICON,0,"2015/12/17 14:25:05"
D,METER_DATA,GEN_DUID,1,"2015/12/17 14:30:00",STARHLWF,0.999708,"2015/12/17 14:25:05"
D,METER_DATA,GEN_DUID,1,"2015/12/17 14:30:00",WAUBRAWF,2.0620,"2015/12/17 14:25:05"
D,METER_DATA,GEN_DUID,1,"2015/12/17 14:30:00",WOOLNTH1,105.570023,"2015/12/17 14:25:05"
D,METER_DATA,GEN_DUID,1,"2015/12/17 14:30:00",WPWF,8,"2015/12/17 14:25:05"
D,METER_DATA,GEN_DUID,1,"2015/12/17 14:30:00",YAMBUKWF,1.50,"2015/12/17 14:25:05"
D,METER_DATA,GEN_DUID,1,"2015/12/17 14:35:00",ANGAS1,27.033916,"2015/12/17 14:30:04"
D,METER_DATA,GEN_DUID,1,"2015/12/17 14:35:00",ANGAS2,9.271981,"2015/12/17 14:30:04"
D,METER_DATA,GEN_DUID,1,"2015/12/17 14:35:00",BUTLERSG,-0.000002,"2015/12/17 14:30:04"
D,METER_DATA,GEN_DUID,1,"2015/12/17 14:35:00",CALL_A_4,0,"2015/12/17 14:30:04"
D,METER_DATA,GEN_DUID,1,"2015/12/17 14:35:00",CAPTL_WF,0,"2015/12/17 14:30:04"
D,METER_DATA,GEN_DUID,1,"2015/12/17 14:35:00",CATHROCK,0,"2015/12/17 14:30:04"
D,METER_DATA,GEN_DUID,1,"2015/12/17 14:35:00",CHALLHWF,1.50,"2015/12/17 14:30:04"
D,METER_DATA,GEN_DUID,1,"2015/12/17 14:35:00",CLOVER,12.35,"2015/12/17 14:30:04"
D,METER_DATA,GEN_DUID,1,"2015/12/17 14:35:00",CLUNY,10.674630,"2015/12/17 14:30:04"
D,METER_DATA,GEN_DUID,1,"2015/12/17 14:35:00",CNUNDAWF,3.403971,"2015/12/17 14:30:04"
D,METER_DATA,GEN_DUID,1,"2015/12/17 14:35:00",CULLRGWF,0,"2015/12/17 14:30:04"
D,METER_DATA,GEN_DUID,1,"2015/12/17 14:35:00",ERGT01,0,"2015/12/17 14:30:04"
D,METER_DATA,GEN_DUID,1,"2015/12/17 14:35:00",GB01,0.220818,"2015/12/17 14:30:04"
D,METER_DATA,GEN_DUID,1,"2015/12/17 14:35:00",GERMCRK,31.200001,"2015/12/17 14:30:04"
D,METER_DATA,GEN_DUID,1,"2015/12/17 14:35:00",INVICTA,0,"2015/12/17 14:30:04"
D,METER_DATA,GEN_DUID,1,"2015/12/17 14:35:00",LKBONNY1,5.983727,"2015/12/17 14:30:04"
D,METER_DATA,GEN_DUID,1,"2015/12/17 14:35:00",MBAHNTH,1.893751,"2015/12/17 14:30:04"
D,METER_DATA,GEN_DUID,1,"2015/12/17 14:35:00",MLWF1,0.87,"2015/12/17 14:30:04"
D,METER_DATA,GEN_DUID,1,"2015/12/17 14:35:00",MTMILLAR,14.592412,"2015/12/17 14:30:04"
D,METER_DATA,GEN_DUID,1,"2015/12/17 14:35:00",PALOONA,9.179999,"2015/12/17 14:30:04"
D,METER_DATA,GEN_DUID,1,"2015/12/17 14:35:00",PIONEER,0,"2015/12/17 14:30:04"
D,METER_DATA,GEN_DUID,1,"2015/12/17 14:35:00",PORTWF,4.80,"2015/12/17 14:30:04"
D,METER_DATA,GEN_DUID,1,"2015/12/17 14:35:00",REPULSE,13.376610,"2015/12/17 14:30:04"
D,METER_DATA,GEN_DUID,1,"2015/12/17 14:35:00",ROWALLAN,0,"2015/12/17 14:30:04"
D,METER_DATA,GEN_DUID,1,"2015/12/17 14:35:00",RPCG,7.70,"2015/12/17 14:30:04"
D,METER_DATA,GEN_DUID,1,"2015/12/17 14:35:00",RUBICON,0,"2015/12/17 14:30:04"
D,METER_DATA,GEN_DUID,1,"2015/12/17 14:35:00",STARHLWF,0.999708,"2015/12/17 14:30:04"
D,METER_DATA,GEN_DUID,1,"2015/12/17 14:35:00",WAUBRAWF,0.2310,"2015/12/17 14:30:04"
D,METER_DATA,GEN_DUID,1,"2015/12/17 14:35:00",WOOLNTH1,99.510017,"2015/12/17 14:30:04"
D,METER_DATA,GEN_DUID,1,"2015/12/17 14:35:00",WPWF,9,"2015/12/17 14:30:04"
D,METER_DATA,GEN_DUID,1,"2015/12/17 14:35:00",YAMBUKWF,1.80,"2015/12/17 14:30:04"
D,METER_DATA,GEN_DUID,1,"2015/12/17 14:40:00",ANGAS1,26.683949,"2015/12/17 14:35:04"
D,METER_DATA,GEN_DUID,1,"2015/12/17 14:40:00",ANGAS2,9.042990,"2015/12/17 14:35:04"
D,METER_DATA,GEN_DUID,1,"2015/12/17 14:40:00",BUTLERSG,-0.000002,"2015/12/17 14:35:04"
D,METER_DATA,GEN_DUID,1,"2015/12/17 14:40:00",CALL_A_4,0,"2015/12/17 14:35:04"
D,METER_DATA,GEN_DUID,1,"2015/12/17 14:40:00",CAPTL_WF,0,"2015/12/17 14:35:04"
D,METER_DATA,GEN_DUID,1,"2015/12/17 14:40:00",CATHROCK,0,"2015/12/17 14:35:04"
D,METER_DATA,GEN_DUID,1,"2015/12/17 14:40:00",CHALLHWF,1.40,"2015/12/17 14:35:04"
D,METER_DATA,GEN_DUID,1,"2015/12/17 14:40:00",CLOVER,12.21,"2015/12/17 14:35:04"
D,METER_DATA,GEN_DUID,1,"2015/12/17 14:40:00",CLUNY,9.217051,"2015/12/17 14:35:04"
D,METER_DATA,GEN_DUID,1,"2015/12/17 14:40:00",CNUNDAWF,3.704321,"2015/12/17 14:35:04"
D,METER_DATA,GEN_DUID,1,"2015/12/17 14:40:00",CULLRGWF,0,"2015/12/17 14:35:04"
D,METER_DATA,GEN_DUID,1,"2015/12/17 14:40:00",ERGT01,0,"2015/12/17 14:35:04"
D,METER_DATA,GEN_DUID,1,"2015/12/17 14:40:00",GB01,0.222435,"2015/12/17 14:35:04"
D,METER_DATA,GEN_DUID,1,"2015/12/17 14:40:00",GERMCRK,30.299999,"2015/12/17 14:35:04"
D,METER_DATA,GEN_DUID,1,"2015/12/17 14:40:00",INVICTA,0,"2015/12/17 14:35:04"
D,METER_DATA,GEN_DUID,1,"2015/12/17 14:40:00",LKBONNY1,6.698202,"2015/12/17 14:35:04"
D,METER_DATA,GEN_DUID,1,"2015/12/17 14:40:00",MBAHNTH,1.893751,"2015/12/17 14:35:04"
D,METER_DATA,GEN_DUID,1,"2015/12/17 14:40:00",MLWF1,0.03,"2015/12/17 14:35:04"
D,METER_DATA,GEN_DUID,1,"2015/12/17 14:40:00",MTMILLAR,12.255840,"2015/12/17 14:35:04"
D,METER_DATA,GEN_DUID,1,"2015/12/17 14:40:00",PALOONA,8.98,"2015/12/17 14:35:04"
D,METER_DATA,GEN_DUID,1,"2015/12/17 14:40:00",PIONEER,0,"2015/12/17 14:35:04"
D,METER_DATA,GEN_DUID,1,"2015/12/17 14:40:00",PORTWF,4.50,"2015/12/17 14:35:04"
D,METER_DATA,GEN_DUID,1,"2015/12/17 14:40:00",REPULSE,13.319445,"2015/12/17 14:35:04"
D,METER_DATA,GEN_DUID,1,"2015/12/17 14:40:00",ROWALLAN,0,"2015/12/17 14:35:04"
D,METER_DATA,GEN_DUID,1,"2015/12/17 14:40:00",RPCG,7.70,"2015/12/17 14:35:04"
D,METER_DATA,GEN_DUID,1,"2015/12/17 14:40:00",RUBICON,0,"2015/12/17 14:35:04"
D,METER_DATA,GEN_DUID,1,"2015/12/17 14:40:00",STARHLWF,0.999708,"2015/12/17 14:35:04"
D,METER_DATA,GEN_DUID,1,"2015/12/17 14:40:00",WAUBRAWF,1.7630,"2015/12/17 14:35:04"
D,METER_DATA,GEN_DUID,1,"2015/12/17 14:40:00",WOOLNTH1,98.370018,"2015/12/17 14:35:04"
D,METER_DATA,GEN_DUID,1,"2015/12/17 14:40:00",WPWF,8,"2015/12/17 14:35:04"
D,METER_DATA,GEN_DUID,1,"2015/12/17 14:40:00",YAMBUKWF,1.50,"2015/12/17 14:35:04"
D,METER_DATA,GEN_DUID,1,"2015/12/17 14:45:00",ANGAS1,26.437675,"2015/12/17 14:40:04"
D,METER_DATA,GEN_DUID,1,"2015/12/17 14:45:00",ANGAS2,8.982502,"2015/12/17 14:40:04"
D,METER_DATA,GEN_DUID,1,"2015/12/17 14:45:00",BUTLERSG,-0.000002,"2015/12/17 14:40:04"
D,METER_DATA,GEN_DUID,1,"2015/12/17 14:45:00",CALL_A_4,0,"2015/12/17 14:40:04"
D,METER_DATA,GEN_DUID,1,"2015/12/17 14:45:00",CAPTL_WF,0,"2015/12/17 14:40:04"
D,METER_DATA,GEN_DUID,1,"2015/12/17 14:45:00",CATHROCK,0,"2015/12/17 14:40:04"
D,METER_DATA,GEN_DUID,1,"2015/12/17 14:45:00",CHALLHWF,0.40,"2015/12/17 14:40:04"
D,METER_DATA,GEN_DUID,1,"2015/12/17 14:45:00",CLOVER,12.50,"2015/12/17 14:40:04"
D,METER_DATA,GEN_DUID,1,"2015/12/17 14:45:00",CLUNY,8.0024,"2015/12/17 14:40:04"
D,METER_DATA,GEN_DUID,1,"2015/12/17 14:45:00",CNUNDAWF,5.005839,"2015/12/17 14:40:04"
D,METER_DATA,GEN_DUID,1,"2015/12/17 14:45:00",CULLRGWF,0.05,"2015/12/17 14:40:04"
D,METER_DATA,GEN_DUID,1,"2015/12/17 14:45:00",ERGT01,0,"2015/12/17 14:40:04"
D,METER_DATA,GEN_DUID,1,"2015/12/17 14:45:00",GB01,0.222435,"2015/12/17 14:40:04"
D,METER_DATA,GEN_DUID,1,"2015/12/17 14:45:00",GERMCRK,28.700001,"2015/12/17 14:40:04"
D,METER_DATA,GEN_DUID,1,"2015/12/17 14:45:00",INVICTA,0,"2015/12/17 14:40:04"
D,METER_DATA,GEN_DUID,1,"2015/12/17 14:45:00",LKBONNY1,7.412677,"2015/12/17 14:40:04"
D,METER_DATA,GEN_DUID,1,"2015/12/17 14:45:00",MBAHNTH,1.893751,"2015/12/17 14:40:04"
D,METER_DATA,GEN_DUID,1,"2015/12/17 14:45:00",MLWF1,0.2850,"2015/12/17 14:40:04"
D,METER_DATA,GEN_DUID,1,"2015/12/17 14:45:00",MTMILLAR,11.898657,"2015/12/17 14:40:04"
D,METER_DATA,GEN_DUID,1,"2015/12/17 14:45:00",PALOONA,9.07,"2015/12/17 14:40:04"
D,METER_DATA,GEN_DUID,1,"2015/12/17 14:45:00",PIONEER,0,"2015/12/17 14:40:04"
D,METER_DATA,GEN_DUID,1,"2015/12/17 14:45:00",PORTWF,4.50,"2015/12/17 14:40:04"
D,METER_DATA,GEN_DUID,1,"2015/12/17 14:45:00",REPULSE,13.376610,"2015/12/17 14:40:04"
D,METER_DATA,GEN_DUID,1,"2015/12/17 14:45:00",ROWALLAN,0,"2015/12/17 14:40:04"
D,METER_DATA,GEN_DUID,1,"2015/12/17 14:45:00",RPCG,8.90,"2015/12/17 14:40:04"
D,METER_DATA,GEN_DUID,1,"2015/12/17 14:45:00",RUBICON,0,"2015/12/17 14:40:04"
D,METER_DATA,GEN_DUID,1,"2015/12/17 14:45:00",STARHLWF,1.799475,"2015/12/17 14:40:04"
D,METER_DATA,GEN_DUID,1,"2015/12/17 14:45:00",WAUBRAWF,2.4690,"2015/12/17 14:40:04"
D,METER_DATA,GEN_DUID,1,"2015/12/17 14:45:00",WOOLNTH1,91.650017,"2015/12/17 14:40:04"
D,METER_DATA,GEN_DUID,1,"2015/12/17 14:45:00",WPWF,9,"2015/12/17 14:40:04"
D,METER_DATA,GEN_DUID,1,"2015/12/17 14:45:00",YAMBUKWF,1.60,"2015/12/17 14:40:04"
D,METER_DATA,GEN_DUID,1,"2015/12/17 14:50:00",ANGAS1,28.122705,"2015/12/17 14:45:05"
D,METER_DATA,GEN_DUID,1,"2015/12/17 14:50:00",ANGAS2,9.375675,"2015/12/17 14:45:05"
D,METER_DATA,GEN_DUID,1,"2015/12/17 14:50:00",BUTLERSG,-0.000002,"2015/12/17 14:45:05"
D,METER_DATA,GEN_DUID,1,"2015/12/17 14:50:00",CALL_A_4,0,"2015/12/17 14:45:05"
D,METER_DATA,GEN_DUID,1,"2015/12/17 14:50:00",CAPTL_WF,0,"2015/12/17 14:45:05"
D,METER_DATA,GEN_DUID,1,"2015/12/17 14:50:00",CATHROCK,0,"2015/12/17 14:45:05"
D,METER_DATA,GEN_DUID,1,"2015/12/17 14:50:00",CHALLHWF,0.80,"2015/12/17 14:45:05"
D,METER_DATA,GEN_DUID,1,"2015/12/17 14:50:00",CLOVER,12.389999,"2015/12/17 14:45:05"
D,METER_DATA,GEN_DUID,1,"2015/12/17 14:50:00",CLUNY,8.0024,"2015/12/17 14:45:05"
D,METER_DATA,GEN_DUID,1,"2015/12/17 14:50:00",CNUNDAWF,5.906891,"2015/12/17 14:45:05"
D,METER_DATA,GEN_DUID,1,"2015/12/17 14:50:00",CULLRGWF,0,"2015/12/17 14:45:05"
D,METER_DATA,GEN_DUID,1,"2015/12/17 14:50:00",ERGT01,0,"2015/12/17 14:45:05"
D,METER_DATA,GEN_DUID,1,"2015/12/17 14:50:00",GB01,0.222435,"2015/12/17 14:45:05"
D,METER_DATA,GEN_DUID,1,"2015/12/17 14:50:00",GERMCRK,28.90,"2015/12/17 14:45:05"
D,METER_DATA,GEN_DUID,1,"2015/12/17 14:50:00",INVICTA,0,"2015/12/17 14:45:05"
D,METER_DATA,GEN_DUID,1,"2015/12/17 14:50:00",LKBONNY1,9.020246,"2015/12/17 14:45:05"
D,METER_DATA,GEN_DUID,1,"2015/12/17 14:50:00",MBAHNTH,1.893751,"2015/12/17 14:45:05"
D,METER_DATA,GEN_DUID,1,"2015/12/17 14:50:00",MLWF1,0.75,"2015/12/17 14:45:05"
D,METER_DATA,GEN_DUID,1,"2015/12/17 14:50:00",MTMILLAR,10.574103,"2015/12/17 14:45:05"
D,METER_DATA,GEN_DUID,1,"2015/12/17 14:50:00",PALOONA,9.07,"2015/12/17 14:45:05"
D,METER_DATA,GEN_DUID,1,"2015/12/17 14:50:00",PIONEER,0,"2015/12/17 14:45:05"
D,METER_DATA,GEN_DUID,1,"2015/12/17 14:50:00",PORTWF,4.90,"2015/12/17 14:45:05"
D,METER_DATA,GEN_DUID,1,"2015/12/17 14:50:00",REPULSE,13.186060,"2015/12/17 14:45:05"
D,METER_DATA,GEN_DUID,1,"2015/12/17 14:50:00",ROWALLAN,0,"2015/12/17 14:45:05"
D,METER_DATA,GEN_DUID,1,"2015/12/17 14:50:00",RPCG,10,"2015/12/17 14:45:05"
D,METER_DATA,GEN_DUID,1,"2015/12/17 14:50:00",RUBICON,0,"2015/12/17 14:45:05"
D,METER_DATA,GEN_DUID,1,"2015/12/17 14:50:00",STARHLWF,1.799475,"2015/12/17 14:45:05"
D,METER_DATA,GEN_DUID,1,"2015/12/17 14:50:00",WAUBRAWF,3.0930,"2015/12/17 14:45:05"
D,METER_DATA,GEN_DUID,1,"2015/12/17 14:50:00",WOOLNTH1,98.070023,"2015/12/17 14:45:05"
D,METER_DATA,GEN_DUID,1,"2015/12/17 14:50:00",WPWF,9,"2015/12/17 14:45:05"
D,METER_DATA,GEN_DUID,1,"2015/12/17 14:50:00",YAMBUKWF,1.50,"2015/12/17 14:45:05"
D,METER_DATA,GEN_DUID,1,"2015/12/17 14:55:00",ANGAS1,26.964787,"2015/12/17 14:50:05"
D,METER_DATA,GEN_DUID,1,"2015/12/17 14:55:00",ANGAS2,9.271981,"2015/12/17 14:50:05"
D,METER_DATA,GEN_DUID,1,"2015/12/17 14:55:00",BUTLERSG,-0.000002,"2015/12/17 14:50:05"
D,METER_DATA,GEN_DUID,1,"2015/12/17 14:55:00",CALL_A_4,0,"2015/12/17 14:50:05"
D,METER_DATA,GEN_DUID,1,"2015/12/17 14:55:00",CAPTL_WF,0,"2015/12/17 14:50:05"
D,METER_DATA,GEN_DUID,1,"2015/12/17 14:55:00",CATHROCK,1.61,"2015/12/17 14:50:05"
D,METER_DATA,GEN_DUID,1,"2015/12/17 14:55:00",CHALLHWF,0.30,"2015/12/17 14:50:05"
D,METER_DATA,GEN_DUID,1,"2015/12/17 14:55:00",CLOVER,12.40,"2015/12/17 14:50:05"
D,METER_DATA,GEN_DUID,1,"2015/12/17 14:55:00",CLUNY,8.073851,"2015/12/17 14:50:05"
D,METER_DATA,GEN_DUID,1,"2015/12/17 14:55:00",CNUNDAWF,5.206073,"2015/12/17 14:50:05"
D,METER_DATA,GEN_DUID,1,"2015/12/17 14:55:00",CULLRGWF,0,"2015/12/17 14:50:05"
D,METER_DATA,GEN_DUID,1,"2015/12/17 14:55:00",ERGT01,0,"2015/12/17 14:50:05"
D,METER_DATA,GEN_DUID,1,"2015/12/17 14:55:00",GB01,0.222435,"2015/12/17 14:50:05"
D,METER_DATA,GEN_DUID,1,"2015/12/17 14:55:00",GERMCRK,23.50,"2015/12/17 14:50:05"
D,METER_DATA,GEN_DUID,1,"2015/12/17 14:55:00",INVICTA,0,"2015/12/17 14:50:05"
D,METER_DATA,GEN_DUID,1,"2015/12/17 14:55:00",LKBONNY1,10.806433,"2015/12/17 14:50:05"
D,METER_DATA,GEN_DUID,1,"2015/12/17 14:55:00",MBAHNTH,1.893751,"2015/12/17 14:50:05"
D,METER_DATA,GEN_DUID,1,"2015/12/17 14:55:00",MLWF1,0.96,"2015/12/17 14:50:05"
D,METER_DATA,GEN_DUID,1,"2015/12/17 14:55:00",MTMILLAR,10.775019,"2015/12/17 14:50:05"
D,METER_DATA,GEN_DUID,1,"2015/12/17 14:55:00",PALOONA,8.95,"2015/12/17 14:50:05"
D,METER_DATA,GEN_DUID,1,"2015/12/17 14:55:00",PIONEER,0,"2015/12/17 14:50:05"
D,METER_DATA,GEN_DUID,1,"2015/12/17 14:55:00",PORTWF,5.20,"2015/12/17 14:50:05"
D,METER_DATA,GEN_DUID,1,"2015/12/17 14:55:00",REPULSE,13.357554,"2015/12/17 14:50:05"
D,METER_DATA,GEN_DUID,1,"2015/12/17 14:55:00",ROWALLAN,0,"2015/12/17 14:50:05"
D,METER_DATA,GEN_DUID,1,"2015/12/17 14:55:00",RPCG,10,"2015/12/17 14:50:05"
D,METER_DATA,GEN_DUID,1,"2015/12/17 14:55:00",RUBICON,0,"2015/12/17 14:50:05"
D,METER_DATA,GEN_DUID,1,"2015/12/17 14:55:00",STARHLWF,1.499563,"2015/12/17 14:50:05"
D,METER_DATA,GEN_DUID,1,"2015/12/17 14:55:00",WAUBRAWF,2.55,"2015/12/17 14:50:05"
D,METER_DATA,GEN_DUID,1,"2015/12/17 14:55:00",WOOLNTH1,84.600021,"2015/12/17 14:50:05"
D,METER_DATA,GEN_DUID,1,"2015/12/17 14:55:00",WPWF,9,"2015/12/17 14:50:05"
D,METER_DATA,GEN_DUID,1,"2015/12/17 14:55:00",YAMBUKWF,1.20,"2015/12/17 14:50:05"
D,METER_DATA,GEN_DUID,1,"2015/12/17 15:00:00",ANGAS1,-0.224671,"2015/12/17 14:55:05"
D,METER_DATA,GEN_DUID,1,"2015/12/17 15:00:00",ANGAS2,-0.120976,"2015/12/17 14:55:05"
D,METER_DATA,GEN_DUID,1,"2015/12/17 15:00:00",BUTLERSG,-0.000002,"2015/12/17 14:55:05"
D,METER_DATA,GEN_DUID,1,"2015/12/17 15:00:00",CALL_A_4,0,"2015/12/17 14:55:05"
D,METER_DATA,GEN_DUID,1,"2015/12/17 15:00:00",CAPTL_WF,0,"2015/12/17 14:55:05"
D,METER_DATA,GEN_DUID,1,"2015/12/17 15:00:00",CATHROCK,1.42,"2015/12/17 14:55:05"
D,METER_DATA,GEN_DUID,1,"2015/12/17 15:00:00",CHALLHWF,0.20,"2015/12/17 14:55:05"
D,METER_DATA,GEN_DUID,1,"2015/12/17 15:00:00",CLOVER,12.48,"2015/12/17 14:55:05"
D,METER_DATA,GEN_DUID,1,"2015/12/17 15:00:00",CLUNY,8.202460,"2015/12/17 14:55:05"
D,METER_DATA,GEN_DUID,1,"2015/12/17 15:00:00",CNUNDAWF,5.206073,"2015/12/17 14:55:05"
D,METER_DATA,GEN_DUID,1,"2015/12/17 15:00:00",CULLRGWF,0,"2015/12/17 14:55:05"
D,METER_DATA,GEN_DUID,1,"2015/12/17 15:00:00",ERGT01,0,"2015/12/17 14:55:05"
D,METER_DATA,GEN_DUID,1,"2015/12/17 15:00:00",GB01,0.222435,"2015/12/17 14:55:05"
D,METER_DATA,GEN_DUID,1,"2015/12/17 15:00:00",GERMCRK,25.299999,"2015/12/17 14:55:05"
D,METER_DATA,GEN_DUID,1,"2015/12/17 15:00:00",INVICTA,0,"2015/12/17 14:55:05"
D,METER_DATA,GEN_DUID,1,"2015/12/17 15:00:00",LKBONNY1,11.342289,"2015/12/17 14:55:05"
D,METER_DATA,GEN_DUID,1,"2015/12/17 15:00:00",MBAHNTH,1.893751,"2015/12/17 14:55:05"
D,METER_DATA,GEN_DUID,1,"2015/12/17 15:00:00",MLWF1,0.30,"2015/12/17 14:55:05"
D,METER_DATA,GEN_DUID,1,"2015/12/17 15:00:00",MTMILLAR,11.303352,"2015/12/17 14:55:05"
D,METER_DATA,GEN_DUID,1,"2015/12/17 15:00:00",PALOONA,8.80,"2015/12/17 14:55:05"
D,METER_DATA,GEN_DUID,1,"2015/12/17 15:00:00",PIONEER,0,"2015/12/17 14:55:05"
D,METER_DATA,GEN_DUID,1,"2015/12/17 15:00:00",PORTWF,4.90,"2015/12/17 14:55:05"
D,METER_DATA,GEN_DUID,1,"2015/12/17 15:00:00",REPULSE,13.490940,"2015/12/17 14:55:05"
D,METER_DATA,GEN_DUID,1,"2015/12/17 15:00:00",ROWALLAN,0,"2015/12/17 14:55:05"
D,METER_DATA,GEN_DUID,1,"2015/12/17 15:00:00",RPCG,8.90,"2015/12/17 14:55:05"
D,METER_DATA,GEN_DUID,1,"2015/12/17 15:00:00",RUBICON,0,"2015/12/17 14:55:05"
D,METER_DATA,GEN_DUID,1,"2015/12/17 15:00:00",STARHLWF,1.099679,"2015/12/17 14:55:05"
D,METER_DATA,GEN_DUID,1,"2015/12/17 15:00:00",WAUBRAWF,5.2580,"2015/12/17 14:55:05"
D,METER_DATA,GEN_DUID,1,"2015/12/17 15:00:00",WOOLNTH1,84.930016,"2015/12/17 14:55:05"
D,METER_DATA,GEN_DUID,1,"2015/12/17 15:00:00",WPWF,8,"2015/12/17 14:55:05"
D,METER_DATA,GEN_DUID,1,"2015/12/17 15:00:00",YAMBUKWF,1,"2015/12/17 14:55:05"
D,METER_DATA,GEN_DUID,1,"2015/12/17 15:05:00",ANGAS1,-0.159862,"2015/12/17 15:00:05"
D,METER_DATA,GEN_DUID,1,"2015/12/17 15:05:00",ANGAS2,-0.133938,"2015/12/17 15:00:05"
D,METER_DATA,GEN_DUID,1,"2015/12/17 15:05:00",BUTLERSG,-0.000002,"2015/12/17 15:00:05"
D,METER_DATA,GEN_DUID,1,"2015/12/17 15:05:00",CALL_A_4,0,"2015/12/17 15:00:05"
D,METER_DATA,GEN_DUID,1,"2015/12/17 15:05:00",CAPTL_WF,0,"2015/12/17 15:00:05"
D,METER_DATA,GEN_DUID,1,"2015/12/17 15:05:00",CATHROCK,2.05,"2015/12/17 15:00:05"
D,METER_DATA,GEN_DUID,1,"2015/12/17 15:05:00",CHALLHWF,0.50,"2015/12/17 15:00:05"
D,METER_DATA,GEN_DUID,1,"2015/12/17 15:05:00",CLOVER,12.21,"2015/12/17 15:00:05"
D,METER_DATA,GEN_DUID,1,"2015/12/17 15:05:00",CLUNY,7.773760,"2015/12/17 15:00:05"
D,METER_DATA,GEN_DUID,1,"2015/12/17 15:05:00",CNUNDAWF,7.608876,"2015/12/17 15:00:05"
D,METER_DATA,GEN_DUID,1,"2015/12/17 15:05:00",CULLRGWF,0,"2015/12/17 15:00:05"
D,METER_DATA,GEN_DUID,1,"2015/12/17 15:05:00",ERGT01,0,"2015/12/17 15:00:05"
D,METER_DATA,GEN_DUID,1,"2015/12/17 15:05:00",GB01,0.222435,"2015/12/17 15:00:05"
D,METER_DATA,GEN_DUID,1,"2015/12/17 15:05:00",GERMCRK,26.90,"2015/12/17 15:00:05"
D,METER_DATA,GEN_DUID,1,"2015/12/17 15:05:00",INVICTA,0,"2015/12/17 15:00:05"
D,METER_DATA,GEN_DUID,1,"2015/12/17 15:05:00",LKBONNY1,13.753642,"2015/12/17 15:00:05"
D,METER_DATA,GEN_DUID,1,"2015/12/17 15:05:00",MBAHNTH,1.893751,"2015/12/17 15:00:05"
D,METER_DATA,GEN_DUID,1,"2015/12/17 15:05:00",MLWF1,0.42,"2015/12/17 15:00:05"
D,METER_DATA,GEN_DUID,1,"2015/12/17 15:05:00",MTMILLAR,8.453330,"2015/12/17 15:00:05"
D,METER_DATA,GEN_DUID,1,"2015/12/17 15:05:00",PALOONA,8.80,"2015/12/17 15:00:05"
D,METER_DATA,GEN_DUID,1,"2015/12/17 15:05:00",PIONEER,0,"2015/12/17 15:00:05"
D,METER_DATA,GEN_DUID,1,"2015/12/17 15:05:00",PORTWF,5.80,"2015/12/17 15:00:05"
D,METER_DATA,GEN_DUID,1,"2015/12/17 15:05:00",REPULSE,12.1952,"2015/12/17 15:00:05"
D,METER_DATA,GEN_DUID,1,"2015/12/17 15:05:00",ROWALLAN,0,"2015/12/17 15:00:05"
D,METER_DATA,GEN_DUID,1,"2015/12/17 15:05:00",RPCG,10,"2015/12/17 15:00:05"
D,METER_DATA,GEN_DUID,1,"2015/12/17 15:05:00",RUBICON,0,"2015/12/17 15:00:05"
D,METER_DATA,GEN_DUID,1,"2015/12/17 15:05:00",STARHLWF,0.799767,"2015/12/17 15:00:05"
D,METER_DATA,GEN_DUID,1,"2015/12/17 15:05:00",WAUBRAWF,5.0170,"2015/12/17 15:00:05"
D,METER_DATA,GEN_DUID,1,"2015/12/17 15:05:00",WOOLNTH1,79.560020,"2015/12/17 15:00:05"
D,METER_DATA,GEN_DUID,1,"2015/12/17 15:05:00",WPWF,8,"2015/12/17 15:00:05"
D,METER_DATA,GEN_DUID,1,"2015/12/17 15:05:00",YAMBUKWF,1.20,"2015/12/17 15:00:05"
D,METER_DATA,GEN_DUID,1,"2015/12/17 15:10:00",ANGAS1,28.066538,"2015/12/17 15:05:04"
D,METER_DATA,GEN_DUID,1,"2015/12/17 15:10:00",ANGAS2,9.293584,"2015/12/17 15:05:04"
D,METER_DATA,GEN_DUID,1,"2015/12/17 15:10:00",BUTLERSG,-0.000002,"2015/12/17 15:05:04"
D,METER_DATA,GEN_DUID,1,"2015/12/17 15:10:00",CALL_A_4,0,"2015/12/17 15:05:04"
D,METER_DATA,GEN_DUID,1,"2015/12/17 15:10:00",CAPTL_WF,0,"2015/12/17 15:05:04"
D,METER_DATA,GEN_DUID,1,"2015/12/17 15:10:00",CATHROCK,2.50,"2015/12/17 15:05:04"
D,METER_DATA,GEN_DUID,1,"2015/12/17 15:10:00",CHALLHWF,2.30,"2015/12/17 15:05:04"
D,METER_DATA,GEN_DUID,1,"2015/12/17 15:10:00",CLOVER,11.84,"2015/12/17 15:05:04"
D,METER_DATA,GEN_DUID,1,"2015/12/17 15:10:00",CLUNY,7.516540,"2015/12/17 15:05:04"
D,METER_DATA,GEN_DUID,1,"2015/12/17 15:10:00",CULLRGWF,0,"2015/12/17 15:05:04"
D,METER_DATA,GEN_DUID,1,"2015/12/17 15:10:00",ERGT01,0,"2015/12/17 15:05:04"
D,METER_DATA,GEN_DUID,1,"2015/12/17 15:10:00",GB01,0.222435,"2015/12/17 15:05:04"
D,METER_DATA,GEN_DUID,1,"2015/12/17 15:10:00",GERMCRK,32.50,"2015/12/17 15:05:04"
D,METER_DATA,GEN_DUID,1,"2015/12/17 15:10:00",INVICTA,0,"2015/12/17 15:05:04"
D,METER_DATA,GEN_DUID,1,"2015/12/17 15:10:00",LKBONNY1,16.611542,"2015/12/17 15:05:04"
D,METER_DATA,GEN_DUID,1,"2015/12/17 15:10:00",MBAHNTH,1.893751,"2015/12/17 15:05:04"
D,METER_DATA,GEN_DUID,1,"2015/12/17 15:10:00",MLWF1,0.7650,"2015/12/17 15:05:04"
D,METER_DATA,GEN_DUID,1,"2015/12/17 15:10:00",MTMILLAR,8.594715,"2015/12/17 15:05:04"
D,METER_DATA,GEN_DUID,1,"2015/12/17 15:10:00",PALOONA,8.94,"2015/12/17 15:05:04"
D,METER_DATA,GEN_DUID,1,"2015/12/17 15:10:00",PIONEER,0,"2015/12/17 15:05:04"
D,METER_DATA,GEN_DUID,1,"2015/12/17 15:10:00",PORTWF,5.50,"2015/12/17 15:05:04"
D,METER_DATA,GEN_DUID,1,"2015/12/17 15:10:00",REPULSE,12.5763,"2015/12/17 15:05:04"
D,METER_DATA,GEN_DUID,1,"2015/12/17 15:10:00",ROWALLAN,0,"2015/12/17 15:05:04"
D,METER_DATA,GEN_DUID,1,"2015/12/17 15:10:00",RPCG,10,"2015/12/17 15:05:04"
D,METER_DATA,GEN_DUID,1,"2015/12/17 15:10:00",RUBICON,0,"2015/12/17 15:05:04"
D,METER_DATA,GEN_DUID,1,"2015/12/17 15:10:00",STARHLWF,0.799767,"2015/12/17 15:05:04"
D,METER_DATA,GEN_DUID,1,"2015/12/17 15:10:00",WAUBRAWF,3.7120,"2015/12/17 15:05:04"
D,METER_DATA,GEN_DUID,1,"2015/12/17 15:10:00",WOOLNTH1,79.460022,"2015/12/17 15:05:04"
D,METER_DATA,GEN_DUID,1,"2015/12/17 15:10:00",WPWF,9,"2015/12/17 15:05:04"
D,METER_DATA,GEN_DUID,1,"2015/12/17 15:10:00",YAMBUKWF,1.30,"2015/12/17 15:05:04"
D,METER_DATA,GEN_DUID,1,"2015/12/17 15:15:00",ANGAS1,27.962843,"2015/12/17 15:10:04"
D,METER_DATA,GEN_DUID,1,"2015/12/17 15:15:00",ANGAS2,9.293584,"2015/12/17 15:10:04"
D,METER_DATA,GEN_DUID,1,"2015/12/17 15:15:00",BUTLERSG,-0.000002,"2015/12/17 15:10:04"
D,METER_DATA,GEN_DUID,1,"2015/12/17 15:15:00",CALL_A_4,0,"2015/12/17 15:10:04"
D,METER_DATA,GEN_DUID,1,"2015/12/17 15:15:00",CAPTL_WF,0,"2015/12/17 15:10:04"
D,METER_DATA,GEN_DUID,1,"2015/12/17 15:15:00",CATHROCK,3.88,"2015/12/17 15:10:04"
D,METER_DATA,GEN_DUID,1,"2015/12/17 15:15:00",CHALLHWF,1,"2015/12/17 15:10:04"
D,METER_DATA,GEN_DUID,1,"2015/12/17 15:15:00",CLOVER,11.94,"2015/12/17 15:10:04"
D,METER_DATA,GEN_DUID,1,"2015/12/17 15:15:00",CLUNY,8.088140,"2015/12/17 15:10:04"
D,METER_DATA,GEN_DUID,1,"2015/12/17 15:15:00",CNUNDAWF,8.409810,"2015/12/17 15:10:04"
D,METER_DATA,GEN_DUID,1,"2015/12/17 15:15:00",CULLRGWF,0,"2015/12/17 15:10:04"
D,METER_DATA,GEN_DUID,1,"2015/12/17 15:15:00",ERGT01,0,"2015/12/17 15:10:04"
D,METER_DATA,GEN_DUID,1,"2015/12/17 15:15:00",GB01,0.222435,"2015/12/17 15:10:04"
D,METER_DATA,GEN_DUID,1,"2015/12/17 15:15:00",GERMCRK,33.900002,"2015/12/17 15:10:04"
D,METER_DATA,GEN_DUID,1,"2015/12/17 15:15:00",INVICTA,0,"2015/12/17 15:10:04"
D,METER_DATA,GEN_DUID,1,"2015/12/17 15:15:00",LKBONNY1,18.576347,"2015/12/17 15:10:04"
D,METER_DATA,GEN_DUID,1,"2015/12/17 15:15:00",MBAHNTH,1.893751,"2015/12/17 15:10:04"
D,METER_DATA,GEN_DUID,1,"2015/12/17 15:15:00",MLWF1,1.0050,"2015/12/17 15:10:04"
D,METER_DATA,GEN_DUID,1,"2015/12/17 15:15:00",MTMILLAR,10.901522,"2015/12/17 15:10:04"
D,METER_DATA,GEN_DUID,1,"2015/12/17 15:15:00",PALOONA,8.76,"2015/12/17 15:10:04"
D,METER_DATA,GEN_DUID,1,"2015/12/17 15:15:00",PIONEER,0,"2015/12/17 15:10:04"
D,METER_DATA,GEN_DUID,1,"2015/12/17 15:15:00",PORTWF,6.10,"2015/12/17 15:10:04"
D,METER_DATA,GEN_DUID,1,"2015/12/17 15:15:00",REPULSE,13.300389,"2015/12/17 15:10:04"
D,METER_DATA,GEN_DUID,1,"2015/12/17 15:15:00",ROWALLAN,0,"2015/12/17 15:10:04"
D,METER_DATA,GEN_DUID,1,"2015/12/17 15:15:00",RPCG,10,"2015/12/17 15:10:04"
D,METER_DATA,GEN_DUID,1,"2015/12/17 15:15:00",RUBICON,0,"2015/12/17 15:10:04"
D,METER_DATA,GEN_DUID,1,"2015/12/17 15:15:00",STARHLWF,0.299913,"2015/12/17 15:10:04"
D,METER_DATA,GEN_DUID,1,"2015/12/17 15:15:00",WAUBRAWF,5.9590,"2015/12/17 15:10:04"
D,METER_DATA,GEN_DUID,1,"2015/12/17 15:15:00",WOOLNTH1,68.380020,"2015/12/17 15:10:04"
D,METER_DATA,GEN_DUID,1,"2015/12/17 15:15:00",WPWF,8,"2015/12/17 15:10:04"
D,METER_DATA,GEN_DUID,1,"2015/12/17 15:15:00",YAMBUKWF,1.60,"2015/12/17 15:10:04"
D,METER_DATA,GEN_DUID,1,"2015/12/17 15:20:00",ANGAS1,28.161591,"2015/12/17 15:15:04"
D,METER_DATA,GEN_DUID,1,"2015/12/17 15:20:00",ANGAS2,9.293584,"2015/12/17 15:15:04"
D,METER_DATA,GEN_DUID,1,"2015/12/17 15:20:00",BUTLERSG,-0.000002,"2015/12/17 15:15:04"
D,METER_DATA,GEN_DUID,1,"2015/12/17 15:20:00",CALL_A_4,0,"2015/12/17 15:15:04"
D,METER_DATA,GEN_DUID,1,"2015/12/17 15:20:00",CAPTL_WF,0,"2015/12/17 15:15:04"
D,METER_DATA,GEN_DUID,1,"2015/12/17 15:20:00",CATHROCK,3.75,"2015/12/17 15:15:04"
D,METER_DATA,GEN_DUID,1,"2015/12/17 15:20:00",CHALLHWF,2.20,"2015/12/17 15:15:04"
D,METER_DATA,GEN_DUID,1,"2015/12/17 15:20:00",CLOVER,12.20,"2015/12/17 15:15:04"
D,METER_DATA,GEN_DUID,1,"2015/12/17 15:20:00",CLUNY,8.359651,"2015/12/17 15:15:04"
D,METER_DATA,GEN_DUID,1,"2015/12/17 15:20:00",CNUNDAWF,7.708993,"2015/12/17 15:15:04"
D,METER_DATA,GEN_DUID,1,"2015/12/17 15:20:00",CULLRGWF,0,"2015/12/17 15:15:04"
D,METER_DATA,GEN_DUID,1,"2015/12/17 15:20:00",ERGT01,0,"2015/12/17 15:15:04"
D,METER_DATA,GEN_DUID,1,"2015/12/17 15:20:00",GB01,0.222435,"2015/12/17 15:15:04"
D,METER_DATA,GEN_DUID,1,"2015/12/17 15:20:00",GERMCRK,34.400002,"2015/12/17 15:15:04"
D,METER_DATA,GEN_DUID,1,"2015/12/17 15:20:00",INVICTA,0,"2015/12/17 15:15:04"
D,METER_DATA,GEN_DUID,1,"2015/12/17 15:20:00",LKBONNY1,19.558750,"2015/12/17 15:15:04"
D,METER_DATA,GEN_DUID,1,"2015/12/17 15:20:00",MBAHNTH,1.893751,"2015/12/17 15:15:04"
D,METER_DATA,GEN_DUID,1,"2015/12/17 15:20:00",MLWF1,1.3050,"2015/12/17 15:15:04"
D,METER_DATA,GEN_DUID,1,"2015/12/17 15:20:00",MTMILLAR,10.216921,"2015/12/17 15:15:04"
D,METER_DATA,GEN_DUID,1,"2015/12/17 15:20:00",PALOONA,8.67,"2015/12/17 15:15:04"
D,METER_DATA,GEN_DUID,1,"2015/12/17 15:20:00",PIONEER,0,"2015/12/17 15:15:04"
D,METER_DATA,GEN_DUID,1,"2015/12/17 15:20:00",PORTWF,6.80,"2015/12/17 15:15:04"
D,METER_DATA,GEN_DUID,1,"2015/12/17 15:20:00",REPULSE,13.319445,"2015/12/17 15:15:04"
D,METER_DATA,GEN_DUID,1,"2015/12/17 15:20:00",ROWALLAN,0,"2015/12/17 15:15:04"
D,METER_DATA,GEN_DUID,1,"2015/12/17 15:20:00",RPCG,10,"2015/12/17 15:15:04"
D,METER_DATA,GEN_DUID,1,"2015/12/17 15:20:00",RUBICON,0,"2015/12/17 15:15:04"
D,METER_DATA,GEN_DUID,1,"2015/12/17 15:20:00",STARHLWF,0.399883,"2015/12/17 15:15:04"
D,METER_DATA,GEN_DUID,1,"2015/12/17 15:20:00",WAUBRAWF,3.5850,"2015/12/17 15:15:04"
D,METER_DATA,GEN_DUID,1,"2015/12/17 15:20:00",WOOLNTH1,68.370018,"2015/12/17 15:15:04"
D,METER_DATA,GEN_DUID,1,"2015/12/17 15:20:00",WPWF,8,"2015/12/17 15:15:04"
D,METER_DATA,GEN_DUID,1,"2015/12/17 15:20:00",YAMBUKWF,2.20,"2015/12/17 15:15:04"
D,METER_DATA,GEN_DUID,1,"2015/12/17 15:25:00",ANGAS1,27.176497,"2015/12/17 15:20:04"
D,METER_DATA,GEN_DUID,1,"2015/12/17 15:25:00",ANGAS2,9.284943,"2015/12/17 15:20:04"
D,METER_DATA,GEN_DUID,1,"2015/12/17 15:25:00",BUTLERSG,-0.000002,"2015/12/17 15:20:04"
D,METER_DATA,GEN_DUID,1,"2015/12/17 15:25:00",CALL_A_4,0,"2015/12/17 15:20:04"
D,METER_DATA,GEN_DUID,1,"2015/12/17 15:25:00",CAPTL_WF,0,"2015/12/17 15:20:04"
D,METER_DATA,GEN_DUID,1,"2015/12/17 15:25:00",CATHROCK,4.52,"2015/12/17 15:20:04"
D,METER_DATA,GEN_DUID,1,"2015/12/17 15:25:00",CHALLHWF,2.80,"2015/12/17 15:20:04"
D,METER_DATA,GEN_DUID,1,"2015/12/17 15:25:00",CLOVER,12.25,"2015/12/17 15:20:04"
D,METER_DATA,GEN_DUID,1,"2015/12/17 15:25:00",CLUNY,8.331070,"2015/12/17 15:20:04"
D,METER_DATA,GEN_DUID,1,"2015/12/17 15:25:00",CNUNDAWF,9.310862,"2015/12/17 15:20:04"
D,METER_DATA,GEN_DUID,1,"2015/12/17 15:25:00",CULLRGWF,0,"2015/12/17 15:20:04"
D,METER_DATA,GEN_DUID,1,"2015/12/17 15:25:00",ERGT01,0,"2015/12/17 15:20:04"
D,METER_DATA,GEN_DUID,1,"2015/12/17 15:25:00",GB01,0.222435,"2015/12/17 15:20:04"
D,METER_DATA,GEN_DUID,1,"2015/12/17 15:25:00",GERMCRK,33.299999,"2015/12/17 15:20:04"
D,METER_DATA,GEN_DUID,1,"2015/12/17 15:25:00",INVICTA,0,"2015/12/17 15:20:04"
D,METER_DATA,GEN_DUID,1,"2015/12/17 15:25:00",LKBONNY1,20.719772,"2015/12/17 15:20:04"
D,METER_DATA,GEN_DUID,1,"2015/12/17 15:25:00",MBAHNTH,1.893751,"2015/12/17 15:20:04"
D,METER_DATA,GEN_DUID,1,"2015/12/17 15:25:00",MLWF1,1.3650,"2015/12/17 15:20:04"
D,METER_DATA,GEN_DUID,1,"2015/12/17 15:25:00",MTMILLAR,9.7630,"2015/12/17 15:20:04"
D,METER_DATA,GEN_DUID,1,"2015/12/17 15:25:00",PALOONA,8.76,"2015/12/17 15:20:04"
D,METER_DATA,GEN_DUID,1,"2015/12/17 15:25:00",PIONEER,0,"2015/12/17 15:20:04"
D,METER_DATA,GEN_DUID,1,"2015/12/17 15:25:00",PORTWF,7.50,"2015/12/17 15:20:04"
D,METER_DATA,GEN_DUID,1,"2015/12/17 15:25:00",REPULSE,13.243225,"2015/12/17 15:20:04"
D,METER_DATA,GEN_DUID,1,"2015/12/17 15:25:00",ROWALLAN,0,"2015/12/17 15:20:04"
D,METER_DATA,GEN_DUID,1,"2015/12/17 15:25:00",RPCG,10,"2015/12/17 15:20:04"
D,METER_DATA,GEN_DUID,1,"2015/12/17 15:25:00",RUBICON,0,"2015/12/17 15:20:04"
D,METER_DATA,GEN_DUID,1,"2015/12/17 15:25:00",STARHLWF,0.799767,"2015/12/17 15:20:04"
D,METER_DATA,GEN_DUID,1,"2015/12/17 15:25:00",WAUBRAWF,5.8740,"2015/12/17 15:20:04"
D,METER_DATA,GEN_DUID,1,"2015/12/17 15:25:00",WOOLNTH1,62.070015,"2015/12/17 15:20:04"
D,METER_DATA,GEN_DUID,1,"2015/12/17 15:25:00",WPWF,8,"2015/12/17 15:20:04"
D,METER_DATA,GEN_DUID,1,"2015/12/17 15:25:00",YAMBUKWF,2.40,"2015/12/17 15:20:04"
D,METER_DATA,GEN_DUID,1,"2015/12/17 15:30:00",ANGAS1,28.256643,"2015/12/17 15:25:05"
D,METER_DATA,GEN_DUID,1,"2015/12/17 15:30:00",ANGAS2,9.233096,"2015/12/17 15:25:05"
D,METER_DATA,GEN_DUID,1,"2015/12/17 15:30:00",BUTLERSG,-0.000002,"2015/12/17 15:25:05"
D,METER_DATA,GEN_DUID,1,"2015/12/17 15:30:00",CALL_A_4,0,"2015/12/17 15:25:05"
D,METER_DATA,GEN_DUID,1,"2015/12/17 15:30:00",CAPTL_WF,0,"2015/12/17 15:25:05"
D,METER_DATA,GEN_DUID,1,"2015/12/17 15:30:00",CATHROCK,4.05,"2015/12/17 15:25:05"
D,METER_DATA,GEN_DUID,1,"2015/12/17 15:30:00",CHALLHWF,1.60,"2015/12/17 15:25:05"
D,METER_DATA,GEN_DUID,1,"2015/12/17 15:30:00",CLOVER,11.93,"2015/12/17 15:25:05"
D,METER_DATA,GEN_DUID,1,"2015/12/17 15:30:00",CLUNY,8.259620,"2015/12/17 15:25:05"
D,METER_DATA,GEN_DUID,1,"2015/12/17 15:30:00",CNUNDAWF,13.916233,"2015/12/17 15:25:05"
D,METER_DATA,GEN_DUID,1,"2015/12/17 15:30:00",CULLRGWF,0,"2015/12/17 15:25:05"
D,METER_DATA,GEN_DUID,1,"2015/12/17 15:30:00",ERGT01,0,"2015/12/17 15:25:05"
D,METER_DATA,GEN_DUID,1,"2015/12/17 15:30:00",GB01,0.222435,"2015/12/17 15:25:05"
D,METER_DATA,GEN_DUID,1,"2015/12/17 15:30:00",GERMCRK,34.299999,"2015/12/17 15:25:05"
D,METER_DATA,GEN_DUID,1,"2015/12/17 15:30:00",INVICTA,0,"2015/12/17 15:25:05"
D,METER_DATA,GEN_DUID,1,"2015/12/17 15:30:00",LKBONNY1,24.649384,"2015/12/17 15:25:05"
D,METER_DATA,GEN_DUID,1,"2015/12/17 15:30:00",MBAHNTH,1.893751,"2015/12/17 15:25:05"
D,METER_DATA,GEN_DUID,1,"2015/12/17 15:30:00",MLWF1,1.7250,"2015/12/17 15:25:05"
D,METER_DATA,GEN_DUID,1,"2015/12/17 15:30:00",MTMILLAR,9.822531,"2015/12/17 15:25:05"
D,METER_DATA,GEN_DUID,1,"2015/12/17 15:30:00",PALOONA,8.76,"2015/12/17 15:25:05"
D,METER_DATA,GEN_DUID,1,"2015/12/17 15:30:00",PIONEER,0,"2015/12/17 15:25:05"
D,METER_DATA,GEN_DUID,1,"2015/12/17 15:30:00",PORTWF,9,"2015/12/17 15:25:05"
D,METER_DATA,GEN_DUID,1,"2015/12/17 15:30:00",REPULSE,12.976455,"2015/12/17 15:25:05"
D,METER_DATA,GEN_DUID,1,"2015/12/17 15:30:00",ROWALLAN,0,"2015/12/17 15:25:05"
D,METER_DATA,GEN_DUID,1,"2015/12/17 15:30:00",RPCG,10,"2015/12/17 15:25:05"
D,METER_DATA,GEN_DUID,1,"2015/12/17 15:30:00",RUBICON,0,"2015/12/17 15:25:05"
D,METER_DATA,GEN_DUID,1,"2015/12/17 15:30:00",STARHLWF,0.799767,"2015/12/17 15:25:05"
D,METER_DATA,GEN_DUID,1,"2015/12/17 15:30:00",WAUBRAWF,7.0280,"2015/12/17 15:25:05"
D,METER_DATA,GEN_DUID,1,"2015/12/17 15:30:00",WOOLNTH1,60.070019,"2015/12/17 15:25:05"
D,METER_DATA,GEN_DUID,1,"2015/12/17 15:30:00",WPWF,9,"2015/12/17 15:25:05"
D,METER_DATA,GEN_DUID,1,"2015/12/17 15:30:00",YAMBUKWF,2.30,"2015/12/17 15:25:05"
D,METER_DATA,GEN_DUID,1,"2015/12/17 15:35:00",ANGAS1,27.586952,"2015/12/17 15:30:04"
D,METER_DATA,GEN_DUID,1,"2015/12/17 15:35:00",ANGAS2,9.315187,"2015/12/17 15:30:04"
D,METER_DATA,GEN_DUID,1,"2015/12/17 15:35:00",BUTLERSG,-0.000002,"2015/12/17 15:30:04"
D,METER_DATA,GEN_DUID,1,"2015/12/17 15:35:00",CALL_A_4,0,"2015/12/17 15:30:04"
D,METER_DATA,GEN_DUID,1,"2015/12/17 15:35:00",CAPTL_WF,0,"2015/12/17 15:30:04"
D,METER_DATA,GEN_DUID,1,"2015/12/17 15:35:00",CATHROCK,5.08,"2015/12/17 15:30:04"
D,METER_DATA,GEN_DUID,1,"2015/12/17 15:35:00",CHALLHWF,0,"2015/12/17 15:30:04"
D,METER_DATA,GEN_DUID,1,"2015/12/17 15:35:00",CLOVER,10.059999,"2015/12/17 15:30:04"
D,METER_DATA,GEN_DUID,1,"2015/12/17 15:35:00",CLUNY,8.402520,"2015/12/17 15:30:04"
D,METER_DATA,GEN_DUID,1,"2015/12/17 15:35:00",CNUNDAWF,17.420322,"2015/12/17 15:30:04"
D,METER_DATA,GEN_DUID,1,"2015/12/17 15:35:00",CULLRGWF,0,"2015/12/17 15:30:04"
D,METER_DATA,GEN_DUID,1,"2015/12/17 15:35:00",ERGT01,0,"2015/12/17 15:30:04"
D,METER_DATA,GEN_DUID,1,"2015/12/17 15:35:00",GB01,0.222435,"2015/12/17 15:30:04"
D,METER_DATA,GEN_DUID,1,"2015/12/17 15:35:00",GERMCRK,33.299999,"2015/12/17 15:30:04"
D,METER_DATA,GEN_DUID,1,"2015/12/17 15:35:00",INVICTA,0,"2015/12/17 15:30:04"
D,METER_DATA,GEN_DUID,1,"2015/12/17 15:35:00",LKBONNY1,34.473415,"2015/12/17 15:30:04"
D,METER_DATA,GEN_DUID,1,"2015/12/17 15:35:00",MBAHNTH,1.893751,"2015/12/17 15:30:04"
D,METER_DATA,GEN_DUID,1,"2015/12/17 15:35:00",MLWF1,1.3050,"2015/12/17 15:30:04"
D,METER_DATA,GEN_DUID,1,"2015/12/17 15:35:00",MTMILLAR,10.202038,"2015/12/17 15:30:04"
D,METER_DATA,GEN_DUID,1,"2015/12/17 15:35:00",PALOONA,8.76,"2015/12/17 15:30:04"
D,METER_DATA,GEN_DUID,1,"2015/12/17 15:35:00",PIONEER,0,"2015/12/17 15:30:04"
D,METER_DATA,GEN_DUID,1,"2015/12/17 15:35:00",PORTWF,9.80,"2015/12/17 15:30:04"
D,METER_DATA,GEN_DUID,1,"2015/12/17 15:35:00",REPULSE,13.243225,"2015/12/17 15:30:04"
D,METER_DATA,GEN_DUID,1,"2015/12/17 15:35:00",ROWALLAN,0,"2015/12/17 15:30:04"
D,METER_DATA,GEN_DUID,1,"2015/12/17 15:35:00",RPCG,10,"2015/12/17 15:30:04"
D,METER_DATA,GEN_DUID,1,"2015/12/17 15:35:00",RUBICON,0,"2015/12/17 15:30:04"
D,METER_DATA,GEN_DUID,1,"2015/12/17 15:35:00",STARHLWF,0.399883,"2015/12/17 15:30:04"
D,METER_DATA,GEN_DUID,1,"2015/12/17 15:35:00",WAUBRAWF,6.0550,"2015/12/17 15:30:04"
D,METER_DATA,GEN_DUID,1,"2015/12/17 15:35:00",WOOLNTH1,57.900017,"2015/12/17 15:30:04"
D,METER_DATA,GEN_DUID,1,"2015/12/17 15:35:00",WPWF,9,"2015/12/17 15:30:04"
D,METER_DATA,GEN_DUID,1,"2015/12/17 15:35:00",YAMBUKWF,2.70,"2015/12/17 15:30:04"
D,METER_DATA,GEN_DUID,1,"2015/12/17 15:40:00",ANGAS1,28.165911,"2015/12/17 15:35:05"
D,METER_DATA,GEN_DUID,1,"2015/12/17 15:40:00",ANGAS2,9.289264,"2015/12/17 15:35:05"
D,METER_DATA,GEN_DUID,1,"2015/12/17 15:40:00",BUTLERSG,-0.000002,"2015/12/17 15:35:05"
D,METER_DATA,GEN_DUID,1,"2015/12/17 15:40:00",CALL_A_4,0,"2015/12/17 15:35:05"
D,METER_DATA,GEN_DUID,1,"2015/12/17 15:40:00",CAPTL_WF,0,"2015/12/17 15:35:05"
D,METER_DATA,GEN_DUID,1,"2015/12/17 15:40:00",CATHROCK,4.81,"2015/12/17 15:35:05"
D,METER_DATA,GEN_DUID,1,"2015/12/17 15:40:00",CHALLHWF,2.90,"2015/12/17 15:35:05"
D,METER_DATA,GEN_DUID,1,"2015/12/17 15:40:00",CLOVER,9.96,"2015/12/17 15:35:05"
D,METER_DATA,GEN_DUID,1,"2015/12/17 15:40:00",CLUNY,8.073851,"2015/12/17 15:35:05"
D,METER_DATA,GEN_DUID,1,"2015/12/17 15:40:00",CNUNDAWF,14.617051,"2015/12/17 15:35:05"
D,METER_DATA,GEN_DUID,1,"2015/12/17 15:40:00",CULLRGWF,0,"2015/12/17 15:35:05"
D,METER_DATA,GEN_DUID,1,"2015/12/17 15:40:00",ERGT01,0,"2015/12/17 15:35:05"
D,METER_DATA,GEN_DUID,1,"2015/12/17 15:40:00",GB01,0.222435,"2015/12/17 15:35:05"
D,METER_DATA,GEN_DUID,1,"2015/12/17 15:40:00",GERMCRK,32.900002,"2015/12/17 15:35:05"
D,METER_DATA,GEN_DUID,1,"2015/12/17 15:40:00",INVICTA,0,"2015/12/17 15:35:05"
D,METER_DATA,GEN_DUID,1,"2015/12/17 15:40:00",LKBONNY1,32.240681,"2015/12/17 15:35:05"
D,METER_DATA,GEN_DUID,1,"2015/12/17 15:40:00",MBAHNTH,1.893751,"2015/12/17 15:35:05"
D,METER_DATA,GEN_DUID,1,"2015/12/17 15:40:00",MLWF1,1.35,"2015/12/17 15:35:05"
D,METER_DATA,GEN_DUID,1,"2015/12/17 15:40:00",MTMILLAR,10.931287,"2015/12/17 15:35:05"
D,METER_DATA,GEN_DUID,1,"2015/12/17 15:40:00",PALOONA,8.95,"2015/12/17 15:35:05"
D,METER_DATA,GEN_DUID,1,"2015/12/17 15:40:00",PIONEER,0,"2015/12/17 15:35:05"
D,METER_DATA,GEN_DUID,1,"2015/12/17 15:40:00",PORTWF,10.70,"2015/12/17 15:35:05"
D,METER_DATA,GEN_DUID,1,"2015/12/17 15:40:00",REPULSE,12.461969,"2015/12/17 15:35:05"
D,METER_DATA,GEN_DUID,1,"2015/12/17 15:40:00",ROWALLAN,0,"2015/12/17 15:35:05"
D,METER_DATA,GEN_DUID,1,"2015/12/17 15:40:00",RPCG,10,"2015/12/17 15:35:05"
D,METER_DATA,GEN_DUID,1,"2015/12/17 15:40:00",RUBICON,0,"2015/12/17 15:35:05"
D,METER_DATA,GEN_DUID,1,"2015/12/17 15:40:00",STARHLWF,0.399883,"2015/12/17 15:35:05"
D,METER_DATA,GEN_DUID,1,"2015/12/17 15:40:00",WAUBRAWF,6.9030,"2015/12/17 15:35:05"
D,METER_DATA,GEN_DUID,1,"2015/12/17 15:40:00",WOOLNTH1,56.930019,"2015/12/17 15:35:05"
D,METER_DATA,GEN_DUID,1,"2015/12/17 15:40:00",WPWF,10,"2015/12/17 15:35:05"
D,METER_DATA,GEN_DUID,1,"2015/12/17 15:40:00",YAMBUKWF,3.10,"2015/12/17 15:35:05"
D,METER_DATA,GEN_DUID,1,"2015/12/17 15:45:00",ANGAS1,28.144308,"2015/12/17 15:40:05"
D,METER_DATA,GEN_DUID,1,"2015/12/17 15:45:00",ANGAS2,9.250378,"2015/12/17 15:40:05"
D,METER_DATA,GEN_DUID,1,"2015/12/17 15:45:00",BUTLERSG,-0.000002,"2015/12/17 15:40:05"
D,METER_DATA,GEN_DUID,1,"2015/12/17 15:45:00",CALL_A_4,0,"2015/12/17 15:40:05"
D,METER_DATA,GEN_DUID,1,"2015/12/17 15:45:00",CAPTL_WF,0,"2015/12/17 15:40:05"
D,METER_DATA,GEN_DUID,1,"2015/12/17 15:45:00",CATHROCK,5.16,"2015/12/17 15:40:05"
D,METER_DATA,GEN_DUID,1,"2015/12/17 15:45:00",CHALLHWF,2.50,"2015/12/17 15:40:05"
D,METER_DATA,GEN_DUID,1,"2015/12/17 15:45:00",CLOVER,8.24,"2015/12/17 15:40:05"
D,METER_DATA,GEN_DUID,1,"2015/12/17 15:45:00",CLUNY,8.159590,"2015/12/17 15:40:05"
D,METER_DATA,GEN_DUID,1,"2015/12/17 15:45:00",CNUNDAWF,13.1153,"2015/12/17 15:40:05"
D,METER_DATA,GEN_DUID,1,"2015/12/17 15:45:00",CULLRGWF,0,"2015/12/17 15:40:05"
D,METER_DATA,GEN_DUID,1,"2015/12/17 15:45:00",ERGT01,0,"2015/12/17 15:40:05"
D,METER_DATA,GEN_DUID,1,"2015/12/17 15:45:00",GB01,0.222435,"2015/12/17 15:40:05"
D,METER_DATA,GEN_DUID,1,"2015/12/17 15:45:00",GERMCRK,31,"2015/12/17 15:40:05"
D,METER_DATA,GEN_DUID,1,"2015/12/17 15:45:00",INVICTA,0,"2015/12/17 15:40:05"
D,METER_DATA,GEN_DUID,1,"2015/12/17 15:45:00",LKBONNY1,32.062061,"2015/12/17 15:40:05"
D,METER_DATA,GEN_DUID,1,"2015/12/17 15:45:00",MBAHNTH,1.893751,"2015/12/17 15:40:05"
D,METER_DATA,GEN_DUID,1,"2015/12/17 15:45:00",MLWF1,1.3650,"2015/12/17 15:40:05"
D,METER_DATA,GEN_DUID,1,"2015/12/17 15:45:00",MTMILLAR,10.239244,"2015/12/17 15:40:05"
D,METER_DATA,GEN_DUID,1,"2015/12/17 15:45:00",PALOONA,8.73,"2015/12/17 15:40:05"
D,METER_DATA,GEN_DUID,1,"2015/12/17 15:45:00",PIONEER,0,"2015/12/17 15:40:05"
D,METER_DATA,GEN_DUID,1,"2015/12/17 15:45:00",PORTWF,11,"2015/12/17 15:40:05"
D,METER_DATA,GEN_DUID,1,"2015/12/17 15:45:00",REPULSE,13.147950,"2015/12/17 15:40:05"
D,METER_DATA,GEN_DUID,1,"2015/12/17 15:45:00",ROWALLAN,0,"2015/12/17 15:40:05"
D,METER_DATA,GEN_DUID,1,"2015/12/17 15:45:00",RPCG,8.70,"2015/12/17 15:40:05"
D,METER_DATA,GEN_DUID,1,"2015/12/17 15:45:00",RUBICON,0,"2015/12/17 15:40:05"
D,METER_DATA,GEN_DUID,1,"2015/12/17 15:45:00",STARHLWF,0.399883,"2015/12/17 15:40:05"
D,METER_DATA,GEN_DUID,1,"2015/12/17 15:45:00",WAUBRAWF,3.37,"2015/12/17 15:40:05"
D,METER_DATA,GEN_DUID,1,"2015/12/17 15:45:00",WOOLNTH1,48.040016,"2015/12/17 15:40:05"
D,METER_DATA,GEN_DUID,1,"2015/12/17 15:45:00",WPWF,11,"2015/12/17 15:40:05"
D,METER_DATA,GEN_DUID,1,"2015/12/17 15:45:00",YAMBUKWF,3.20,"2015/12/17 15:40:05"
D,METER_DATA,GEN_DUID,1,"2015/12/17 15:50:00",ANGAS1,28.200476,"2015/12/17 15:45:04"
D,METER_DATA,GEN_DUID,1,"2015/12/17 15:50:00",ANGAS2,9.341110,"2015/12/17 15:45:04"
D,METER_DATA,GEN_DUID,1,"2015/12/17 15:50:00",BUTLERSG,-0.000002,"2015/12/17 15:45:04"
D,METER_DATA,GEN_DUID,1,"2015/12/17 15:50:00",CALL_A_4,0,"2015/12/17 15:45:04"
D,METER_DATA,GEN_DUID,1,"2015/12/17 15:50:00",CAPTL_WF,0,"2015/12/17 15:45:04"
D,METER_DATA,GEN_DUID,1,"2015/12/17 15:50:00",CATHROCK,6.039999,"2015/12/17 15:45:04"
D,METER_DATA,GEN_DUID,1,"2015/12/17 15:50:00",CHALLHWF,2.60,"2015/12/17 15:45:04"
D,METER_DATA,GEN_DUID,1,"2015/12/17 15:50:00",CLOVER,8.44,"2015/12/17 15:45:04"
D,METER_DATA,GEN_DUID,1,"2015/12/17 15:50:00",CLUNY,8.316780,"2015/12/17 15:45:04"
D,METER_DATA,GEN_DUID,1,"2015/12/17 15:50:00",CNUNDAWF,10.011679,"2015/12/17 15:45:04"
D,METER_DATA,GEN_DUID,1,"2015/12/17 15:50:00",CULLRGWF,0,"2015/12/17 15:45:04"
D,METER_DATA,GEN_DUID,1,"2015/12/17 15:50:00",ERGT01,0,"2015/12/17 15:45:04"
D,METER_DATA,GEN_DUID,1,"2015/12/17 15:50:00",GB01,0.222435,"2015/12/17 15:45:04"
D,METER_DATA,GEN_DUID,1,"2015/12/17 15:50:00",GERMCRK,31.700001,"2015/12/17 15:45:04"
D,METER_DATA,GEN_DUID,1,"2015/12/17 15:50:00",INVICTA,0,"2015/12/17 15:45:04"
D,METER_DATA,GEN_DUID,1,"2015/12/17 15:50:00",LKBONNY1,26.882118,"2015/12/17 15:45:04"
D,METER_DATA,GEN_DUID,1,"2015/12/17 15:50:00",MBAHNTH,1.893751,"2015/12/17 15:45:04"
D,METER_DATA,GEN_DUID,1,"2015/12/17 15:50:00",MLWF1,0.6450,"2015/12/17 15:45:04"
D,METER_DATA,GEN_DUID,1,"2015/12/17 15:50:00",MTMILLAR,10.231803,"2015/12/17 15:45:04"
D,METER_DATA,GEN_DUID,1,"2015/12/17 15:50:00",PALOONA,8.84,"2015/12/17 15:45:04"
D,METER_DATA,GEN_DUID,1,"2015/12/17 15:50:00",PIONEER,0,"2015/12/17 15:45:04"
D,METER_DATA,GEN_DUID,1,"2015/12/17 15:50:00",PORTWF,11.60,"2015/12/17 15:45:04"
D,METER_DATA,GEN_DUID,1,"2015/12/17 15:50:00",REPULSE,13.357554,"2015/12/17 15:45:04"
D,METER_DATA,GEN_DUID,1,"2015/12/17 15:50:00",ROWALLAN,0,"2015/12/17 15:45:04"
D,METER_DATA,GEN_DUID,1,"2015/12/17 15:50:00",RPCG,9.80,"2015/12/17 15:45:04"
D,METER_DATA,GEN_DUID,1,"2015/12/17 15:50:00",RUBICON,0,"2015/12/17 15:45:04"
D,METER_DATA,GEN_DUID,1,"2015/12/17 15:50:00",STARHLWF,0.399883,"2015/12/17 15:45:04"
D,METER_DATA,GEN_DUID,1,"2015/12/17 15:50:00",WAUBRAWF,0.5470,"2015/12/17 15:45:04"
D,METER_DATA,GEN_DUID,1,"2015/12/17 15:50:00",WOOLNTH1,46.210014,"2015/12/17 15:45:04"
D,METER_DATA,GEN_DUID,1,"2015/12/17 15:50:00",WPWF,10,"2015/12/17 15:45:04"
D,METER_DATA,GEN_DUID,1,"2015/12/17 15:50:00",YAMBUKWF,3.70,"2015/12/17 15:45:04"
D,METER_DATA,GEN_DUID,1,"2015/12/17 15:55:00",ANGAS1,28.139988,"2015/12/17 15:50:04"
D,METER_DATA,GEN_DUID,1,"2015/12/17 15:55:00",ANGAS2,9.323828,"2015/12/17 15:50:04"
D,METER_DATA,GEN_DUID,1,"2015/12/17 15:55:00",BUTLERSG,-0.000002,"2015/12/17 15:50:04"
D,METER_DATA,GEN_DUID,1,"2015/12/17 15:55:00",CALL_A_4,0,"2015/12/17 15:50:04"
D,METER_DATA,GEN_DUID,1,"2015/12/17 15:55:00",CAPTL_WF,0,"2015/12/17 15:50:04"
D,METER_DATA,GEN_DUID,1,"2015/12/17 15:55:00",CATHROCK,5.39,"2015/12/17 15:50:04"
D,METER_DATA,GEN_DUID,1,"2015/12/17 15:55:00",CHALLHWF,3,"2015/12/17 15:50:04"
D,METER_DATA,GEN_DUID,1,"2015/12/17 15:55:00",CLOVER,8.51,"2015/12/17 15:50:04"
D,METER_DATA,GEN_DUID,1,"2015/12/17 15:55:00",CLUNY,8.259620,"2015/12/17 15:50:04"
D,METER_DATA,GEN_DUID,1,"2015/12/17 15:55:00",CNUNDAWF,8.409811,"2015/12/17 15:50:04"
D,METER_DATA,GEN_DUID,1,"2015/12/17 15:55:00",CULLRGWF,0,"2015/12/17 15:50:04"
D,METER_DATA,GEN_DUID,1,"2015/12/17 15:55:00",ERGT01,0,"2015/12/17 15:50:04"
D,METER_DATA,GEN_DUID,1,"2015/12/17 15:55:00",GB01,0.222435,"2015/12/17 15:50:04"
D,METER_DATA,GEN_DUID,1,"2015/12/17 15:55:00",GERMCRK,30.50,"2015/12/17 15:50:04"
D,METER_DATA,GEN_DUID,1,"2015/12/17 15:55:00",INVICTA,0,"2015/12/17 15:50:04"
D,METER_DATA,GEN_DUID,1,"2015/12/17 15:55:00",LKBONNY1,24.828003,"2015/12/17 15:50:04"
D,METER_DATA,GEN_DUID,1,"2015/12/17 15:55:00",MBAHNTH,1.893751,"2015/12/17 15:50:04"
D,METER_DATA,GEN_DUID,1,"2015/12/17 15:55:00",MLWF1,0.8850,"2015/12/17 15:50:04"
D,METER_DATA,GEN_DUID,1,"2015/12/17 15:55:00",PALOONA,8.84,"2015/12/17 15:50:04"
D,METER_DATA,GEN_DUID,1,"2015/12/17 15:55:00",PIONEER,0,"2015/12/17 15:50:04"
D,METER_DATA,GEN_DUID,1,"2015/12/17 15:55:00",PORTWF,13.40,"2015/12/17 15:50:04"
D,METER_DATA,GEN_DUID,1,"2015/12/17 15:55:00",REPULSE,12.652520,"2015/12/17 15:50:04"
D,METER_DATA,GEN_DUID,1,"2015/12/17 15:55:00",ROWALLAN,0,"2015/12/17 15:50:04"
D,METER_DATA,GEN_DUID,1,"2015/12/17 15:55:00",RPCG,9.80,"2015/12/17 15:50:04"
D,METER_DATA,GEN_DUID,1,"2015/12/17 15:55:00",RUBICON,0,"2015/12/17 15:50:04"
D,METER_DATA,GEN_DUID,1,"2015/12/17 15:55:00",STARHLWF,0.299913,"2015/12/17 15:50:04"
D,METER_DATA,GEN_DUID,1,"2015/12/17 15:55:00",WAUBRAWF,0.8450,"2015/12/17 15:50:04"
D,METER_DATA,GEN_DUID,1,"2015/12/17 15:55:00",WOOLNTH1,48.450020,"2015/12/17 15:50:04"
D,METER_DATA,GEN_DUID,1,"2015/12/17 15:55:00",WPWF,12,"2015/12/17 15:50:04"
D,METER_DATA,GEN_DUID,1,"2015/12/17 15:55:00",YAMBUKWF,3.90,"2015/12/17 15:50:04"
D,METER_DATA,GEN_DUID,1,"2015/12/17 16:00:00",ANGAS1,28.265284,"2015/12/17 15:55:04"
D,METER_DATA,GEN_DUID,1,"2015/12/17 16:00:00",ANGAS2,9.021387,"2015/12/17 15:55:04"
D,METER_DATA,GEN_DUID,1,"2015/12/17 16:00:00",BUTLERSG,-0.000002,"2015/12/17 15:55:04"
D,METER_DATA,GEN_DUID,1,"2015/12/17 16:00:00",CALL_A_4,0,"2015/12/17 15:55:04"
D,METER_DATA,GEN_DUID,1,"2015/12/17 16:00:00",CAPTL_WF,0,"2015/12/17 15:55:04"
D,METER_DATA,GEN_DUID,1,"2015/12/17 16:00:00",CATHROCK,4.32,"2015/12/17 15:55:04"
D,METER_DATA,GEN_DUID,1,"2015/12/17 16:00:00",CHALLHWF,1.50,"2015/12/17 15:55:04"
D,METER_DATA,GEN_DUID,1,"2015/12/17 16:00:00",CLOVER,7.78,"2015/12/17 15:55:04"
D,METER_DATA,GEN_DUID,1,"2015/12/17 16:00:00",CLUNY,7.630860,"2015/12/17 15:55:04"
D,METER_DATA,GEN_DUID,1,"2015/12/17 16:00:00",CNUNDAWF,7.708993,"2015/12/17 15:55:04"
D,METER_DATA,GEN_DUID,1,"2015/12/17 16:00:00",CULLRGWF,0,"2015/12/17 15:55:04"
D,METER_DATA,GEN_DUID,1,"2015/12/17 16:00:00",ERGT01,0,"2015/12/17 15:55:04"
D,METER_DATA,GEN_DUID,1,"2015/12/17 16:00:00",GB01,0.222435,"2015/12/17 15:55:04"
D,METER_DATA,GEN_DUID,1,"2015/12/17 16:00:00",GERMCRK,33,"2015/12/17 15:55:04"
D,METER_DATA,GEN_DUID,1,"2015/12/17 16:00:00",INVICTA,0,"2015/12/17 15:55:04"
D,METER_DATA,GEN_DUID,1,"2015/12/17 16:00:00",LKBONNY1,20.9877,"2015/12/17 15:55:04"
D,METER_DATA,GEN_DUID,1,"2015/12/17 16:00:00",MBAHNTH,1.893751,"2015/12/17 15:55:04"
D,METER_DATA,GEN_DUID,1,"2015/12/17 16:00:00",MLWF1,1.77,"2015/12/17 15:55:04"
D,METER_DATA,GEN_DUID,1,"2015/12/17 16:00:00",PALOONA,8.83,"2015/12/17 15:55:04"
D,METER_DATA,GEN_DUID,1,"2015/12/17 16:00:00",PIONEER,0,"2015/12/17 15:55:04"
D,METER_DATA,GEN_DUID,1,"2015/12/17 16:00:00",PORTWF,16.10,"2015/12/17 15:55:04"
D,METER_DATA,GEN_DUID,1,"2015/12/17 16:00:00",REPULSE,12.824015,"2015/12/17 15:55:04"
D,METER_DATA,GEN_DUID,1,"2015/12/17 16:00:00",ROWALLAN,0,"2015/12/17 15:55:04"
D,METER_DATA,GEN_DUID,1,"2015/12/17 16:00:00",RPCG,9.80,"2015/12/17 15:55:04"
D,METER_DATA,GEN_DUID,1,"2015/12/17 16:00:00",RUBICON,0,"2015/12/17 15:55:04"
D,METER_DATA,GEN_DUID,1,"2015/12/17 16:00:00",STARHLWF,0.299913,"2015/12/17 15:55:04"
D,METER_DATA,GEN_DUID,1,"2015/12/17 16:00:00",WAUBRAWF,2.43,"2015/12/17 15:55:04"
D,METER_DATA,GEN_DUID,1,"2015/12/17 16:00:00",WOOLNTH1,44.940018,"2015/12/17 15:55:04"
D,METER_DATA,GEN_DUID,1,"2015/12/17 16:00:00",WPWF,13,"2015/12/17 15:55:04"
D,METER_DATA,GEN_DUID,1,"2015/12/17 16:00:00",YAMBUKWF,5.10,"2015/12/17 15:55:04"
D,METER_DATA,GEN_DUID,1,"2015/12/17 16:05:00",ANGAS1,-0.190106,"2015/12/17 16:00:04"
D,METER_DATA,GEN_DUID,1,"2015/12/17 16:05:00",ANGAS2,-0.138259,"2015/12/17 16:00:04"
D,METER_DATA,GEN_DUID,1,"2015/12/17 16:05:00",BUTLERSG,-0.000002,"2015/12/17 16:00:04"
D,METER_DATA,GEN_DUID,1,"2015/12/17 16:05:00",CALL_A_4,0,"2015/12/17 16:00:04"
D,METER_DATA,GEN_DUID,1,"2015/12/17 16:05:00",CAPTL_WF,0,"2015/12/17 16:00:04"
D,METER_DATA,GEN_DUID,1,"2015/12/17 16:05:00",CATHROCK,5.15,"2015/12/17 16:00:04"
D,METER_DATA,GEN_DUID,1,"2015/12/17 16:05:00",CHALLHWF,3.50,"2015/12/17 16:00:04"
D,METER_DATA,GEN_DUID,1,"2015/12/17 16:05:00",CLOVER,8.04,"2015/12/17 16:00:04"
D,METER_DATA,GEN_DUID,1,"2015/12/17 16:05:00",CLUNY,7.816630,"2015/12/17 16:00:04"
D,METER_DATA,GEN_DUID,1,"2015/12/17 16:05:00",CNUNDAWF,7.308526,"2015/12/17 16:00:04"
D,METER_DATA,GEN_DUID,1,"2015/12/17 16:05:00",CULLRGWF,0,"2015/12/17 16:00:04"
D,METER_DATA,GEN_DUID,1,"2015/12/17 16:05:00",ERGT01,0,"2015/12/17 16:00:04"
D,METER_DATA,GEN_DUID,1,"2015/12/17 16:05:00",GB01,0.222435,"2015/12/17 16:00:04"
D,METER_DATA,GEN_DUID,1,"2015/12/17 16:05:00",GERMCRK,32.099998,"2015/12/17 16:00:04"
D,METER_DATA,GEN_DUID,1,"2015/12/17 16:05:00",INVICTA,0,"2015/12/17 16:00:04"
D,METER_DATA,GEN_DUID,1,"2015/12/17 16:05:00",LKBONNY1,17.772564,"2015/12/17 16:00:04"
D,METER_DATA,GEN_DUID,1,"2015/12/17 16:05:00",MBAHNTH,1.893751,"2015/12/17 16:00:04"
D,METER_DATA,GEN_DUID,1,"2015/12/17 16:05:00",MLWF1,2.0550,"2015/12/17 16:00:04"
D,METER_DATA,GEN_DUID,1,"2015/12/17 16:05:00",PALOONA,8.83,"2015/12/17 16:00:04"
D,METER_DATA,GEN_DUID,1,"2015/12/17 16:05:00",PIONEER,0,"2015/12/17 16:00:04"
D,METER_DATA,GEN_DUID,1,"2015/12/17 16:05:00",PORTWF,20.200001,"2015/12/17 16:00:04"
D,METER_DATA,GEN_DUID,1,"2015/12/17 16:05:00",REPULSE,13.224170,"2015/12/17 16:00:04"
D,METER_DATA,GEN_DUID,1,"2015/12/17 16:05:00",ROWALLAN,0,"2015/12/17 16:00:04"
D,METER_DATA,GEN_DUID,1,"2015/12/17 16:05:00",RPCG,9.80,"2015/12/17 16:00:04"
D,METER_DATA,GEN_DUID,1,"2015/12/17 16:05:00",RUBICON,0,"2015/12/17 16:00:04"
D,METER_DATA,GEN_DUID,1,"2015/12/17 16:05:00",STARHLWF,0.699796,"2015/12/17 16:00:04"
D,METER_DATA,GEN_DUID,1,"2015/12/17 16:05:00",WAUBRAWF,3.0770,"2015/12/17 16:00:04"
D,METER_DATA,GEN_DUID,1,"2015/12/17 16:05:00",WOOLNTH1,47.710014,"2015/12/17 16:00:04"
D,METER_DATA,GEN_DUID,1,"2015/12/17 16:05:00",WPWF,11,"2015/12/17 16:00:04"
D,METER_DATA,GEN_DUID,1,"2015/12/17 16:05:00",YAMBUKWF,4.70,"2015/12/17 16:00:04"
D,METER_DATA,GEN_DUID,1,"2015/12/17 16:10:00",ANGAS1,-0.228991,"2015/12/17 16:05:04"
D,METER_DATA,GEN_DUID,1,"2015/12/17 16:10:00",ANGAS2,-0.129618,"2015/12/17 16:05:04"
D,METER_DATA,GEN_DUID,1,"2015/12/17 16:10:00",BUTLERSG,-0.000002,"2015/12/17 16:05:04"
D,METER_DATA,GEN_DUID,1,"2015/12/17 16:10:00",CALL_A_4,0,"2015/12/17 16:05:04"
D,METER_DATA,GEN_DUID,1,"2015/12/17 16:10:00",CAPTL_WF,0,"2015/12/17 16:05:04"
D,METER_DATA,GEN_DUID,1,"2015/12/17 16:10:00",CATHROCK,5.18,"2015/12/17 16:05:04"
D,METER_DATA,GEN_DUID,1,"2015/12/17 16:10:00",CHALLHWF,2.50,"2015/12/17 16:05:04"
D,METER_DATA,GEN_DUID,1,"2015/12/17 16:10:00",CLOVER,7.97,"2015/12/17 16:05:04"
D,METER_DATA,GEN_DUID,1,"2015/12/17 16:10:00",CLUNY,7.702310,"2015/12/17 16:05:04"
D,METER_DATA,GEN_DUID,1,"2015/12/17 16:10:00",CNUNDAWF,6.908058,"2015/12/17 16:05:04"
D,METER_DATA,GEN_DUID,1,"2015/12/17 16:10:00",CULLRGWF,0,"2015/12/17 16:05:04"
D,METER_DATA,GEN_DUID,1,"2015/12/17 16:10:00",ERGT01,0,"2015/12/17 16:05:04"
D,METER_DATA,GEN_DUID,1,"2015/12/17 16:10:00",GB01,0.225101,"2015/12/17 16:05:04"
D,METER_DATA,GEN_DUID,1,"2015/12/17 16:10:00",GERMCRK,32.50,"2015/12/17 16:05:04"
D,METER_DATA,GEN_DUID,1,"2015/12/17 16:10:00",INVICTA,0,"2015/12/17 16:05:04"
D,METER_DATA,GEN_DUID,1,"2015/12/17 16:10:00",LKBONNY1,15.450520,"2015/12/17 16:05:04"
D,METER_DATA,GEN_DUID,1,"2015/12/17 16:10:00",MBAHNTH,1.893751,"2015/12/17 16:05:04"
D,METER_DATA,GEN_DUID,1,"2015/12/17 16:10:00",MLWF1,1.2750,"2015/12/17 16:05:04"
D,METER_DATA,GEN_DUID,1,"2015/12/17 16:10:00",PALOONA,8.73,"2015/12/17 16:05:04"
D,METER_DATA,GEN_DUID,1,"2015/12/17 16:10:00",PIONEER,0,"2015/12/17 16:05:04"
D,METER_DATA,GEN_DUID,1,"2015/12/17 16:10:00",PORTWF,24.799999,"2015/12/17 16:05:04"
D,METER_DATA,GEN_DUID,1,"2015/12/17 16:10:00",REPULSE,13.186060,"2015/12/17 16:05:04"
D,METER_DATA,GEN_DUID,1,"2015/12/17 16:10:00",ROWALLAN,0,"2015/12/17 16:05:04"
D,METER_DATA,GEN_DUID,1,"2015/12/17 16:10:00",RPCG,9.80,"2015/12/17 16:05:04"
D,METER_DATA,GEN_DUID,1,"2015/12/17 16:10:00",RUBICON,0,"2015/12/17 16:05:04"
D,METER_DATA,GEN_DUID,1,"2015/12/17 16:10:00",STARHLWF,0.699796,"2015/12/17 16:05:04"
D,METER_DATA,GEN_DUID,1,"2015/12/17 16:10:00",WAUBRAWF,3.78,"2015/12/17 16:05:04"
D,METER_DATA,GEN_DUID,1,"2015/12/17 16:10:00",WOOLNTH1,47.160019,"2015/12/17 16:05:04"
D,METER_DATA,GEN_DUID,1,"2015/12/17 16:10:00",WPWF,10,"2015/12/17 16:05:04"
D,METER_DATA,GEN_DUID,1,"2015/12/17 16:10:00",YAMBUKWF,5.80,"2015/12/17 16:05:04"
D,METER_DATA,GEN_DUID,1,"2015/12/17 16:15:00",ANGAS1,28.057896,"2015/12/17 16:10:06"
D,METER_DATA,GEN_DUID,1,"2015/12/17 16:15:00",ANGAS2,9.198531,"2015/12/17 16:10:06"
D,METER_DATA,GEN_DUID,1,"2015/12/17 16:15:00",BUTLERSG,-0.000002,"2015/12/17 16:10:06"
D,METER_DATA,GEN_DUID,1,"2015/12/17 16:15:00",CALL_A_4,0,"2015/12/17 16:10:06"
D,METER_DATA,GEN_DUID,1,"2015/12/17 16:15:00",CAPTL_WF,0,"2015/12/17 16:10:06"
D,METER_DATA,GEN_DUID,1,"2015/12/17 16:15:00",CATHROCK,4.01,"2015/12/17 16:10:06"
D,METER_DATA,GEN_DUID,1,"2015/12/17 16:15:00",CHALLHWF,1.80,"2015/12/17 16:10:06"
D,METER_DATA,GEN_DUID,1,"2015/12/17 16:15:00",CLOVER,7.90,"2015/12/17 16:10:06"
D,METER_DATA,GEN_DUID,1,"2015/12/17 16:15:00",CLUNY,15.533231,"2015/12/17 16:10:06"
D,METER_DATA,GEN_DUID,1,"2015/12/17 16:15:00",CNUNDAWF,6.707825,"2015/12/17 16:10:06"
D,METER_DATA,GEN_DUID,1,"2015/12/17 16:15:00",CULLRGWF,0,"2015/12/17 16:10:06"
D,METER_DATA,GEN_DUID,1,"2015/12/17 16:15:00",ERGT01,0,"2015/12/17 16:10:06"
D,METER_DATA,GEN_DUID,1,"2015/12/17 16:15:00",GB01,0.225101,"2015/12/17 16:10:06"
D,METER_DATA,GEN_DUID,1,"2015/12/17 16:15:00",GERMCRK,32.799999,"2015/12/17 16:10:06"
D,METER_DATA,GEN_DUID,1,"2015/12/17 16:15:00",INVICTA,0,"2015/12/17 16:10:06"
D,METER_DATA,GEN_DUID,1,"2015/12/17 16:15:00",LKBONNY1,13.485714,"2015/12/17 16:10:06"
D,METER_DATA,GEN_DUID,1,"2015/12/17 16:15:00",MBAHNTH,1.893751,"2015/12/17 16:10:06"
D,METER_DATA,GEN_DUID,1,"2015/12/17 16:15:00",MLWF1,1.2750,"2015/12/17 16:10:06"
D,METER_DATA,GEN_DUID,1,"2015/12/17 16:15:00",PALOONA,8.73,"2015/12/17 16:10:06"
D,METER_DATA,GEN_DUID,1,"2015/12/17 16:15:00",PIONEER,0,"2015/12/17 16:10:06"
D,METER_DATA,GEN_DUID,1,"2015/12/17 16:15:00",PORTWF,31.50,"2015/12/17 16:10:06"
D,METER_DATA,GEN_DUID,1,"2015/12/17 16:15:00",REPULSE,30.583275,"2015/12/17 16:10:06"
D,METER_DATA,GEN_DUID,1,"2015/12/17 16:15:00",ROWALLAN,0,"2015/12/17 16:10:06"
D,METER_DATA,GEN_DUID,1,"2015/12/17 16:15:00",RPCG,9.80,"2015/12/17 16:10:06"
D,METER_DATA,GEN_DUID,1,"2015/12/17 16:15:00",RUBICON,0,"2015/12/17 16:10:06"
D,METER_DATA,GEN_DUID,1,"2015/12/17 16:15:00",STARHLWF,0.599825,"2015/12/17 16:10:06"
D,METER_DATA,GEN_DUID,1,"2015/12/17 16:15:00",WAUBRAWF,1.8150,"2015/12/17 16:10:06"
D,METER_DATA,GEN_DUID,1,"2015/12/17 16:15:00",WOOLNTH1,46.650017,"2015/12/17 16:10:06"
D,METER_DATA,GEN_DUID,1,"2015/12/17 16:15:00",WPWF,10,"2015/12/17 16:10:06"
D,METER_DATA,GEN_DUID,1,"2015/12/17 16:15:00",YAMBUKWF,6.70,"2015/12/17 16:10:06"
D,METER_DATA,GEN_DUID,1,"2015/12/17 16:20:00",ANGAS1,28.204796,"2015/12/17 16:15:05"
D,METER_DATA,GEN_DUID,1,"2015/12/17 16:20:00",ANGAS2,9.328149,"2015/12/17 16:15:05"
D,METER_DATA,GEN_DUID,1,"2015/12/17 16:20:00",BUTLERSG,-0.000002,"2015/12/17 16:15:05"
D,METER_DATA,GEN_DUID,1,"2015/12/17 16:20:00",CALL_A_4,0,"2015/12/17 16:15:05"
D,METER_DATA,GEN_DUID,1,"2015/12/17 16:20:00",CAPTL_WF,0,"2015/12/17 16:15:05"
D,METER_DATA,GEN_DUID,1,"2015/12/17 16:20:00",CATHROCK,4.27,"2015/12/17 16:15:05"
D,METER_DATA,GEN_DUID,1,"2015/12/17 16:20:00",CHALLHWF,3.90,"2015/12/17 16:15:05"
D,METER_DATA,GEN_DUID,1,"2015/12/17 16:20:00",CLOVER,7.68,"2015/12/17 16:15:05"
D,METER_DATA,GEN_DUID,1,"2015/12/17 16:20:00",CLUNY,15.847610,"2015/12/17 16:15:05"
D,METER_DATA,GEN_DUID,1,"2015/12/17 16:20:00",CNUNDAWF,7.108292,"2015/12/17 16:15:05"
D,METER_DATA,GEN_DUID,1,"2015/12/17 16:20:00",CULLRGWF,0,"2015/12/17 16:15:05"
D,METER_DATA,GEN_DUID,1,"2015/12/17 16:20:00",ERGT01,0,"2015/12/17 16:15:05"
D,METER_DATA,GEN_DUID,1,"2015/12/17 16:20:00",GB01,0.225101,"2015/12/17 16:15:05"
D,METER_DATA,GEN_DUID,1,"2015/12/17 16:20:00",GERMCRK,32.700001,"2015/12/17 16:15:05"
D,METER_DATA,GEN_DUID,1,"2015/12/17 16:20:00",INVICTA,0,"2015/12/17 16:15:05"
D,METER_DATA,GEN_DUID,1,"2015/12/17 16:20:00",LKBONNY1,10.627814,"2015/12/17 16:15:05"
D,METER_DATA,GEN_DUID,1,"2015/12/17 16:20:00",MBAHNTH,1.893751,"2015/12/17 16:15:05"
D,METER_DATA,GEN_DUID,1,"2015/12/17 16:20:00",MLWF1,1.26,"2015/12/17 16:15:05"
D,METER_DATA,GEN_DUID,1,"2015/12/17 16:20:00",PALOONA,8.83,"2015/12/17 16:15:05"
D,METER_DATA,GEN_DUID,1,"2015/12/17 16:20:00",PIONEER,0,"2015/12/17 16:15:05"
D,METER_DATA,GEN_DUID,1,"2015/12/17 16:20:00",PORTWF,37.299999,"2015/12/17 16:15:05"
D,METER_DATA,GEN_DUID,1,"2015/12/17 16:20:00",REPULSE,27.744080,"2015/12/17 16:15:05"
D,METER_DATA,GEN_DUID,1,"2015/12/17 16:20:00",ROWALLAN,0,"2015/12/17 16:15:05"
D,METER_DATA,GEN_DUID,1,"2015/12/17 16:20:00",RPCG,9.80,"2015/12/17 16:15:05"
D,METER_DATA,GEN_DUID,1,"2015/12/17 16:20:00",RUBICON,0,"2015/12/17 16:15:05"
D,METER_DATA,GEN_DUID,1,"2015/12/17 16:20:00",STARHLWF,0.599825,"2015/12/17 16:15:05"
D,METER_DATA,GEN_DUID,1,"2015/12/17 16:20:00",WAUBRAWF,0.3290,"2015/12/17 16:15:05"
D,METER_DATA,GEN_DUID,1,"2015/12/17 16:20:00",WOOLNTH1,46.660019,"2015/12/17 16:15:05"
D,METER_DATA,GEN_DUID,1,"2015/12/17 16:20:00",WPWF,9,"2015/12/17 16:15:05"
D,METER_DATA,GEN_DUID,1,"2015/12/17 16:20:00",YAMBUKWF,6.60,"2015/12/17 16:15:05"
D,METER_DATA,GEN_DUID,1,"2015/12/17 16:25:00",ANGAS1,28.226398,"2015/12/17 16:20:05"
D,METER_DATA,GEN_DUID,1,"2015/12/17 16:25:00",ANGAS2,9.328149,"2015/12/17 16:20:05"
D,METER_DATA,GEN_DUID,1,"2015/12/17 16:25:00",BUTLERSG,-0.000002,"2015/12/17 16:20:05"
D,METER_DATA,GEN_DUID,1,"2015/12/17 16:25:00",CALL_A_4,0,"2015/12/17 16:20:05"
D,METER_DATA,GEN_DUID,1,"2015/12/17 16:25:00",CAPTL_WF,0,"2015/12/17 16:20:05"
D,METER_DATA,GEN_DUID,1,"2015/12/17 16:25:00",CATHROCK,5.579999,"2015/12/17 16:20:05"
D,METER_DATA,GEN_DUID,1,"2015/12/17 16:25:00",CHALLHWF,2.80,"2015/12/17 16:20:05"
D,METER_DATA,GEN_DUID,1,"2015/12/17 16:25:00",CLOVER,7.87,"2015/12/17 16:20:05"
D,METER_DATA,GEN_DUID,1,"2015/12/17 16:25:00",CLUNY,17.276611,"2015/12/17 16:20:05"
D,METER_DATA,GEN_DUID,1,"2015/12/17 16:25:00",CNUNDAWF,7.408643,"2015/12/17 16:20:05"
D,METER_DATA,GEN_DUID,1,"2015/12/17 16:25:00",CULLRGWF,0,"2015/12/17 16:20:05"
D,METER_DATA,GEN_DUID,1,"2015/12/17 16:25:00",ERGT01,0,"2015/12/17 16:20:05"
D,METER_DATA,GEN_DUID,1,"2015/12/17 16:25:00",GB01,0.225101,"2015/12/17 16:20:05"
D,METER_DATA,GEN_DUID,1,"2015/12/17 16:25:00",GERMCRK,33.50,"2015/12/17 16:20:05"
D,METER_DATA,GEN_DUID,1,"2015/12/17 16:25:00",INVICTA,0,"2015/12/17 16:20:05"
D,METER_DATA,GEN_DUID,1,"2015/12/17 16:25:00",LKBONNY1,8.395081,"2015/12/17 16:20:05"
D,METER_DATA,GEN_DUID,1,"2015/12/17 16:25:00",MBAHNTH,1.893751,"2015/12/17 16:20:05"
D,METER_DATA,GEN_DUID,1,"2015/12/17 16:25:00",MLWF1,1.1550,"2015/12/17 16:20:05"
D,METER_DATA,GEN_DUID,1,"2015/12/17 16:25:00",PALOONA,8.83,"2015/12/17 16:20:05"
D,METER_DATA,GEN_DUID,1,"2015/12/17 16:25:00",PIONEER,0,"2015/12/17 16:20:05"
D,METER_DATA,GEN_DUID,1,"2015/12/17 16:25:00",PORTWF,43.50,"2015/12/17 16:20:05"
D,METER_DATA,GEN_DUID,1,"2015/12/17 16:25:00",REPULSE,28.639664,"2015/12/17 16:20:05"
D,METER_DATA,GEN_DUID,1,"2015/12/17 16:25:00",ROWALLAN,0,"2015/12/17 16:20:05"
D,METER_DATA,GEN_DUID,1,"2015/12/17 16:25:00",RPCG,9.80,"2015/12/17 16:20:05"
D,METER_DATA,GEN_DUID,1,"2015/12/17 16:25:00",RUBICON,0,"2015/12/17 16:20:05"
D,METER_DATA,GEN_DUID,1,"2015/12/17 16:25:00",STARHLWF,0.599825,"2015/12/17 16:20:05"
D,METER_DATA,GEN_DUID,1,"2015/12/17 16:25:00",WAUBRAWF,1.2960,"2015/12/17 16:20:05"
D,METER_DATA,GEN_DUID,1,"2015/12/17 16:25:00",WOOLNTH1,48.710014,"2015/12/17 16:20:05"
D,METER_DATA,GEN_DUID,1,"2015/12/17 16:25:00",WPWF,8,"2015/12/17 16:20:05"
D,METER_DATA,GEN_DUID,1,"2015/12/17 16:25:00",YAMBUKWF,7.60,"2015/12/17 16:20:05"
D,METER_DATA,GEN_DUID,1,"2015/12/17 16:30:00",ANGAS1,28.304169,"2015/12/17 16:25:05"
D,METER_DATA,GEN_DUID,1,"2015/12/17 16:30:00",ANGAS2,9.328149,"2015/12/17 16:25:05"
D,METER_DATA,GEN_DUID,1,"2015/12/17 16:30:00",BUTLERSG,-0.000002,"2015/12/17 16:25:05"
D,METER_DATA,GEN_DUID,1,"2015/12/17 16:30:00",CALL_A_4,0,"2015/12/17 16:25:05"
D,METER_DATA,GEN_DUID,1,"2015/12/17 16:30:00",CAPTL_WF,0,"2015/12/17 16:25:05"
D,METER_DATA,GEN_DUID,1,"2015/12/17 16:30:00",CATHROCK,5.46,"2015/12/17 16:25:05"
D,METER_DATA,GEN_DUID,1,"2015/12/17 16:30:00",CHALLHWF,3,"2015/12/17 16:25:05"
D,METER_DATA,GEN_DUID,1,"2015/12/17 16:30:00",CLOVER,8.26,"2015/12/17 16:25:05"
D,METER_DATA,GEN_DUID,1,"2015/12/17 16:30:00",CLUNY,16.819330,"2015/12/17 16:25:05"
D,METER_DATA,GEN_DUID,1,"2015/12/17 16:30:00",CNUNDAWF,7.809110,"2015/12/17 16:25:05"
D,METER_DATA,GEN_DUID,1,"2015/12/17 16:30:00",CULLRGWF,0,"2015/12/17 16:25:05"
D,METER_DATA,GEN_DUID,1,"2015/12/17 16:30:00",ERGT01,0,"2015/12/17 16:25:05"
D,METER_DATA,GEN_DUID,1,"2015/12/17 16:30:00",GB01,0.225101,"2015/12/17 16:25:05"
D,METER_DATA,GEN_DUID,1,"2015/12/17 16:30:00",GERMCRK,32.599998,"2015/12/17 16:25:05"
D,METER_DATA,GEN_DUID,1,"2015/12/17 16:30:00",INVICTA,0,"2015/12/17 16:25:05"
D,METER_DATA,GEN_DUID,1,"2015/12/17 16:30:00",LKBONNY1,8.573699,"2015/12/17 16:25:05"
D,METER_DATA,GEN_DUID,1,"2015/12/17 16:30:00",MBAHNTH,1.893751,"2015/12/17 16:25:05"
D,METER_DATA,GEN_DUID,1,"2015/12/17 16:30:00",MLWF1,1.14,"2015/12/17 16:25:05"
D,METER_DATA,GEN_DUID,1,"2015/12/17 16:30:00",MTMILLAR,5.878636,"2015/12/17 16:25:05"
D,METER_DATA,GEN_DUID,1,"2015/12/17 16:30:00",PALOONA,8.809999,"2015/12/17 16:25:05"
D,METER_DATA,GEN_DUID,1,"2015/12/17 16:30:00",PIONEER,0,"2015/12/17 16:25:05"
D,METER_DATA,GEN_DUID,1,"2015/12/17 16:30:00",PORTWF,43.299999,"2015/12/17 16:25:05"
D,METER_DATA,GEN_DUID,1,"2015/12/17 16:30:00",REPULSE,28.658720,"2015/12/17 16:25:05"
D,METER_DATA,GEN_DUID,1,"2015/12/17 16:30:00",ROWALLAN,0,"2015/12/17 16:25:05"
D,METER_DATA,GEN_DUID,1,"2015/12/17 16:30:00",RPCG,9.80,"2015/12/17 16:25:05"
D,METER_DATA,GEN_DUID,1,"2015/12/17 16:30:00",RUBICON,0,"2015/12/17 16:25:05"
D,METER_DATA,GEN_DUID,1,"2015/12/17 16:30:00",STARHLWF,0.599825,"2015/12/17 16:25:05"
D,METER_DATA,GEN_DUID,1,"2015/12/17 16:30:00",WAUBRAWF,0.6560,"2015/12/17 16:25:05"
D,METER_DATA,GEN_DUID,1,"2015/12/17 16:30:00",WOOLNTH1,48.690018,"2015/12/17 16:25:05"
D,METER_DATA,GEN_DUID,1,"2015/12/17 16:30:00",WPWF,8,"2015/12/17 16:25:05"
D,METER_DATA,GEN_DUID,1,"2015/12/17 16:30:00",YAMBUKWF,7.20,"2015/12/17 16:25:05"
D,METER_DATA,GEN_DUID,1,"2015/12/17 16:35:00",ANGAS1,27.172176,"2015/12/17 16:30:05"
D,METER_DATA,GEN_DUID,1,"2015/12/17 16:35:00",ANGAS2,9.315187,"2015/12/17 16:30:05"
D,METER_DATA,GEN_DUID,1,"2015/12/17 16:35:00",BUTLERSG,-0.000002,"2015/12/17 16:30:05"
D,METER_DATA,GEN_DUID,1,"2015/12/17 16:35:00",CALL_A_4,0,"2015/12/17 16:30:05"
D,METER_DATA,GEN_DUID,1,"2015/12/17 16:35:00",CAPTL_WF,0,"2015/12/17 16:30:05"
D,METER_DATA,GEN_DUID,1,"2015/12/17 16:35:00",CATHROCK,5.65,"2015/12/17 16:30:05"
D,METER_DATA,GEN_DUID,1,"2015/12/17 16:35:00",CHALLHWF,3.50,"2015/12/17 16:30:05"
D,METER_DATA,GEN_DUID,1,"2015/12/17 16:35:00",CLOVER,8.099999,"2015/12/17 16:30:05"
D,METER_DATA,GEN_DUID,1,"2015/12/17 16:35:00",CLUNY,16.147701,"2015/12/17 16:30:05"
D,METER_DATA,GEN_DUID,1,"2015/12/17 16:35:00",CNUNDAWF,8.710161,"2015/12/17 16:30:05"
D,METER_DATA,GEN_DUID,1,"2015/12/17 16:35:00",CULLRGWF,0,"2015/12/17 16:30:05"
D,METER_DATA,GEN_DUID,1,"2015/12/17 16:35:00",ERGT01,0,"2015/12/17 16:30:05"
D,METER_DATA,GEN_DUID,1,"2015/12/17 16:35:00",GB01,0.225101,"2015/12/17 16:30:05"
D,METER_DATA,GEN_DUID,1,"2015/12/17 16:35:00",GERMCRK,34.200001,"2015/12/17 16:30:05"
D,METER_DATA,GEN_DUID,1,"2015/12/17 16:35:00",INVICTA,0,"2015/12/17 16:30:05"
D,METER_DATA,GEN_DUID,1,"2015/12/17 16:35:00",LKBONNY1,9.198864,"2015/12/17 16:30:05"
D,METER_DATA,GEN_DUID,1,"2015/12/17 16:35:00",MBAHNTH,1.893751,"2015/12/17 16:30:05"
D,METER_DATA,GEN_DUID,1,"2015/12/17 16:35:00",MLWF1,1.71,"2015/12/17 16:30:05"
D,METER_DATA,GEN_DUID,1,"2015/12/17 16:35:00",MTMILLAR,6.124199,"2015/12/17 16:30:05"
D,METER_DATA,GEN_DUID,1,"2015/12/17 16:35:00",PALOONA,8.809999,"2015/12/17 16:30:05"
D,METER_DATA,GEN_DUID,1,"2015/12/17 16:35:00",PIONEER,0,"2015/12/17 16:30:05"
D,METER_DATA,GEN_DUID,1,"2015/12/17 16:35:00",PORTWF,45.700001,"2015/12/17 16:30:05"
D,METER_DATA,GEN_DUID,1,"2015/12/17 16:35:00",REPULSE,27.782190,"2015/12/17 16:30:05"
D,METER_DATA,GEN_DUID,1,"2015/12/17 16:35:00",ROWALLAN,0,"2015/12/17 16:30:05"
D,METER_DATA,GEN_DUID,1,"2015/12/17 16:35:00",RPCG,9.80,"2015/12/17 16:30:05"
D,METER_DATA,GEN_DUID,1,"2015/12/17 16:35:00",RUBICON,0,"2015/12/17 16:30:05"
D,METER_DATA,GEN_DUID,1,"2015/12/17 16:35:00",STARHLWF,0.699796,"2015/12/17 16:30:05"
D,METER_DATA,GEN_DUID,1,"2015/12/17 16:35:00",WAUBRAWF,0.1670,"2015/12/17 16:30:05"
D,METER_DATA,GEN_DUID,1,"2015/12/17 16:35:00",WOOLNTH1,48.180016,"2015/12/17 16:30:05"
D,METER_DATA,GEN_DUID,1,"2015/12/17 16:35:00",WPWF,8,"2015/12/17 16:30:05"
D,METER_DATA,GEN_DUID,1,"2015/12/17 16:35:00",YAMBUKWF,8.20,"2015/12/17 16:30:05"
D,METER_DATA,GEN_DUID,1,"2015/12/17 16:40:00",ANGAS1,-0.254915,"2015/12/17 16:35:06"
D,METER_DATA,GEN_DUID,1,"2015/12/17 16:40:00",ANGAS2,-0.120976,"2015/12/17 16:35:06"
D,METER_DATA,GEN_DUID,1,"2015/12/17 16:40:00",BUTLERSG,-0.000002,"2015/12/17 16:35:06"
D,METER_DATA,GEN_DUID,1,"2015/12/17 16:40:00",CALL_A_4,0,"2015/12/17 16:35:06"
D,METER_DATA,GEN_DUID,1,"2015/12/17 16:40:00",CAPTL_WF,0,"2015/12/17 16:35:06"
D,METER_DATA,GEN_DUID,1,"2015/12/17 16:40:00",CATHROCK,6.43,"2015/12/17 16:35:06"
D,METER_DATA,GEN_DUID,1,"2015/12/17 16:40:00",CHALLHWF,2.80,"2015/12/17 16:35:06"
D,METER_DATA,GEN_DUID,1,"2015/12/17 16:40:00",CLOVER,8.63,"2015/12/17 16:35:06"
D,METER_DATA,GEN_DUID,1,"2015/12/17 16:40:00",CLUNY,17.905371,"2015/12/17 16:35:06"
D,METER_DATA,GEN_DUID,1,"2015/12/17 16:40:00",CNUNDAWF,9.410978,"2015/12/17 16:35:06"
D,METER_DATA,GEN_DUID,1,"2015/12/17 16:40:00",CULLRGWF,0,"2015/12/17 16:35:06"
D,METER_DATA,GEN_DUID,1,"2015/12/17 16:40:00",ERGT01,0,"2015/12/17 16:35:06"
D,METER_DATA,GEN_DUID,1,"2015/12/17 16:40:00",GB01,0.225101,"2015/12/17 16:35:06"
D,METER_DATA,GEN_DUID,1,"2015/12/17 16:40:00",GERMCRK,32.799999,"2015/12/17 16:35:06"
D,METER_DATA,GEN_DUID,1,"2015/12/17 16:40:00",INVICTA,0,"2015/12/17 16:35:06"
D,METER_DATA,GEN_DUID,1,"2015/12/17 16:40:00",LKBONNY1,10.538505,"2015/12/17 16:35:06"
D,METER_DATA,GEN_DUID,1,"2015/12/17 16:40:00",MBAHNTH,4.800001,"2015/12/17 16:35:06"
D,METER_DATA,GEN_DUID,1,"2015/12/17 16:40:00",MLWF1,1.35,"2015/12/17 16:35:06"
D,METER_DATA,GEN_DUID,1,"2015/12/17 16:40:00",MTMILLAR,5.804223,"2015/12/17 16:35:06"
D,METER_DATA,GEN_DUID,1,"2015/12/17 16:40:00",PALOONA,8.75,"2015/12/17 16:35:06"
D,METER_DATA,GEN_DUID,1,"2015/12/17 16:40:00",PIONEER,0,"2015/12/17 16:35:06"
D,METER_DATA,GEN_DUID,1,"2015/12/17 16:40:00",PORTWF,43.50,"2015/12/17 16:35:06"
D,METER_DATA,GEN_DUID,1,"2015/12/17 16:40:00",REPULSE,28.239510,"2015/12/17 16:35:06"
D,METER_DATA,GEN_DUID,1,"2015/12/17 16:40:00",ROWALLAN,0,"2015/12/17 16:35:06"
D,METER_DATA,GEN_DUID,1,"2015/12/17 16:40:00",RPCG,9.80,"2015/12/17 16:35:06"
D,METER_DATA,GEN_DUID,1,"2015/12/17 16:40:00",RUBICON,0,"2015/12/17 16:35:06"
D,METER_DATA,GEN_DUID,1,"2015/12/17 16:40:00",STARHLWF,0.699796,"2015/12/17 16:35:06"
D,METER_DATA,GEN_DUID,1,"2015/12/17 16:40:00",WAUBRAWF,0,"2015/12/17 16:35:06"
D,METER_DATA,GEN_DUID,1,"2015/12/17 16:40:00",WOOLNTH1,44.820015,"2015/12/17 16:35:06"
D,METER_DATA,GEN_DUID,1,"2015/12/17 16:40:00",WPWF,9,"2015/12/17 16:35:06"
D,METER_DATA,GEN_DUID,1,"2015/12/17 16:40:00",YAMBUKWF,9.20,"2015/12/17 16:35:06"
D,METER_DATA,GEN_DUID,1,"2015/12/17 16:45:00",ANGAS1,-0.254915,"2015/12/17 16:40:06"
D,METER_DATA,GEN_DUID,1,"2015/12/17 16:45:00",ANGAS2,-0.120976,"2015/12/17 16:40:06"
D,METER_DATA,GEN_DUID,1,"2015/12/17 16:45:00",BUTLERSG,-0.000002,"2015/12/17 16:40:06"
D,METER_DATA,GEN_DUID,1,"2015/12/17 16:45:00",CALL_A_4,0,"2015/12/17 16:40:06"
D,METER_DATA,GEN_DUID,1,"2015/12/17 16:45:00",CAPTL_WF,0,"2015/12/17 16:40:06"
D,METER_DATA,GEN_DUID,1,"2015/12/17 16:45:00",CATHROCK,6.49,"2015/12/17 16:40:06"
D,METER_DATA,GEN_DUID,1,"2015/12/17 16:45:00",CHALLHWF,2.90,"2015/12/17 16:40:06"
D,METER_DATA,GEN_DUID,1,"2015/12/17 16:45:00",CLOVER,10.17,"2015/12/17 16:40:06"
D,METER_DATA,GEN_DUID,1,"2015/12/17 16:45:00",CLUNY,16.061960,"2015/12/17 16:40:06"
D,METER_DATA,GEN_DUID,1,"2015/12/17 16:45:00",CNUNDAWF,12.214249,"2015/12/17 16:40:06"
D,METER_DATA,GEN_DUID,1,"2015/12/17 16:45:00",CULLRGWF,0,"2015/12/17 16:40:06"
D,METER_DATA,GEN_DUID,1,"2015/12/17 16:45:00",ERGT01,0,"2015/12/17 16:40:06"
D,METER_DATA,GEN_DUID,1,"2015/12/17 16:45:00",GB01,0.225101,"2015/12/17 16:40:06"
D,METER_DATA,GEN_DUID,1,"2015/12/17 16:45:00",GERMCRK,33.900002,"2015/12/17 16:40:06"
D,METER_DATA,GEN_DUID,1,"2015/12/17 16:45:00",INVICTA,0,"2015/12/17 16:40:06"
D,METER_DATA,GEN_DUID,1,"2015/12/17 16:45:00",LKBONNY1,11.074361,"2015/12/17 16:40:06"
D,METER_DATA,GEN_DUID,1,"2015/12/17 16:45:00",MBAHNTH,4.800001,"2015/12/17 16:40:06"
D,METER_DATA,GEN_DUID,1,"2015/12/17 16:45:00",MLWF1,1.44,"2015/12/17 16:40:06"
D,METER_DATA,GEN_DUID,1,"2015/12/17 16:45:00",MTMILLAR,6.273026,"2015/12/17 16:40:06"
D,METER_DATA,GEN_DUID,1,"2015/12/17 16:45:00",PALOONA,8.75,"2015/12/17 16:40:06"
D,METER_DATA,GEN_DUID,1,"2015/12/17 16:45:00",PIONEER,0,"2015/12/17 16:40:06"
D,METER_DATA,GEN_DUID,1,"2015/12/17 16:45:00",PORTWF,46,"2015/12/17 16:40:06"
D,METER_DATA,GEN_DUID,1,"2015/12/17 16:45:00",REPULSE,26.753220,"2015/12/17 16:40:06"
D,METER_DATA,GEN_DUID,1,"2015/12/17 16:45:00",ROWALLAN,0,"2015/12/17 16:40:06"
D,METER_DATA,GEN_DUID,1,"2015/12/17 16:45:00",RPCG,9.80,"2015/12/17 16:40:06"
D,METER_DATA,GEN_DUID,1,"2015/12/17 16:45:00",RUBICON,0,"2015/12/17 16:40:06"
D,METER_DATA,GEN_DUID,1,"2015/12/17 16:45:00",STARHLWF,0.699796,"2015/12/17 16:40:06"
D,METER_DATA,GEN_DUID,1,"2015/12/17 16:45:00",WAUBRAWF,0.5060,"2015/12/17 16:40:06"
D,METER_DATA,GEN_DUID,1,"2015/12/17 16:45:00",WOOLNTH1,46.720016,"2015/12/17 16:40:06"
D,METER_DATA,GEN_DUID,1,"2015/12/17 16:45:00",WPWF,11,"2015/12/17 16:40:06"
D,METER_DATA,GEN_DUID,1,"2015/12/17 16:45:00",YAMBUKWF,10.40,"2015/12/17 16:40:06"
D,METER_DATA,GEN_DUID,1,"2015/12/17 16:50:00",BUTLERSG,-0.000002,"2015/12/17 16:45:06"
D,METER_DATA,GEN_DUID,1,"2015/12/17 16:50:00",CALL_A_4,0,"2015/12/17 16:45:06"
D,METER_DATA,GEN_DUID,1,"2015/12/17 16:50:00",CAPTL_WF,0,"2015/12/17 16:45:06"
D,METER_DATA,GEN_DUID,1,"2015/12/17 16:50:00",CATHROCK,6.51,"2015/12/17 16:45:06"
D,METER_DATA,GEN_DUID,1,"2015/12/17 16:50:00",CHALLHWF,2.30,"2015/12/17 16:45:06"
D,METER_DATA,GEN_DUID,1,"2015/12/17 16:50:00",CLOVER,8.799999,"2015/12/17 16:45:06"
D,METER_DATA,GEN_DUID,1,"2015/12/17 16:50:00",CLUNY,17.290901,"2015/12/17 16:45:06"
D,METER_DATA,GEN_DUID,1,"2015/12/17 16:50:00",CNUNDAWF,15.618219,"2015/12/17 16:45:06"
D,METER_DATA,GEN_DUID,1,"2015/12/17 16:50:00",CULLRGWF,0,"2015/12/17 16:45:06"
D,METER_DATA,GEN_DUID,1,"2015/12/17 16:50:00",ERGT01,0,"2015/12/17 16:45:06"
D,METER_DATA,GEN_DUID,1,"2015/12/17 16:50:00",GB01,0.225101,"2015/12/17 16:45:06"
D,METER_DATA,GEN_DUID,1,"2015/12/17 16:50:00",GERMCRK,32.799999,"2015/12/17 16:45:06"
D,METER_DATA,GEN_DUID,1,"2015/12/17 16:50:00",INVICTA,0,"2015/12/17 16:45:06"
D,METER_DATA,GEN_DUID,1,"2015/12/17 16:50:00",LKBONNY1,14.825355,"2015/12/17 16:45:06"
D,METER_DATA,GEN_DUID,1,"2015/12/17 16:50:00",MBAHNTH,4.800001,"2015/12/17 16:45:06"
D,METER_DATA,GEN_DUID,1,"2015/12/17 16:50:00",MLWF1,2.13,"2015/12/17 16:45:06"
D,METER_DATA,GEN_DUID,1,"2015/12/17 16:50:00",MTMILLAR,6.875772,"2015/12/17 16:45:06"
D,METER_DATA,GEN_DUID,1,"2015/12/17 16:50:00",PALOONA,8.75,"2015/12/17 16:45:06"
D,METER_DATA,GEN_DUID,1,"2015/12/17 16:50:00",PIONEER,0,"2015/12/17 16:45:06"
D,METER_DATA,GEN_DUID,1,"2015/12/17 16:50:00",PORTWF,42.700001,"2015/12/17 16:45:06"
D,METER_DATA,GEN_DUID,1,"2015/12/17 16:50:00",REPULSE,27.705969,"2015/12/17 16:45:06"
D,METER_DATA,GEN_DUID,1,"2015/12/17 16:50:00",ROWALLAN,0,"2015/12/17 16:45:06"
D,METER_DATA,GEN_DUID,1,"2015/12/17 16:50:00",RPCG,9.80,"2015/12/17 16:45:06"
D,METER_DATA,GEN_DUID,1,"2015/12/17 16:50:00",RUBICON,0,"2015/12/17 16:45:06"
D,METER_DATA,GEN_DUID,1,"2015/12/17 16:50:00",STARHLWF,0.699796,"2015/12/17 16:45:06"
D,METER_DATA,GEN_DUID,1,"2015/12/17 16:50:00",WAUBRAWF,1.4130,"2015/12/17 16:45:06"
D,METER_DATA,GEN_DUID,1,"2015/12/17 16:50:00",WOOLNTH1,45.900017,"2015/12/17 16:45:06"
D,METER_DATA,GEN_DUID,1,"2015/12/17 16:50:00",WPWF,11,"2015/12/17 16:45:06"
D,METER_DATA,GEN_DUID,1,"2015/12/17 16:50:00",YAMBUKWF,11.40,"2015/12/17 16:45:06"
D,METER_DATA,GEN_DUID,1,"2015/12/17 16:55:00",ANGAS1,26.731476,"2015/12/17 16:50:06"
D,METER_DATA,GEN_DUID,1,"2015/12/17 16:55:00",ANGAS2,9.289264,"2015/12/17 16:50:06"
D,METER_DATA,GEN_DUID,1,"2015/12/17 16:55:00",BUTLERSG,-0.000002,"2015/12/17 16:50:06"
D,METER_DATA,GEN_DUID,1,"2015/12/17 16:55:00",CALL_A_4,0,"2015/12/17 16:50:06"
D,METER_DATA,GEN_DUID,1,"2015/12/17 16:55:00",CAPTL_WF,0,"2015/12/17 16:50:06"
D,METER_DATA,GEN_DUID,1,"2015/12/17 16:55:00",CATHROCK,6.94,"2015/12/17 16:50:06"
D,METER_DATA,GEN_DUID,1,"2015/12/17 16:55:00",CHALLHWF,0,"2015/12/17 16:50:06"
D,METER_DATA,GEN_DUID,1,"2015/12/17 16:55:00",CLOVER,12.05,"2015/12/17 16:50:06"
D,METER_DATA,GEN_DUID,1,"2015/12/17 16:55:00",CLUNY,17.133711,"2015/12/17 16:50:06"
D,METER_DATA,GEN_DUID,1,"2015/12/17 16:55:00",CNUNDAWF,14.316701,"2015/12/17 16:50:06"
D,METER_DATA,GEN_DUID,1,"2015/12/17 16:55:00",CULLRGWF,0,"2015/12/17 16:50:06"
D,METER_DATA,GEN_DUID,1,"2015/12/17 16:55:00",ERGT01,0,"2015/12/17 16:50:06"
D,METER_DATA,GEN_DUID,1,"2015/12/17 16:55:00",GB01,0.223328,"2015/12/17 16:50:06"
D,METER_DATA,GEN_DUID,1,"2015/12/17 16:55:00",GERMCRK,33.400002,"2015/12/17 16:50:06"
D,METER_DATA,GEN_DUID,1,"2015/12/17 16:55:00",INVICTA,0,"2015/12/17 16:50:06"
D,METER_DATA,GEN_DUID,1,"2015/12/17 16:55:00",LKBONNY1,15.629139,"2015/12/17 16:50:06"
D,METER_DATA,GEN_DUID,1,"2015/12/17 16:55:00",MBAHNTH,4.800001,"2015/12/17 16:50:06"
D,METER_DATA,GEN_DUID,1,"2015/12/17 16:55:00",MLWF1,2.6850,"2015/12/17 16:50:06"
D,METER_DATA,GEN_DUID,1,"2015/12/17 16:55:00",MTMILLAR,6.332556,"2015/12/17 16:50:06"
D,METER_DATA,GEN_DUID,1,"2015/12/17 16:55:00",PALOONA,8.75,"2015/12/17 16:50:06"
D,METER_DATA,GEN_DUID,1,"2015/12/17 16:55:00",PIONEER,0,"2015/12/17 16:50:06"
D,METER_DATA,GEN_DUID,1,"2015/12/17 16:55:00",PORTWF,40.50,"2015/12/17 16:50:06"
D,METER_DATA,GEN_DUID,1,"2015/12/17 16:55:00",REPULSE,28.639664,"2015/12/17 16:50:06"
D,METER_DATA,GEN_DUID,1,"2015/12/17 16:55:00",ROWALLAN,0,"2015/12/17 16:50:06"
D,METER_DATA,GEN_DUID,1,"2015/12/17 16:55:00",RPCG,9.80,"2015/12/17 16:50:06"
D,METER_DATA,GEN_DUID,1,"2015/12/17 16:55:00",RUBICON,0,"2015/12/17 16:50:06"
D,METER_DATA,GEN_DUID,1,"2015/12/17 16:55:00",STARHLWF,0.299913,"2015/12/17 16:50:06"
D,METER_DATA,GEN_DUID,1,"2015/12/17 16:55:00",WAUBRAWF,3.3550,"2015/12/17 16:50:06"
D,METER_DATA,GEN_DUID,1,"2015/12/17 16:55:00",WOOLNTH1,42.790016,"2015/12/17 16:50:06"
D,METER_DATA,GEN_DUID,1,"2015/12/17 16:55:00",WPWF,11,"2015/12/17 16:50:06"
D,METER_DATA,GEN_DUID,1,"2015/12/17 16:55:00",YAMBUKWF,12.60,"2015/12/17 16:50:06"
D,METER_DATA,GEN_DUID,1,"2015/12/17 17:00:00",ANGAS1,26.597538,"2015/12/17 16:55:06"
D,METER_DATA,GEN_DUID,1,"2015/12/17 17:00:00",ANGAS2,9.358393,"2015/12/17 16:55:06"
D,METER_DATA,GEN_DUID,1,"2015/12/17 17:00:00",BUTLERSG,-0.000002,"2015/12/17 16:55:06"
D,METER_DATA,GEN_DUID,1,"2015/12/17 17:00:00",CALL_A_4,0,"2015/12/17 16:55:06"
D,METER_DATA,GEN_DUID,1,"2015/12/17 17:00:00",CAPTL_WF,0,"2015/12/17 16:55:06"
D,METER_DATA,GEN_DUID,1,"2015/12/17 17:00:00",CATHROCK,8.20,"2015/12/17 16:55:06"
D,METER_DATA,GEN_DUID,1,"2015/12/17 17:00:00",CHALLHWF,0.90,"2015/12/17 16:55:06"
D,METER_DATA,GEN_DUID,1,"2015/12/17 17:00:00",CLOVER,11.099999,"2015/12/17 16:55:06"
D,METER_DATA,GEN_DUID,1,"2015/12/17 17:00:00",CLUNY,17.0051,"2015/12/17 16:55:06"
D,METER_DATA,GEN_DUID,1,"2015/12/17 17:00:00",CNUNDAWF,12.915066,"2015/12/17 16:55:06"
D,METER_DATA,GEN_DUID,1,"2015/12/17 17:00:00",CULLRGWF,0,"2015/12/17 16:55:06"
D,METER_DATA,GEN_DUID,1,"2015/12/17 17:00:00",ERGT01,0,"2015/12/17 16:55:06"
D,METER_DATA,GEN_DUID,1,"2015/12/17 17:00:00",GB01,0.223328,"2015/12/17 16:55:06"
D,METER_DATA,GEN_DUID,1,"2015/12/17 17:00:00",GERMCRK,34.099998,"2015/12/17 16:55:06"
D,METER_DATA,GEN_DUID,1,"2015/12/17 17:00:00",INVICTA,0,"2015/12/17 16:55:06"
D,METER_DATA,GEN_DUID,1,"2015/12/17 17:00:00",LKBONNY1,18.129801,"2015/12/17 16:55:06"
D,METER_DATA,GEN_DUID,1,"2015/12/17 17:00:00",MBAHNTH,4.800001,"2015/12/17 16:55:06"
D,METER_DATA,GEN_DUID,1,"2015/12/17 17:00:00",MLWF1,2.2950,"2015/12/17 16:55:06"
D,METER_DATA,GEN_DUID,1,"2015/12/17 17:00:00",MTMILLAR,5.960491,"2015/12/17 16:55:06"
D,METER_DATA,GEN_DUID,1,"2015/12/17 17:00:00",PALOONA,8.83,"2015/12/17 16:55:06"
D,METER_DATA,GEN_DUID,1,"2015/12/17 17:00:00",PIONEER,0,"2015/12/17 16:55:06"
D,METER_DATA,GEN_DUID,1,"2015/12/17 17:00:00",PORTWF,35.700001,"2015/12/17 16:55:06"
D,METER_DATA,GEN_DUID,1,"2015/12/17 17:00:00",REPULSE,28.010849,"2015/12/17 16:55:06"
D,METER_DATA,GEN_DUID,1,"2015/12/17 17:00:00",ROWALLAN,0,"2015/12/17 16:55:06"
D,METER_DATA,GEN_DUID,1,"2015/12/17 17:00:00",RPCG,9.80,"2015/12/17 16:55:06"
D,METER_DATA,GEN_DUID,1,"2015/12/17 17:00:00",RUBICON,0,"2015/12/17 16:55:06"
D,METER_DATA,GEN_DUID,1,"2015/12/17 17:00:00",STARHLWF,0.299913,"2015/12/17 16:55:06"
D,METER_DATA,GEN_DUID,1,"2015/12/17 17:00:00",WAUBRAWF,2.5510,"2015/12/17 16:55:06"
D,METER_DATA,GEN_DUID,1,"2015/12/17 17:00:00",WOOLNTH1,35.700016,"2015/12/17 16:55:06"
D,METER_DATA,GEN_DUID,1,"2015/12/17 17:00:00",WPWF,11,"2015/12/17 16:55:06"
D,METER_DATA,GEN_DUID,1,"2015/12/17 17:00:00",YAMBUKWF,14.30,"2015/12/17 16:55:06"
D,METER_DATA,GEN_DUID,1,"2015/12/17 17:05:00",ANGAS1,-0.181465,"2015/12/17 17:00:04"
D,METER_DATA,GEN_DUID,1,"2015/12/17 17:05:00",ANGAS2,-0.133938,"2015/12/17 17:00:04"
D,METER_DATA,GEN_DUID,1,"2015/12/17 17:05:00",BUTLERSG,-0.000002,"2015/12/17 17:00:04"
D,METER_DATA,GEN_DUID,1,"2015/12/17 17:05:00",CALL_A_4,0,"2015/12/17 17:00:04"
D,METER_DATA,GEN_DUID,1,"2015/12/17 17:05:00",CAPTL_WF,0,"2015/12/17 17:00:04"
D,METER_DATA,GEN_DUID,1,"2015/12/17 17:05:00",CATHROCK,8.879999,"2015/12/17 17:00:04"
D,METER_DATA,GEN_DUID,1,"2015/12/17 17:05:00",CHALLHWF,0,"2015/12/17 17:00:04"
D,METER_DATA,GEN_DUID,1,"2015/12/17 17:05:00",CLOVER,10.65,"2015/12/17 17:00:04"
D,METER_DATA,GEN_DUID,1,"2015/12/17 17:05:00",CLUNY,17.219450,"2015/12/17 17:00:04"
D,METER_DATA,GEN_DUID,1,"2015/12/17 17:05:00",CNUNDAWF,13.515766,"2015/12/17 17:00:04"
D,METER_DATA,GEN_DUID,1,"2015/12/17 17:05:00",CULLRGWF,0,"2015/12/17 17:00:04"
D,METER_DATA,GEN_DUID,1,"2015/12/17 17:05:00",ERGT01,0,"2015/12/17 17:00:04"
D,METER_DATA,GEN_DUID,1,"2015/12/17 17:05:00",GB01,0.223328,"2015/12/17 17:00:04"
D,METER_DATA,GEN_DUID,1,"2015/12/17 17:05:00",GERMCRK,33.50,"2015/12/17 17:00:04"
D,METER_DATA,GEN_DUID,1,"2015/12/17 17:05:00",INVICTA,0,"2015/12/17 17:00:04"
D,METER_DATA,GEN_DUID,1,"2015/12/17 17:05:00",LKBONNY1,16.075686,"2015/12/17 17:00:04"
D,METER_DATA,GEN_DUID,1,"2015/12/17 17:05:00",MBAHNTH,4.800001,"2015/12/17 17:00:04"
D,METER_DATA,GEN_DUID,1,"2015/12/17 17:05:00",MLWF1,2.1450,"2015/12/17 17:00:04"
D,METER_DATA,GEN_DUID,1,"2015/12/17 17:05:00",MTMILLAR,6.511147,"2015/12/17 17:00:04"
D,METER_DATA,GEN_DUID,1,"2015/12/17 17:05:00",PALOONA,8.83,"2015/12/17 17:00:04"
D,METER_DATA,GEN_DUID,1,"2015/12/17 17:05:00",PIONEER,0,"2015/12/17 17:00:04"
D,METER_DATA,GEN_DUID,1,"2015/12/17 17:05:00",PORTWF,35.50,"2015/12/17 17:00:04"
D,METER_DATA,GEN_DUID,1,"2015/12/17 17:05:00",REPULSE,26.505505,"2015/12/17 17:00:04"
D,METER_DATA,GEN_DUID,1,"2015/12/17 17:05:00",ROWALLAN,0,"2015/12/17 17:00:04"
D,METER_DATA,GEN_DUID,1,"2015/12/17 17:05:00",RPCG,7.60,"2015/12/17 17:00:04"
D,METER_DATA,GEN_DUID,1,"2015/12/17 17:05:00",RUBICON,0,"2015/12/17 17:00:04"
D,METER_DATA,GEN_DUID,1,"2015/12/17 17:05:00",STARHLWF,0.299913,"2015/12/17 17:00:04"
D,METER_DATA,GEN_DUID,1,"2015/12/17 17:05:00",WAUBRAWF,2.3980,"2015/12/17 17:00:04"
D,METER_DATA,GEN_DUID,1,"2015/12/17 17:05:00",WOOLNTH1,39.230015,"2015/12/17 17:00:04"
D,METER_DATA,GEN_DUID,1,"2015/12/17 17:05:00",WPWF,11,"2015/12/17 17:00:04"
D,METER_DATA,GEN_DUID,1,"2015/12/17 17:05:00",YAMBUKWF,17.700001,"2015/12/17 17:00:04"
D,METER_DATA,GEN_DUID,1,"2015/12/17 17:10:00",ANGAS1,-0.181465,"2015/12/17 17:05:04"
D,METER_DATA,GEN_DUID,1,"2015/12/17 17:10:00",ANGAS2,-0.129618,"2015/12/17 17:05:04"
D,METER_DATA,GEN_DUID,1,"2015/12/17 17:10:00",BUTLERSG,-0.000002,"2015/12/17 17:05:04"
D,METER_DATA,GEN_DUID,1,"2015/12/17 17:10:00",CALL_A_4,0,"2015/12/17 17:05:04"
D,METER_DATA,GEN_DUID,1,"2015/12/17 17:10:00",CAPTL_WF,0,"2015/12/17 17:05:04"
D,METER_DATA,GEN_DUID,1,"2015/12/17 17:10:00",CATHROCK,7.88,"2015/12/17 17:05:04"
D,METER_DATA,GEN_DUID,1,"2015/12/17 17:10:00",CHALLHWF,2,"2015/12/17 17:05:04"
D,METER_DATA,GEN_DUID,1,"2015/12/17 17:10:00",CLOVER,10.07,"2015/12/17 17:05:04"
D,METER_DATA,GEN_DUID,1,"2015/12/17 17:10:00",CLUNY,16.776461,"2015/12/17 17:05:04"
D,METER_DATA,GEN_DUID,1,"2015/12/17 17:10:00",CNUNDAWF,14.617052,"2015/12/17 17:05:04"
D,METER_DATA,GEN_DUID,1,"2015/12/17 17:10:00",CULLRGWF,0,"2015/12/17 17:05:04"
D,METER_DATA,GEN_DUID,1,"2015/12/17 17:10:00",ERGT01,0,"2015/12/17 17:05:04"
D,METER_DATA,GEN_DUID,1,"2015/12/17 17:10:00",GB01,0.223328,"2015/12/17 17:05:04"
D,METER_DATA,GEN_DUID,1,"2015/12/17 17:10:00",GERMCRK,34.799999,"2015/12/17 17:05:04"
D,METER_DATA,GEN_DUID,1,"2015/12/17 17:10:00",INVICTA,0,"2015/12/17 17:05:04"
D,METER_DATA,GEN_DUID,1,"2015/12/17 17:10:00",LKBONNY1,15.897067,"2015/12/17 17:05:04"
D,METER_DATA,GEN_DUID,1,"2015/12/17 17:10:00",MBAHNTH,4.800001,"2015/12/17 17:05:04"
D,METER_DATA,GEN_DUID,1,"2015/12/17 17:10:00",MLWF1,2.3550,"2015/12/17 17:05:04"
D,METER_DATA,GEN_DUID,1,"2015/12/17 17:10:00",MTMILLAR,6.235819,"2015/12/17 17:05:04"
D,METER_DATA,GEN_DUID,1,"2015/12/17 17:10:00",PALOONA,8.78,"2015/12/17 17:05:04"
D,METER_DATA,GEN_DUID,1,"2015/12/17 17:10:00",PIONEER,0,"2015/12/17 17:05:04"
D,METER_DATA,GEN_DUID,1,"2015/12/17 17:10:00",PORTWF,36.50,"2015/12/17 17:05:04"
D,METER_DATA,GEN_DUID,1,"2015/12/17 17:10:00",REPULSE,28.048960,"2015/12/17 17:05:04"
D,METER_DATA,GEN_DUID,1,"2015/12/17 17:10:00",ROWALLAN,0,"2015/12/17 17:05:04"
D,METER_DATA,GEN_DUID,1,"2015/12/17 17:10:00",RPCG,8.60,"2015/12/17 17:05:04"
D,METER_DATA,GEN_DUID,1,"2015/12/17 17:10:00",RUBICON,0,"2015/12/17 17:05:04"
D,METER_DATA,GEN_DUID,1,"2015/12/17 17:10:00",STARHLWF,0.299913,"2015/12/17 17:05:04"
D,METER_DATA,GEN_DUID,1,"2015/12/17 17:10:00",WAUBRAWF,3.8150,"2015/12/17 17:05:04"
D,METER_DATA,GEN_DUID,1,"2015/12/17 17:10:00",WOOLNTH1,43.270016,"2015/12/17 17:05:04"
D,METER_DATA,GEN_DUID,1,"2015/12/17 17:10:00",WPWF,11,"2015/12/17 17:05:04"
D,METER_DATA,GEN_DUID,1,"2015/12/17 17:10:00",YAMBUKWF,18,"2015/12/17 17:05:04"
D,METER_DATA,GEN_DUID,1,"2015/12/17 17:15:00",ANGAS1,-0.181465,"2015/12/17 17:10:05"
D,METER_DATA,GEN_DUID,1,"2015/12/17 17:15:00",ANGAS2,-0.129618,"2015/12/17 17:10:05"
D,METER_DATA,GEN_DUID,1,"2015/12/17 17:15:00",BUTLERSG,-0.000002,"2015/12/17 17:10:05"
D,METER_DATA,GEN_DUID,1,"2015/12/17 17:15:00",CALL_A_4,0,"2015/12/17 17:10:05"
D,METER_DATA,GEN_DUID,1,"2015/12/17 17:15:00",CAPTL_WF,0,"2015/12/17 17:10:05"
D,METER_DATA,GEN_DUID,1,"2015/12/17 17:15:00",CATHROCK,6.369999,"2015/12/17 17:10:05"
D,METER_DATA,GEN_DUID,1,"2015/12/17 17:15:00",CHALLHWF,1.50,"2015/12/17 17:10:05"
D,METER_DATA,GEN_DUID,1,"2015/12/17 17:15:00",CLOVER,10.46,"2015/12/17 17:10:05"
D,METER_DATA,GEN_DUID,1,"2015/12/17 17:15:00",CLUNY,17.262320,"2015/12/17 17:10:05"
D,METER_DATA,GEN_DUID,1,"2015/12/17 17:15:00",CNUNDAWF,14.817286,"2015/12/17 17:10:05"
D,METER_DATA,GEN_DUID,1,"2015/12/17 17:15:00",CULLRGWF,0,"2015/12/17 17:10:05"
D,METER_DATA,GEN_DUID,1,"2015/12/17 17:15:00",ERGT01,0,"2015/12/17 17:10:05"
D,METER_DATA,GEN_DUID,1,"2015/12/17 17:15:00",GB01,0.223328,"2015/12/17 17:10:05"
D,METER_DATA,GEN_DUID,1,"2015/12/17 17:15:00",GERMCRK,34.900002,"2015/12/17 17:10:05"
D,METER_DATA,GEN_DUID,1,"2015/12/17 17:15:00",INVICTA,0,"2015/12/17 17:10:05"
D,METER_DATA,GEN_DUID,1,"2015/12/17 17:15:00",LKBONNY1,17.147398,"2015/12/17 17:10:05"
D,METER_DATA,GEN_DUID,1,"2015/12/17 17:15:00",MBAHNTH,4.800001,"2015/12/17 17:10:05"
D,METER_DATA,GEN_DUID,1,"2015/12/17 17:15:00",MLWF1,1.6650,"2015/12/17 17:10:05"
D,METER_DATA,GEN_DUID,1,"2015/12/17 17:15:00",MTMILLAR,5.856312,"2015/12/17 17:10:05"
D,METER_DATA,GEN_DUID,1,"2015/12/17 17:15:00",PALOONA,8.78,"2015/12/17 17:10:05"
D,METER_DATA,GEN_DUID,1,"2015/12/17 17:15:00",PIONEER,0,"2015/12/17 17:10:05"
D,METER_DATA,GEN_DUID,1,"2015/12/17 17:15:00",PORTWF,35.900002,"2015/12/17 17:10:05"
D,METER_DATA,GEN_DUID,1,"2015/12/17 17:15:00",REPULSE,28.9636,"2015/12/17 17:10:05"
D,METER_DATA,GEN_DUID,1,"2015/12/17 17:15:00",ROWALLAN,0,"2015/12/17 17:10:05"
D,METER_DATA,GEN_DUID,1,"2015/12/17 17:15:00",RPCG,10.80,"2015/12/17 17:10:05"
D,METER_DATA,GEN_DUID,1,"2015/12/17 17:15:00",RUBICON,0,"2015/12/17 17:10:05"
D,METER_DATA,GEN_DUID,1,"2015/12/17 17:15:00",STARHLWF,0.299913,"2015/12/17 17:10:05"
D,METER_DATA,GEN_DUID,1,"2015/12/17 17:15:00",WAUBRAWF,2.27,"2015/12/17 17:10:05"
D,METER_DATA,GEN_DUID,1,"2015/12/17 17:15:00",WOOLNTH1,42.400017,"2015/12/17 17:10:05"
D,METER_DATA,GEN_DUID,1,"2015/12/17 17:15:00",WPWF,12,"2015/12/17 17:10:05"
D,METER_DATA,GEN_DUID,1,"2015/12/17 17:15:00",YAMBUKWF,20.299999,"2015/12/17 17:10:05"
D,METER_DATA,GEN_DUID,1,"2015/12/17 17:20:00",ANGAS1,25.223591,"2015/12/17 17:15:05"
D,METER_DATA,GEN_DUID,1,"2015/12/17 17:20:00",ANGAS2,9.215814,"2015/12/17 17:15:05"
D,METER_DATA,GEN_DUID,1,"2015/12/17 17:20:00",BUTLERSG,-0.000002,"2015/12/17 17:15:05"
D,METER_DATA,GEN_DUID,1,"2015/12/17 17:20:00",CALL_A_4,0,"2015/12/17 17:15:05"
D,METER_DATA,GEN_DUID,1,"2015/12/17 17:20:00",CAPTL_WF,0,"2015/12/17 17:15:05"
D,METER_DATA,GEN_DUID,1,"2015/12/17 17:20:00",CATHROCK,6.47,"2015/12/17 17:15:05"
D,METER_DATA,GEN_DUID,1,"2015/12/17 17:20:00",CHALLHWF,2.30,"2015/12/17 17:15:05"
D,METER_DATA,GEN_DUID,1,"2015/12/17 17:20:00",CLOVER,10.469999,"2015/12/17 17:15:05"
D,METER_DATA,GEN_DUID,1,"2015/12/17 17:20:00",CLUNY,17.119421,"2015/12/17 17:15:05"
D,METER_DATA,GEN_DUID,1,"2015/12/17 17:20:00",CNUNDAWF,16.218920,"2015/12/17 17:15:05"
D,METER_DATA,GEN_DUID,1,"2015/12/17 17:20:00",CULLRGWF,0,"2015/12/17 17:15:05"
D,METER_DATA,GEN_DUID,1,"2015/12/17 17:20:00",ERGT01,0,"2015/12/17 17:15:05"
D,METER_DATA,GEN_DUID,1,"2015/12/17 17:20:00",GB01,0.223328,"2015/12/17 17:15:05"
D,METER_DATA,GEN_DUID,1,"2015/12/17 17:20:00",GERMCRK,35.700001,"2015/12/17 17:15:05"
D,METER_DATA,GEN_DUID,1,"2015/12/17 17:20:00",INVICTA,0,"2015/12/17 17:15:05"
D,METER_DATA,GEN_DUID,1,"2015/12/17 17:20:00",LKBONNY1,18.219110,"2015/12/17 17:15:05"
D,METER_DATA,GEN_DUID,1,"2015/12/17 17:20:00",MBAHNTH,4.800001,"2015/12/17 17:15:05"
D,METER_DATA,GEN_DUID,1,"2015/12/17 17:20:00",MLWF1,2.6550,"2015/12/17 17:15:05"
D,METER_DATA,GEN_DUID,1,"2015/12/17 17:20:00",MTMILLAR,5.536336,"2015/12/17 17:15:05"
D,METER_DATA,GEN_DUID,1,"2015/12/17 17:20:00",PALOONA,8.78,"2015/12/17 17:15:05"
D,METER_DATA,GEN_DUID,1,"2015/12/17 17:20:00",PIONEER,0,"2015/12/17 17:15:05"
D,METER_DATA,GEN_DUID,1,"2015/12/17 17:20:00",PORTWF,34.099998,"2015/12/17 17:15:05"
D,METER_DATA,GEN_DUID,1,"2015/12/17 17:20:00",REPULSE,27.763134,"2015/12/17 17:15:05"
D,METER_DATA,GEN_DUID,1,"2015/12/17 17:20:00",ROWALLAN,0,"2015/12/17 17:15:05"
D,METER_DATA,GEN_DUID,1,"2015/12/17 17:20:00",RPCG,10.80,"2015/12/17 17:15:05"
D,METER_DATA,GEN_DUID,1,"2015/12/17 17:20:00",RUBICON,0,"2015/12/17 17:15:05"
D,METER_DATA,GEN_DUID,1,"2015/12/17 17:20:00",STARHLWF,0.299913,"2015/12/17 17:15:05"
D,METER_DATA,GEN_DUID,1,"2015/12/17 17:20:00",WAUBRAWF,3.7130,"2015/12/17 17:15:05"
D,METER_DATA,GEN_DUID,1,"2015/12/17 17:20:00",WOOLNTH1,43.790016,"2015/12/17 17:15:05"
D,METER_DATA,GEN_DUID,1,"2015/12/17 17:20:00",WPWF,11,"2015/12/17 17:15:05"
D,METER_DATA,GEN_DUID,1,"2015/12/17 17:20:00",YAMBUKWF,18.200001,"2015/12/17 17:15:05"
D,METER_DATA,GEN_DUID,1,"2015/12/17 17:25:00",ANGAS1,28.196156,"2015/12/17 17:20:04"
D,METER_DATA,GEN_DUID,1,"2015/12/17 17:25:00",ANGAS2,9.345431,"2015/12/17 17:20:04"
D,METER_DATA,GEN_DUID,1,"2015/12/17 17:25:00",BUTLERSG,-0.000002,"2015/12/17 17:20:04"
D,METER_DATA,GEN_DUID,1,"2015/12/17 17:25:00",CALL_A_4,0,"2015/12/17 17:20:04"
D,METER_DATA,GEN_DUID,1,"2015/12/17 17:25:00",CAPTL_WF,0,"2015/12/17 17:20:04"
D,METER_DATA,GEN_DUID,1,"2015/12/17 17:25:00",CATHROCK,5.96,"2015/12/17 17:20:04"
D,METER_DATA,GEN_DUID,1,"2015/12/17 17:25:00",CHALLHWF,3.80,"2015/12/17 17:20:04"
D,METER_DATA,GEN_DUID,1,"2015/12/17 17:25:00",CLOVER,10.61,"2015/12/17 17:20:04"
D,METER_DATA,GEN_DUID,1,"2015/12/17 17:25:00",CLUNY,17.162291,"2015/12/17 17:20:04"
D,METER_DATA,GEN_DUID,1,"2015/12/17 17:25:00",CNUNDAWF,16.319038,"2015/12/17 17:20:04"
D,METER_DATA,GEN_DUID,1,"2015/12/17 17:25:00",CULLRGWF,0,"2015/12/17 17:20:04"
D,METER_DATA,GEN_DUID,1,"2015/12/17 17:25:00",ERGT01,0,"2015/12/17 17:20:04"
D,METER_DATA,GEN_DUID,1,"2015/12/17 17:25:00",GB01,0.223328,"2015/12/17 17:20:04"
D,METER_DATA,GEN_DUID,1,"2015/12/17 17:25:00",GERMCRK,35.700001,"2015/12/17 17:20:04"
D,METER_DATA,GEN_DUID,1,"2015/12/17 17:25:00",INVICTA,0,"2015/12/17 17:20:04"
D,METER_DATA,GEN_DUID,1,"2015/12/17 17:25:00",LKBONNY1,19.915989,"2015/12/17 17:20:04"
D,METER_DATA,GEN_DUID,1,"2015/12/17 17:25:00",MBAHNTH,4.800001,"2015/12/17 17:20:04"
D,METER_DATA,GEN_DUID,1,"2015/12/17 17:25:00",MLWF1,4.08,"2015/12/17 17:20:04"
D,METER_DATA,GEN_DUID,1,"2015/12/17 17:25:00",MTMILLAR,5.067533,"2015/12/17 17:20:04"
D,METER_DATA,GEN_DUID,1,"2015/12/17 17:25:00",PALOONA,8.889999,"2015/12/17 17:20:04"
D,METER_DATA,GEN_DUID,1,"2015/12/17 17:25:00",PIONEER,0,"2015/12/17 17:20:04"
D,METER_DATA,GEN_DUID,1,"2015/12/17 17:25:00",PORTWF,36,"2015/12/17 17:20:04"
D,METER_DATA,GEN_DUID,1,"2015/12/17 17:25:00",REPULSE,28.620609,"2015/12/17 17:20:04"
D,METER_DATA,GEN_DUID,1,"2015/12/17 17:25:00",ROWALLAN,0,"2015/12/17 17:20:04"
D,METER_DATA,GEN_DUID,1,"2015/12/17 17:25:00",RPCG,8.50,"2015/12/17 17:20:04"
D,METER_DATA,GEN_DUID,1,"2015/12/17 17:25:00",RUBICON,0,"2015/12/17 17:20:04"
D,METER_DATA,GEN_DUID,1,"2015/12/17 17:25:00",STARHLWF,0.199942,"2015/12/17 17:20:04"
D,METER_DATA,GEN_DUID,1,"2015/12/17 17:25:00",WAUBRAWF,6.0160,"2015/12/17 17:20:04"
D,METER_DATA,GEN_DUID,1,"2015/12/17 17:25:00",WOOLNTH1,44.140015,"2015/12/17 17:20:04"
D,METER_DATA,GEN_DUID,1,"2015/12/17 17:25:00",WPWF,11,"2015/12/17 17:20:04"
D,METER_DATA,GEN_DUID,1,"2015/12/17 17:25:00",YAMBUKWF,18.10,"2015/12/17 17:20:04"
D,METER_DATA,GEN_DUID,1,"2015/12/17 17:30:00",ANGAS1,28.122705,"2015/12/17 17:25:04"
D,METER_DATA,GEN_DUID,1,"2015/12/17 17:30:00",ANGAS2,9.345431,"2015/12/17 17:25:04"
D,METER_DATA,GEN_DUID,1,"2015/12/17 17:30:00",BUTLERSG,-0.000002,"2015/12/17 17:25:04"
D,METER_DATA,GEN_DUID,1,"2015/12/17 17:30:00",CALL_A_4,0,"2015/12/17 17:25:04"
D,METER_DATA,GEN_DUID,1,"2015/12/17 17:30:00",CAPTL_WF,0,"2015/12/17 17:25:04"
D,METER_DATA,GEN_DUID,1,"2015/12/17 17:30:00",CATHROCK,5.98,"2015/12/17 17:25:04"
D,METER_DATA,GEN_DUID,1,"2015/12/17 17:30:00",CHALLHWF,3.60,"2015/12/17 17:25:04"
D,METER_DATA,GEN_DUID,1,"2015/12/17 17:30:00",CLOVER,10.11,"2015/12/17 17:25:04"
D,METER_DATA,GEN_DUID,1,"2015/12/17 17:30:00",CLUNY,16.8622,"2015/12/17 17:25:04"
D,METER_DATA,GEN_DUID,1,"2015/12/17 17:30:00",CNUNDAWF,15.017518,"2015/12/17 17:25:04"
D,METER_DATA,GEN_DUID,1,"2015/12/17 17:30:00",CULLRGWF,0,"2015/12/17 17:25:04"
D,METER_DATA,GEN_DUID,1,"2015/12/17 17:30:00",ERGT01,0,"2015/12/17 17:25:04"
D,METER_DATA,GEN_DUID,1,"2015/12/17 17:30:00",GB01,0.223328,"2015/12/17 17:25:04"
D,METER_DATA,GEN_DUID,1,"2015/12/17 17:30:00",GERMCRK,35.799999,"2015/12/17 17:25:04"
D,METER_DATA,GEN_DUID,1,"2015/12/17 17:30:00",INVICTA,0,"2015/12/17 17:25:04"
D,METER_DATA,GEN_DUID,1,"2015/12/17 17:30:00",LKBONNY1,19.915989,"2015/12/17 17:25:04"
D,METER_DATA,GEN_DUID,1,"2015/12/17 17:30:00",MBAHNTH,4.800001,"2015/12/17 17:25:04"
D,METER_DATA,GEN_DUID,1,"2015/12/17 17:30:00",MLWF1,8.5950,"2015/12/17 17:25:04"
D,METER_DATA,GEN_DUID,1,"2015/12/17 17:30:00",MTMILLAR,4.606172,"2015/12/17 17:25:04"
D,METER_DATA,GEN_DUID,1,"2015/12/17 17:30:00",PALOONA,8.73,"2015/12/17 17:25:04"
D,METER_DATA,GEN_DUID,1,"2015/12/17 17:30:00",PIONEER,0,"2015/12/17 17:25:04"
D,METER_DATA,GEN_DUID,1,"2015/12/17 17:30:00",PORTWF,38.299999,"2015/12/17 17:25:04"
D,METER_DATA,GEN_DUID,1,"2015/12/17 17:30:00",REPULSE,26.886604,"2015/12/17 17:25:04"
D,METER_DATA,GEN_DUID,1,"2015/12/17 17:30:00",ROWALLAN,0,"2015/12/17 17:25:04"
D,METER_DATA,GEN_DUID,1,"2015/12/17 17:30:00",RPCG,7.40,"2015/12/17 17:25:04"
D,METER_DATA,GEN_DUID,1,"2015/12/17 17:30:00",RUBICON,0,"2015/12/17 17:25:04"
D,METER_DATA,GEN_DUID,1,"2015/12/17 17:30:00",STARHLWF,0.199942,"2015/12/17 17:25:04"
D,METER_DATA,GEN_DUID,1,"2015/12/17 17:30:00",WAUBRAWF,8.9960,"2015/12/17 17:25:04"
D,METER_DATA,GEN_DUID,1,"2015/12/17 17:30:00",WOOLNTH1,46.730019,"2015/12/17 17:25:04"
D,METER_DATA,GEN_DUID,1,"2015/12/17 17:30:00",WPWF,10,"2015/12/17 17:25:04"
D,METER_DATA,GEN_DUID,1,"2015/12/17 17:30:00",YAMBUKWF,15.70,"2015/12/17 17:25:04"
D,METER_DATA,GEN_DUID,1,"2015/12/17 17:35:00",ANGAS1,28.217758,"2015/12/17 17:30:04"
D,METER_DATA,GEN_DUID,1,"2015/12/17 17:35:00",ANGAS2,9.345431,"2015/12/17 17:30:04"
D,METER_DATA,GEN_DUID,1,"2015/12/17 17:35:00",BUTLERSG,-0.000002,"2015/12/17 17:30:04"
D,METER_DATA,GEN_DUID,1,"2015/12/17 17:35:00",CALL_A_4,0,"2015/12/17 17:30:04"
D,METER_DATA,GEN_DUID,1,"2015/12/17 17:35:00",CAPTL_WF,0,"2015/12/17 17:30:04"
D,METER_DATA,GEN_DUID,1,"2015/12/17 17:35:00",CATHROCK,5.809999,"2015/12/17 17:30:04"
D,METER_DATA,GEN_DUID,1,"2015/12/17 17:35:00",CHALLHWF,3.10,"2015/12/17 17:30:04"
D,METER_DATA,GEN_DUID,1,"2015/12/17 17:35:00",CLOVER,10.62,"2015/12/17 17:30:04"
D,METER_DATA,GEN_DUID,1,"2015/12/17 17:35:00",CLUNY,17.047970,"2015/12/17 17:30:04"
D,METER_DATA,GEN_DUID,1,"2015/12/17 17:35:00",CNUNDAWF,16.118803,"2015/12/17 17:30:04"
D,METER_DATA,GEN_DUID,1,"2015/12/17 17:35:00",CULLRGWF,0,"2015/12/17 17:30:04"
D,METER_DATA,GEN_DUID,1,"2015/12/17 17:35:00",ERGT01,0,"2015/12/17 17:30:04"
D,METER_DATA,GEN_DUID,1,"2015/12/17 17:35:00",GB01,0.223328,"2015/12/17 17:30:04"
D,METER_DATA,GEN_DUID,1,"2015/12/17 17:35:00",GERMCRK,36.700001,"2015/12/17 17:30:04"
D,METER_DATA,GEN_DUID,1,"2015/12/17 17:35:00",INVICTA,0,"2015/12/17 17:30:04"
D,METER_DATA,GEN_DUID,1,"2015/12/17 17:35:00",LKBONNY1,18.933584,"2015/12/17 17:30:04"
D,METER_DATA,GEN_DUID,1,"2015/12/17 17:35:00",MBAHNTH,4.800001,"2015/12/17 17:30:04"
D,METER_DATA,GEN_DUID,1,"2015/12/17 17:35:00",MLWF1,9.21,"2015/12/17 17:30:04"
D,METER_DATA,GEN_DUID,1,"2015/12/17 17:35:00",MTMILLAR,4.211782,"2015/12/17 17:30:04"
D,METER_DATA,GEN_DUID,1,"2015/12/17 17:35:00",PALOONA,8.83,"2015/12/17 17:30:04"
D,METER_DATA,GEN_DUID,1,"2015/12/17 17:35:00",PIONEER,0,"2015/12/17 17:30:04"
D,METER_DATA,GEN_DUID,1,"2015/12/17 17:35:00",PORTWF,40.799999,"2015/12/17 17:30:04"
D,METER_DATA,GEN_DUID,1,"2015/12/17 17:35:00",REPULSE,28.658720,"2015/12/17 17:30:04"
D,METER_DATA,GEN_DUID,1,"2015/12/17 17:35:00",ROWALLAN,0,"2015/12/17 17:30:04"
D,METER_DATA,GEN_DUID,1,"2015/12/17 17:35:00",RPCG,9.60,"2015/12/17 17:30:04"
D,METER_DATA,GEN_DUID,1,"2015/12/17 17:35:00",RUBICON,0,"2015/12/17 17:30:04"
D,METER_DATA,GEN_DUID,1,"2015/12/17 17:35:00",STARHLWF,0.599825,"2015/12/17 17:30:04"
D,METER_DATA,GEN_DUID,1,"2015/12/17 17:35:00",WAUBRAWF,12.9820,"2015/12/17 17:30:04"
D,METER_DATA,GEN_DUID,1,"2015/12/17 17:35:00",WOOLNTH1,48.520016,"2015/12/17 17:30:04"
D,METER_DATA,GEN_DUID,1,"2015/12/17 17:35:00",WPWF,9,"2015/12/17 17:30:04"
D,METER_DATA,GEN_DUID,1,"2015/12/17 17:35:00",YAMBUKWF,15.20,"2015/12/17 17:30:04"
D,METER_DATA,GEN_DUID,1,"2015/12/17 17:40:00",ANGAS1,27.733852,"2015/12/17 17:35:04"
D,METER_DATA,GEN_DUID,1,"2015/12/17 17:40:00",ANGAS2,8.991143,"2015/12/17 17:35:04"
D,METER_DATA,GEN_DUID,1,"2015/12/17 17:40:00",BUTLERSG,-0.000002,"2015/12/17 17:35:04"
D,METER_DATA,GEN_DUID,1,"2015/12/17 17:40:00",CALL_A_4,0,"2015/12/17 17:35:04"
D,METER_DATA,GEN_DUID,1,"2015/12/17 17:40:00",CAPTL_WF,0,"2015/12/17 17:35:04"
D,METER_DATA,GEN_DUID,1,"2015/12/17 17:40:00",CATHROCK,6.15,"2015/12/17 17:35:04"
D,METER_DATA,GEN_DUID,1,"2015/12/17 17:40:00",CHALLHWF,4,"2015/12/17 17:35:04"
D,METER_DATA,GEN_DUID,1,"2015/12/17 17:40:00",CLOVER,10.29,"2015/12/17 17:35:04"
D,METER_DATA,GEN_DUID,1,"2015/12/17 17:40:00",CLUNY,16.890779,"2015/12/17 17:35:04"
D,METER_DATA,GEN_DUID,1,"2015/12/17 17:40:00",CNUNDAWF,17.220089,"2015/12/17 17:35:04"
D,METER_DATA,GEN_DUID,1,"2015/12/17 17:40:00",CULLRGWF,0,"2015/12/17 17:35:04"
D,METER_DATA,GEN_DUID,1,"2015/12/17 17:40:00",ERGT01,0,"2015/12/17 17:35:04"
D,METER_DATA,GEN_DUID,1,"2015/12/17 17:40:00",GB01,0.221573,"2015/12/17 17:35:04"
D,METER_DATA,GEN_DUID,1,"2015/12/17 17:40:00",GERMCRK,35.599998,"2015/12/17 17:35:04"
D,METER_DATA,GEN_DUID,1,"2015/12/17 17:40:00",INVICTA,0,"2015/12/17 17:35:04"
D,METER_DATA,GEN_DUID,1,"2015/12/17 17:40:00",LKBONNY1,21.255629,"2015/12/17 17:35:04"
D,METER_DATA,GEN_DUID,1,"2015/12/17 17:40:00",MBAHNTH,4.800001,"2015/12/17 17:35:04"
D,METER_DATA,GEN_DUID,1,"2015/12/17 17:40:00",MLWF1,9.99,"2015/12/17 17:35:04"
D,METER_DATA,GEN_DUID,1,"2015/12/17 17:40:00",MTMILLAR,3.795069,"2015/12/17 17:35:04"
D,METER_DATA,GEN_DUID,1,"2015/12/17 17:40:00",PALOONA,8.83,"2015/12/17 17:35:04"
D,METER_DATA,GEN_DUID,1,"2015/12/17 17:40:00",PIONEER,0,"2015/12/17 17:35:04"
D,METER_DATA,GEN_DUID,1,"2015/12/17 17:40:00",PORTWF,40.700001,"2015/12/17 17:35:04"
D,METER_DATA,GEN_DUID,1,"2015/12/17 17:40:00",REPULSE,27.000935,"2015/12/17 17:35:04"
D,METER_DATA,GEN_DUID,1,"2015/12/17 17:40:00",ROWALLAN,0,"2015/12/17 17:35:04"
D,METER_DATA,GEN_DUID,1,"2015/12/17 17:40:00",RPCG,9.60,"2015/12/17 17:35:04"
D,METER_DATA,GEN_DUID,1,"2015/12/17 17:40:00",RUBICON,0,"2015/12/17 17:35:04"
D,METER_DATA,GEN_DUID,1,"2015/12/17 17:40:00",STARHLWF,0.999708,"2015/12/17 17:35:04"
D,METER_DATA,GEN_DUID,1,"2015/12/17 17:40:00",WAUBRAWF,14.0970,"2015/12/17 17:35:04"
D,METER_DATA,GEN_DUID,1,"2015/12/17 17:40:00",WOOLNTH1,50.660015,"2015/12/17 17:35:04"
D,METER_DATA,GEN_DUID,1,"2015/12/17 17:40:00",WPWF,8,"2015/12/17 17:35:04"
D,METER_DATA,GEN_DUID,1,"2015/12/17 17:40:00",YAMBUKWF,11.60,"2015/12/17 17:35:04"
D,METER_DATA,GEN_DUID,1,"2015/12/17 17:45:00",ANGAS1,26.187082,"2015/12/17 17:40:05"
D,METER_DATA,GEN_DUID,1,"2015/12/17 17:45:00",ANGAS2,9.077555,"2015/12/17 17:40:05"
D,METER_DATA,GEN_DUID,1,"2015/12/17 17:45:00",BUTLERSG,-0.000002,"2015/12/17 17:40:05"
D,METER_DATA,GEN_DUID,1,"2015/12/17 17:45:00",CALL_A_4,0,"2015/12/17 17:40:05"
D,METER_DATA,GEN_DUID,1,"2015/12/17 17:45:00",CAPTL_WF,0,"2015/12/17 17:40:05"
D,METER_DATA,GEN_DUID,1,"2015/12/17 17:45:00",CATHROCK,6.51,"2015/12/17 17:40:05"
D,METER_DATA,GEN_DUID,1,"2015/12/17 17:45:00",CHALLHWF,4.30,"2015/12/17 17:40:05"
D,METER_DATA,GEN_DUID,1,"2015/12/17 17:45:00",CLOVER,10.40,"2015/12/17 17:40:05"
D,METER_DATA,GEN_DUID,1,"2015/12/17 17:45:00",CLUNY,17.019390,"2015/12/17 17:40:05"
D,METER_DATA,GEN_DUID,1,"2015/12/17 17:45:00",CNUNDAWF,18.321373,"2015/12/17 17:40:05"
D,METER_DATA,GEN_DUID,1,"2015/12/17 17:45:00",CULLRGWF,0,"2015/12/17 17:40:05"
D,METER_DATA,GEN_DUID,1,"2015/12/17 17:45:00",ERGT01,0,"2015/12/17 17:40:05"
D,METER_DATA,GEN_DUID,1,"2015/12/17 17:45:00",GB01,0.221573,"2015/12/17 17:40:05"
D,METER_DATA,GEN_DUID,1,"2015/12/17 17:45:00",GERMCRK,35.700001,"2015/12/17 17:40:05"
D,METER_DATA,GEN_DUID,1,"2015/12/17 17:45:00",INVICTA,0,"2015/12/17 17:40:05"
D,METER_DATA,GEN_DUID,1,"2015/12/17 17:45:00",LKBONNY1,22.327341,"2015/12/17 17:40:05"
D,METER_DATA,GEN_DUID,1,"2015/12/17 17:45:00",MBAHNTH,4.800001,"2015/12/17 17:40:05"
D,METER_DATA,GEN_DUID,1,"2015/12/17 17:45:00",MLWF1,11.67,"2015/12/17 17:40:05"
D,METER_DATA,GEN_DUID,1,"2015/12/17 17:45:00",MTMILLAR,4.159693,"2015/12/17 17:40:05"
D,METER_DATA,GEN_DUID,1,"2015/12/17 17:45:00",PALOONA,8.83,"2015/12/17 17:40:05"
D,METER_DATA,GEN_DUID,1,"2015/12/17 17:45:00",PIONEER,0,"2015/12/17 17:40:05"
D,METER_DATA,GEN_DUID,1,"2015/12/17 17:45:00",PORTWF,40.200001,"2015/12/17 17:40:05"
D,METER_DATA,GEN_DUID,1,"2015/12/17 17:45:00",REPULSE,27.839354,"2015/12/17 17:40:05"
D,METER_DATA,GEN_DUID,1,"2015/12/17 17:45:00",ROWALLAN,0,"2015/12/17 17:40:05"
D,METER_DATA,GEN_DUID,1,"2015/12/17 17:45:00",RPCG,9.60,"2015/12/17 17:40:05"
D,METER_DATA,GEN_DUID,1,"2015/12/17 17:45:00",RUBICON,0,"2015/12/17 17:40:05"
D,METER_DATA,GEN_DUID,1,"2015/12/17 17:45:00",STARHLWF,1.399592,"2015/12/17 17:40:05"
D,METER_DATA,GEN_DUID,1,"2015/12/17 17:45:00",WAUBRAWF,17.698999,"2015/12/17 17:40:05"
D,METER_DATA,GEN_DUID,1,"2015/12/17 17:45:00",WOOLNTH1,45.260017,"2015/12/17 17:40:05"
D,METER_DATA,GEN_DUID,1,"2015/12/17 17:45:00",WPWF,7,"2015/12/17 17:40:05"
D,METER_DATA,GEN_DUID,1,"2015/12/17 17:45:00",YAMBUKWF,8.70,"2015/12/17 17:40:05"
D,METER_DATA,GEN_DUID,1,"2015/12/17 17:50:00",ANGAS1,27.621517,"2015/12/17 17:45:04"
D,METER_DATA,GEN_DUID,1,"2015/12/17 17:50:00",ANGAS2,9.319508,"2015/12/17 17:45:04"
D,METER_DATA,GEN_DUID,1,"2015/12/17 17:50:00",BUTLERSG,-0.000002,"2015/12/17 17:45:04"
D,METER_DATA,GEN_DUID,1,"2015/12/17 17:50:00",CALL_A_4,0,"2015/12/17 17:45:04"
D,METER_DATA,GEN_DUID,1,"2015/12/17 17:50:00",CAPTL_WF,0,"2015/12/17 17:45:04"
D,METER_DATA,GEN_DUID,1,"2015/12/17 17:50:00",CATHROCK,7.139999,"2015/12/17 17:45:04"
D,METER_DATA,GEN_DUID,1,"2015/12/17 17:50:00",CHALLHWF,4.70,"2015/12/17 17:45:04"
D,METER_DATA,GEN_DUID,1,"2015/12/17 17:50:00",CLOVER,10.48,"2015/12/17 17:45:04"
D,METER_DATA,GEN_DUID,1,"2015/12/17 17:50:00",CLUNY,16.976521,"2015/12/17 17:45:04"
D,METER_DATA,GEN_DUID,1,"2015/12/17 17:50:00",CNUNDAWF,16.419153,"2015/12/17 17:45:04"
D,METER_DATA,GEN_DUID,1,"2015/12/17 17:50:00",CULLRGWF,0,"2015/12/17 17:45:04"
D,METER_DATA,GEN_DUID,1,"2015/12/17 17:50:00",ERGT01,0,"2015/12/17 17:45:04"
D,METER_DATA,GEN_DUID,1,"2015/12/17 17:50:00",GB01,0.221573,"2015/12/17 17:45:04"
D,METER_DATA,GEN_DUID,1,"2015/12/17 17:50:00",GERMCRK,36.400002,"2015/12/17 17:45:04"
D,METER_DATA,GEN_DUID,1,"2015/12/17 17:50:00",INVICTA,0,"2015/12/17 17:45:04"
D,METER_DATA,GEN_DUID,1,"2015/12/17 17:50:00",LKBONNY1,22.327341,"2015/12/17 17:45:04"
D,METER_DATA,GEN_DUID,1,"2015/12/17 17:50:00",MBAHNTH,4.800001,"2015/12/17 17:45:04"
D,METER_DATA,GEN_DUID,1,"2015/12/17 17:50:00",MLWF1,11.549999,"2015/12/17 17:45:04"
D,METER_DATA,GEN_DUID,1,"2015/12/17 17:50:00",MTMILLAR,4.003426,"2015/12/17 17:45:04"
D,METER_DATA,GEN_DUID,1,"2015/12/17 17:50:00",PALOONA,8.72,"2015/12/17 17:45:04"
D,METER_DATA,GEN_DUID,1,"2015/12/17 17:50:00",PIONEER,0,"2015/12/17 17:45:04"
D,METER_DATA,GEN_DUID,1,"2015/12/17 17:50:00",PORTWF,40.599998,"2015/12/17 17:45:04"
D,METER_DATA,GEN_DUID,1,"2015/12/17 17:50:00",REPULSE,28.353840,"2015/12/17 17:45:04"
D,METER_DATA,GEN_DUID,1,"2015/12/17 17:50:00",ROWALLAN,0.4757,"2015/12/17 17:45:04"
D,METER_DATA,GEN_DUID,1,"2015/12/17 17:50:00",RPCG,8.50,"2015/12/17 17:45:04"
D,METER_DATA,GEN_DUID,1,"2015/12/17 17:50:00",RUBICON,0,"2015/12/17 17:45:04"
D,METER_DATA,GEN_DUID,1,"2015/12/17 17:50:00",STARHLWF,1.799475,"2015/12/17 17:45:04"
D,METER_DATA,GEN_DUID,1,"2015/12/17 17:50:00",WAUBRAWF,14.0590,"2015/12/17 17:45:04"
D,METER_DATA,GEN_DUID,1,"2015/12/17 17:50:00",WOOLNTH1,43.530014,"2015/12/17 17:45:04"
D,METER_DATA,GEN_DUID,1,"2015/12/17 17:50:00",WPWF,5,"2015/12/17 17:45:04"
D,METER_DATA,GEN_DUID,1,"2015/12/17 17:50:00",YAMBUKWF,4.50,"2015/12/17 17:45:04"
D,METER_DATA,GEN_DUID,1,"2015/12/17 17:55:00",ANGAS1,28.243681,"2015/12/17 17:50:04"
D,METER_DATA,GEN_DUID,1,"2015/12/17 17:55:00",ANGAS2,9.306545,"2015/12/17 17:50:04"
D,METER_DATA,GEN_DUID,1,"2015/12/17 17:55:00",BUTLERSG,-0.000002,"2015/12/17 17:50:04"
D,METER_DATA,GEN_DUID,1,"2015/12/17 17:55:00",CALL_A_4,0,"2015/12/17 17:50:04"
D,METER_DATA,GEN_DUID,1,"2015/12/17 17:55:00",CAPTL_WF,0,"2015/12/17 17:50:04"
D,METER_DATA,GEN_DUID,1,"2015/12/17 17:55:00",CATHROCK,7.57,"2015/12/17 17:50:04"
D,METER_DATA,GEN_DUID,1,"2015/12/17 17:55:00",CHALLHWF,6,"2015/12/17 17:50:04"
D,METER_DATA,GEN_DUID,1,"2015/12/17 17:55:00",CLOVER,10.41,"2015/12/17 17:50:04"
D,METER_DATA,GEN_DUID,1,"2015/12/17 17:55:00",CLUNY,17.119421,"2015/12/17 17:50:04"
D,METER_DATA,GEN_DUID,1,"2015/12/17 17:55:00",CNUNDAWF,18.221256,"2015/12/17 17:50:04"
D,METER_DATA,GEN_DUID,1,"2015/12/17 17:55:00",CULLRGWF,0,"2015/12/17 17:50:04"
D,METER_DATA,GEN_DUID,1,"2015/12/17 17:55:00",ERGT01,0,"2015/12/17 17:50:04"
D,METER_DATA,GEN_DUID,1,"2015/12/17 17:55:00",GB01,0.221573,"2015/12/17 17:50:04"
D,METER_DATA,GEN_DUID,1,"2015/12/17 17:55:00",GERMCRK,36,"2015/12/17 17:50:04"
D,METER_DATA,GEN_DUID,1,"2015/12/17 17:55:00",INVICTA,0,"2015/12/17 17:50:04"
D,METER_DATA,GEN_DUID,1,"2015/12/17 17:55:00",LKBONNY1,25.989025,"2015/12/17 17:50:04"
D,METER_DATA,GEN_DUID,1,"2015/12/17 17:55:00",MBAHNTH,4.800001,"2015/12/17 17:50:04"
D,METER_DATA,GEN_DUID,1,"2015/12/17 17:55:00",MLWF1,11.5350,"2015/12/17 17:50:04"
D,METER_DATA,GEN_DUID,1,"2015/12/17 17:55:00",MTMILLAR,3.854599,"2015/12/17 17:50:04"
D,METER_DATA,GEN_DUID,1,"2015/12/17 17:55:00",PALOONA,8.88,"2015/12/17 17:50:04"
D,METER_DATA,GEN_DUID,1,"2015/12/17 17:55:00",PIONEER,0,"2015/12/17 17:50:04"
D,METER_DATA,GEN_DUID,1,"2015/12/17 17:55:00",PORTWF,44,"2015/12/17 17:50:04"
D,METER_DATA,GEN_DUID,1,"2015/12/17 17:55:00",REPULSE,28.258564,"2015/12/17 17:50:04"
D,METER_DATA,GEN_DUID,1,"2015/12/17 17:55:00",ROWALLAN,0.4544,"2015/12/17 17:50:04"
D,METER_DATA,GEN_DUID,1,"2015/12/17 17:55:00",RPCG,9.60,"2015/12/17 17:50:04"
D,METER_DATA,GEN_DUID,1,"2015/12/17 17:55:00",RUBICON,0,"2015/12/17 17:50:04"
D,METER_DATA,GEN_DUID,1,"2015/12/17 17:55:00",STARHLWF,1.499563,"2015/12/17 17:50:04"
D,METER_DATA,GEN_DUID,1,"2015/12/17 17:55:00",WAUBRAWF,12.8910,"2015/12/17 17:50:04"
D,METER_DATA,GEN_DUID,1,"2015/12/17 17:55:00",WOOLNTH1,40.060017,"2015/12/17 17:50:04"
D,METER_DATA,GEN_DUID,1,"2015/12/17 17:55:00",WPWF,4,"2015/12/17 17:50:04"
D,METER_DATA,GEN_DUID,1,"2015/12/17 17:55:00",YAMBUKWF,3.60,"2015/12/17 17:50:04"
D,METER_DATA,GEN_DUID,1,"2015/12/17 18:00:00",ANGAS1,27.673363,"2015/12/17 17:55:05"
D,METER_DATA,GEN_DUID,1,"2015/12/17 18:00:00",ANGAS2,9.345431,"2015/12/17 17:55:05"
D,METER_DATA,GEN_DUID,1,"2015/12/17 18:00:00",BUTLERSG,-0.000002,"2015/12/17 17:55:05"
D,METER_DATA,GEN_DUID,1,"2015/12/17 18:00:00",CALL_A_4,0,"2015/12/17 17:55:05"
D,METER_DATA,GEN_DUID,1,"2015/12/17 18:00:00",CAPTL_WF,0,"2015/12/17 17:55:05"
D,METER_DATA,GEN_DUID,1,"2015/12/17 18:00:00",CATHROCK,6.349999,"2015/12/17 17:55:05"
D,METER_DATA,GEN_DUID,1,"2015/12/17 18:00:00",CHALLHWF,8.30,"2015/12/17 17:55:05"
D,METER_DATA,GEN_DUID,1,"2015/12/17 18:00:00",CLOVER,10.69,"2015/12/17 17:55:05"
D,METER_DATA,GEN_DUID,1,"2015/12/17 18:00:00",CLUNY,17.119421,"2015/12/17 17:55:05"
D,METER_DATA,GEN_DUID,1,"2015/12/17 18:00:00",CNUNDAWF,18.421490,"2015/12/17 17:55:05"
D,METER_DATA,GEN_DUID,1,"2015/12/17 18:00:00",CULLRGWF,0,"2015/12/17 17:55:05"
D,METER_DATA,GEN_DUID,1,"2015/12/17 18:00:00",ERGT01,0,"2015/12/17 17:55:05"
D,METER_DATA,GEN_DUID,1,"2015/12/17 18:00:00",GB01,0.221573,"2015/12/17 17:55:05"
D,METER_DATA,GEN_DUID,1,"2015/12/17 18:00:00",GERMCRK,36.299999,"2015/12/17 17:55:05"
D,METER_DATA,GEN_DUID,1,"2015/12/17 18:00:00",INVICTA,0,"2015/12/17 17:55:05"
D,METER_DATA,GEN_DUID,1,"2015/12/17 18:00:00",LKBONNY1,24.113527,"2015/12/17 17:55:05"
D,METER_DATA,GEN_DUID,1,"2015/12/17 18:00:00",MBAHNTH,4.800001,"2015/12/17 17:55:05"
D,METER_DATA,GEN_DUID,1,"2015/12/17 18:00:00",MLWF1,14.0250,"2015/12/17 17:55:05"
D,METER_DATA,GEN_DUID,1,"2015/12/17 18:00:00",MTMILLAR,3.638801,"2015/12/17 17:55:05"
D,METER_DATA,GEN_DUID,1,"2015/12/17 18:00:00",PALOONA,8.79,"2015/12/17 17:55:05"
D,METER_DATA,GEN_DUID,1,"2015/12/17 18:00:00",PIONEER,0,"2015/12/17 17:55:05"
D,METER_DATA,GEN_DUID,1,"2015/12/17 18:00:00",PORTWF,43.400002,"2015/12/17 17:55:05"
D,METER_DATA,GEN_DUID,1,"2015/12/17 18:00:00",REPULSE,27.915575,"2015/12/17 17:55:05"
D,METER_DATA,GEN_DUID,1,"2015/12/17 18:00:00",ROWALLAN,0.4544,"2015/12/17 17:55:05"
D,METER_DATA,GEN_DUID,1,"2015/12/17 18:00:00",RPCG,9.60,"2015/12/17 17:55:05"
D,METER_DATA,GEN_DUID,1,"2015/12/17 18:00:00",RUBICON,0,"2015/12/17 17:55:05"
D,METER_DATA,GEN_DUID,1,"2015/12/17 18:00:00",STARHLWF,1.499563,"2015/12/17 17:55:05"
D,METER_DATA,GEN_DUID,1,"2015/12/17 18:00:00",WAUBRAWF,16.787001,"2015/12/17 17:55:05"
D,METER_DATA,GEN_DUID,1,"2015/12/17 18:00:00",WOOLNTH1,40.760017,"2015/12/17 17:55:05"
D,METER_DATA,GEN_DUID,1,"2015/12/17 18:00:00",WPWF,4,"2015/12/17 17:55:05"
D,METER_DATA,GEN_DUID,1,"2015/12/17 18:00:00",YAMBUKWF,3,"2015/12/17 17:55:05"
D,METER_DATA,GEN_DUID,1,"2015/12/17 18:05:00",ANGAS1,-0.190106,"2015/12/17 18:00:04"
D,METER_DATA,GEN_DUID,1,"2015/12/17 18:05:00",ANGAS2,-0.133938,"2015/12/17 18:00:04"
D,METER_DATA,GEN_DUID,1,"2015/12/17 18:05:00",BUTLERSG,-0.000002,"2015/12/17 18:00:04"
D,METER_DATA,GEN_DUID,1,"2015/12/17 18:05:00",CALL_A_4,0,"2015/12/17 18:00:04"
D,METER_DATA,GEN_DUID,1,"2015/12/17 18:05:00",CAPTL_WF,0,"2015/12/17 18:00:04"
D,METER_DATA,GEN_DUID,1,"2015/12/17 18:05:00",CATHROCK,7.32,"2015/12/17 18:00:04"
D,METER_DATA,GEN_DUID,1,"2015/12/17 18:05:00",CHALLHWF,7.50,"2015/12/17 18:00:04"
D,METER_DATA,GEN_DUID,1,"2015/12/17 18:05:00",CLOVER,10.98,"2015/12/17 18:00:04"
D,METER_DATA,GEN_DUID,1,"2015/12/17 18:05:00",CLUNY,17.648149,"2015/12/17 18:00:04"
D,METER_DATA,GEN_DUID,1,"2015/12/17 18:05:00",CNUNDAWF,19.222424,"2015/12/17 18:00:04"
D,METER_DATA,GEN_DUID,1,"2015/12/17 18:05:00",CULLRGWF,0,"2015/12/17 18:00:04"
D,METER_DATA,GEN_DUID,1,"2015/12/17 18:05:00",ERGT01,0,"2015/12/17 18:00:04"
D,METER_DATA,GEN_DUID,1,"2015/12/17 18:05:00",GB01,0.221573,"2015/12/17 18:00:04"
D,METER_DATA,GEN_DUID,1,"2015/12/17 18:05:00",GERMCRK,36.400002,"2015/12/17 18:00:04"
D,METER_DATA,GEN_DUID,1,"2015/12/17 18:05:00",INVICTA,0,"2015/12/17 18:00:04"
D,METER_DATA,GEN_DUID,1,"2015/12/17 18:05:00",LKBONNY1,24.828003,"2015/12/17 18:00:04"
D,METER_DATA,GEN_DUID,1,"2015/12/17 18:05:00",MBAHNTH,4.800001,"2015/12/17 18:00:04"
D,METER_DATA,GEN_DUID,1,"2015/12/17 18:05:00",MLWF1,13.74,"2015/12/17 18:00:04"
D,METER_DATA,GEN_DUID,1,"2015/12/17 18:05:00",MTMILLAR,3.906688,"2015/12/17 18:00:04"
D,METER_DATA,GEN_DUID,1,"2015/12/17 18:05:00",PALOONA,8.79,"2015/12/17 18:00:04"
D,METER_DATA,GEN_DUID,1,"2015/12/17 18:05:00",PIONEER,0,"2015/12/17 18:00:04"
D,METER_DATA,GEN_DUID,1,"2015/12/17 18:05:00",PORTWF,39,"2015/12/17 18:00:04"
D,METER_DATA,GEN_DUID,1,"2015/12/17 18:05:00",REPULSE,29.001709,"2015/12/17 18:00:04"
D,METER_DATA,GEN_DUID,1,"2015/12/17 18:05:00",ROWALLAN,0.4473,"2015/12/17 18:00:04"
D,METER_DATA,GEN_DUID,1,"2015/12/17 18:05:00",RPCG,9.60,"2015/12/17 18:00:04"
D,METER_DATA,GEN_DUID,1,"2015/12/17 18:05:00",RUBICON,0,"2015/12/17 18:00:04"
D,METER_DATA,GEN_DUID,1,"2015/12/17 18:05:00",STARHLWF,1.899446,"2015/12/17 18:00:04"
D,METER_DATA,GEN_DUID,1,"2015/12/17 18:05:00",WAUBRAWF,15.5350,"2015/12/17 18:00:04"
D,METER_DATA,GEN_DUID,1,"2015/12/17 18:05:00",WOOLNTH1,37.660015,"2015/12/17 18:00:04"
D,METER_DATA,GEN_DUID,1,"2015/12/17 18:05:00",WPWF,5,"2015/12/17 18:00:04"
D,METER_DATA,GEN_DUID,1,"2015/12/17 18:05:00",YAMBUKWF,2.60,"2015/12/17 18:00:04"
D,METER_DATA,GEN_DUID,1,"2015/12/17 18:10:00",ANGAS1,-0.194426,"2015/12/17 18:05:04"
D,METER_DATA,GEN_DUID,1,"2015/12/17 18:10:00",ANGAS2,-0.129618,"2015/12/17 18:05:04"
D,METER_DATA,GEN_DUID,1,"2015/12/17 18:10:00",BUTLERSG,-0.000002,"2015/12/17 18:05:04"
D,METER_DATA,GEN_DUID,1,"2015/12/17 18:10:00",CALL_A_4,0,"2015/12/17 18:05:04"
D,METER_DATA,GEN_DUID,1,"2015/12/17 18:10:00",CAPTL_WF,0,"2015/12/17 18:05:04"
D,METER_DATA,GEN_DUID,1,"2015/12/17 18:10:00",CATHROCK,8.349999,"2015/12/17 18:05:04"
D,METER_DATA,GEN_DUID,1,"2015/12/17 18:10:00",CHALLHWF,6.70,"2015/12/17 18:05:04"
D,METER_DATA,GEN_DUID,1,"2015/12/17 18:10:00",CLOVER,10.36,"2015/12/17 18:05:04"
D,METER_DATA,GEN_DUID,1,"2015/12/17 18:10:00",CLUNY,16.762171,"2015/12/17 18:05:04"
D,METER_DATA,GEN_DUID,1,"2015/12/17 18:10:00",CNUNDAWF,21.925577,"2015/12/17 18:05:04"
D,METER_DATA,GEN_DUID,1,"2015/12/17 18:10:00",CULLRGWF,0,"2015/12/17 18:05:04"
D,METER_DATA,GEN_DUID,1,"2015/12/17 18:10:00",ERGT01,0,"2015/12/17 18:05:04"
D,METER_DATA,GEN_DUID,1,"2015/12/17 18:10:00",GB01,0.221573,"2015/12/17 18:05:04"
D,METER_DATA,GEN_DUID,1,"2015/12/17 18:10:00",GERMCRK,36.299999,"2015/12/17 18:05:04"
D,METER_DATA,GEN_DUID,1,"2015/12/17 18:10:00",INVICTA,0,"2015/12/17 18:05:04"
D,METER_DATA,GEN_DUID,1,"2015/12/17 18:10:00",LKBONNY1,25.006622,"2015/12/17 18:05:04"
D,METER_DATA,GEN_DUID,1,"2015/12/17 18:10:00",MBAHNTH,4.800001,"2015/12/17 18:05:04"
D,METER_DATA,GEN_DUID,1,"2015/12/17 18:10:00",MLWF1,14.879999,"2015/12/17 18:05:04"
D,METER_DATA,GEN_DUID,1,"2015/12/17 18:10:00",MTMILLAR,3.787627,"2015/12/17 18:05:04"
D,METER_DATA,GEN_DUID,1,"2015/12/17 18:10:00",PALOONA,8.82,"2015/12/17 18:05:04"
D,METER_DATA,GEN_DUID,1,"2015/12/17 18:10:00",PIONEER,0,"2015/12/17 18:05:04"
D,METER_DATA,GEN_DUID,1,"2015/12/17 18:10:00",PORTWF,41.099998,"2015/12/17 18:05:04"
D,METER_DATA,GEN_DUID,1,"2015/12/17 18:10:00",REPULSE,28.029905,"2015/12/17 18:05:04"
D,METER_DATA,GEN_DUID,1,"2015/12/17 18:10:00",ROWALLAN,0.4260,"2015/12/17 18:05:04"
D,METER_DATA,GEN_DUID,1,"2015/12/17 18:10:00",RPCG,9.60,"2015/12/17 18:05:04"
D,METER_DATA,GEN_DUID,1,"2015/12/17 18:10:00",RUBICON,0,"2015/12/17 18:05:04"
D,METER_DATA,GEN_DUID,1,"2015/12/17 18:10:00",STARHLWF,2.299330,"2015/12/17 18:05:04"
D,METER_DATA,GEN_DUID,1,"2015/12/17 18:10:00",WAUBRAWF,14.5490,"2015/12/17 18:05:04"
D,METER_DATA,GEN_DUID,1,"2015/12/17 18:10:00",WOOLNTH1,37.440018,"2015/12/17 18:05:04"
D,METER_DATA,GEN_DUID,1,"2015/12/17 18:10:00",WPWF,4,"2015/12/17 18:05:04"
D,METER_DATA,GEN_DUID,1,"2015/12/17 18:10:00",YAMBUKWF,2.70,"2015/12/17 18:05:04"
D,METER_DATA,GEN_DUID,1,"2015/12/17 18:15:00",ANGAS1,22.847267,"2015/12/17 18:10:04"
D,METER_DATA,GEN_DUID,1,"2015/12/17 18:15:00",ANGAS2,8.273925,"2015/12/17 18:10:04"
D,METER_DATA,GEN_DUID,1,"2015/12/17 18:15:00",BUTLERSG,-0.000002,"2015/12/17 18:10:04"
D,METER_DATA,GEN_DUID,1,"2015/12/17 18:15:00",CALL_A_4,0,"2015/12/17 18:10:04"
D,METER_DATA,GEN_DUID,1,"2015/12/17 18:15:00",CAPTL_WF,0,"2015/12/17 18:10:04"
D,METER_DATA,GEN_DUID,1,"2015/12/17 18:15:00",CATHROCK,7.47,"2015/12/17 18:10:04"
D,METER_DATA,GEN_DUID,1,"2015/12/17 18:15:00",CHALLHWF,7,"2015/12/17 18:10:04"
D,METER_DATA,GEN_DUID,1,"2015/12/17 18:15:00",CLOVER,10.46,"2015/12/17 18:10:04"
D,METER_DATA,GEN_DUID,1,"2015/12/17 18:15:00",CLUNY,17.162291,"2015/12/17 18:10:04"
D,METER_DATA,GEN_DUID,1,"2015/12/17 18:15:00",CNUNDAWF,22.025696,"2015/12/17 18:10:04"
D,METER_DATA,GEN_DUID,1,"2015/12/17 18:15:00",CULLRGWF,0,"2015/12/17 18:10:04"
D,METER_DATA,GEN_DUID,1,"2015/12/17 18:15:00",ERGT01,0,"2015/12/17 18:10:04"
D,METER_DATA,GEN_DUID,1,"2015/12/17 18:15:00",GB01,0.221573,"2015/12/17 18:10:04"
D,METER_DATA,GEN_DUID,1,"2015/12/17 18:15:00",GERMCRK,36.099998,"2015/12/17 18:10:04"
D,METER_DATA,GEN_DUID,1,"2015/12/17 18:15:00",INVICTA,0,"2015/12/17 18:10:04"
D,METER_DATA,GEN_DUID,1,"2015/12/17 18:15:00",LKBONNY1,24.649384,"2015/12/17 18:10:04"
D,METER_DATA,GEN_DUID,1,"2015/12/17 18:15:00",MBAHNTH,4.800001,"2015/12/17 18:10:04"
D,METER_DATA,GEN_DUID,1,"2015/12/17 18:15:00",MLWF1,12.1350,"2015/12/17 18:10:04"
D,METER_DATA,GEN_DUID,1,"2015/12/17 18:15:00",MTMILLAR,3.824834,"2015/12/17 18:10:04"
D,METER_DATA,GEN_DUID,1,"2015/12/17 18:15:00",PALOONA,8.82,"2015/12/17 18:10:04"
D,METER_DATA,GEN_DUID,1,"2015/12/17 18:15:00",PIONEER,0,"2015/12/17 18:10:04"
D,METER_DATA,GEN_DUID,1,"2015/12/17 18:15:00",PORTWF,38.900002,"2015/12/17 18:10:04"
D,METER_DATA,GEN_DUID,1,"2015/12/17 18:15:00",REPULSE,28.277620,"2015/12/17 18:10:04"
D,METER_DATA,GEN_DUID,1,"2015/12/17 18:15:00",ROWALLAN,0.4189,"2015/12/17 18:10:04"
D,METER_DATA,GEN_DUID,1,"2015/12/17 18:15:00",RPCG,8.50,"2015/12/17 18:10:04"
D,METER_DATA,GEN_DUID,1,"2015/12/17 18:15:00",RUBICON,0,"2015/12/17 18:10:04"
D,METER_DATA,GEN_DUID,1,"2015/12/17 18:15:00",STARHLWF,2.799184,"2015/12/17 18:10:04"
D,METER_DATA,GEN_DUID,1,"2015/12/17 18:15:00",WAUBRAWF,15.6940,"2015/12/17 18:10:04"
D,METER_DATA,GEN_DUID,1,"2015/12/17 18:15:00",WOOLNTH1,37.050018,"2015/12/17 18:10:04"
D,METER_DATA,GEN_DUID,1,"2015/12/17 18:15:00",WPWF,5,"2015/12/17 18:10:04"
D,METER_DATA,GEN_DUID,1,"2015/12/17 18:15:00",YAMBUKWF,2.60,"2015/12/17 18:10:04"
D,METER_DATA,GEN_DUID,1,"2015/12/17 18:20:00",ANGAS1,25.201988,"2015/12/17 18:15:05"
D,METER_DATA,GEN_DUID,1,"2015/12/17 18:20:00",ANGAS2,9.336790,"2015/12/17 18:15:05"
D,METER_DATA,GEN_DUID,1,"2015/12/17 18:20:00",BUTLERSG,-0.000002,"2015/12/17 18:15:05"
D,METER_DATA,GEN_DUID,1,"2015/12/17 18:20:00",CALL_A_4,0,"2015/12/17 18:15:05"
D,METER_DATA,GEN_DUID,1,"2015/12/17 18:20:00",CAPTL_WF,7.008003,"2015/12/17 18:15:05"
D,METER_DATA,GEN_DUID,1,"2015/12/17 18:20:00",CATHROCK,7.53,"2015/12/17 18:15:05"
D,METER_DATA,GEN_DUID,1,"2015/12/17 18:20:00",CHALLHWF,7.90,"2015/12/17 18:15:05"
D,METER_DATA,GEN_DUID,1,"2015/12/17 18:20:00",CLOVER,10.50,"2015/12/17 18:15:05"
D,METER_DATA,GEN_DUID,1,"2015/12/17 18:20:00",CLUNY,17.105131,"2015/12/17 18:15:05"
D,METER_DATA,GEN_DUID,1,"2015/12/17 18:20:00",CNUNDAWF,24.528614,"2015/12/17 18:15:05"
D,METER_DATA,GEN_DUID,1,"2015/12/17 18:20:00",CULLRGWF,0,"2015/12/17 18:15:05"
D,METER_DATA,GEN_DUID,1,"2015/12/17 18:20:00",ERGT01,0,"2015/12/17 18:15:05"
D,METER_DATA,GEN_DUID,1,"2015/12/17 18:20:00",GB01,0.221573,"2015/12/17 18:15:05"
D,METER_DATA,GEN_DUID,1,"2015/12/17 18:20:00",GERMCRK,35.900002,"2015/12/17 18:15:05"
D,METER_DATA,GEN_DUID,1,"2015/12/17 18:20:00",INVICTA,0,"2015/12/17 18:15:05"
D,METER_DATA,GEN_DUID,1,"2015/12/17 18:20:00",LKBONNY1,25.453169,"2015/12/17 18:15:05"
D,METER_DATA,GEN_DUID,1,"2015/12/17 18:20:00",MBAHNTH,4.800001,"2015/12/17 18:15:05"
D,METER_DATA,GEN_DUID,1,"2015/12/17 18:20:00",MLWF1,14.474999,"2015/12/17 18:15:05"
D,METER_DATA,GEN_DUID,1,"2015/12/17 18:20:00",MTMILLAR,3.824834,"2015/12/17 18:15:05"
D,METER_DATA,GEN_DUID,1,"2015/12/17 18:20:00",PALOONA,8.82,"2015/12/17 18:15:05"
D,METER_DATA,GEN_DUID,1,"2015/12/17 18:20:00",PIONEER,0,"2015/12/17 18:15:05"
D,METER_DATA,GEN_DUID,1,"2015/12/17 18:20:00",PORTWF,39.299999,"2015/12/17 18:15:05"
D,METER_DATA,GEN_DUID,1,"2015/12/17 18:20:00",REPULSE,27.934629,"2015/12/17 18:15:05"
D,METER_DATA,GEN_DUID,1,"2015/12/17 18:20:00",ROWALLAN,0.4757,"2015/12/17 18:15:05"
D,METER_DATA,GEN_DUID,1,"2015/12/17 18:20:00",RPCG,9.60,"2015/12/17 18:15:05"
D,METER_DATA,GEN_DUID,1,"2015/12/17 18:20:00",RUBICON,0,"2015/12/17 18:15:05"
D,METER_DATA,GEN_DUID,1,"2015/12/17 18:20:00",STARHLWF,2.799184,"2015/12/17 18:15:05"
D,METER_DATA,GEN_DUID,1,"2015/12/17 18:20:00",WAUBRAWF,16.490999,"2015/12/17 18:15:05"
D,METER_DATA,GEN_DUID,1,"2015/12/17 18:20:00",WOOLNTH1,32.000015,"2015/12/17 18:15:05"
D,METER_DATA,GEN_DUID,1,"2015/12/17 18:20:00",WPWF,4,"2015/12/17 18:15:05"
D,METER_DATA,GEN_DUID,1,"2015/12/17 18:20:00",YAMBUKWF,3.10,"2015/12/17 18:15:05"
D,METER_DATA,GEN_DUID,1,"2015/12/17 18:25:00",ANGAS1,25.193346,"2015/12/17 18:20:04"
D,METER_DATA,GEN_DUID,1,"2015/12/17 18:25:00",ANGAS2,9.336790,"2015/12/17 18:20:04"
D,METER_DATA,GEN_DUID,1,"2015/12/17 18:25:00",BUTLERSG,-0.000002,"2015/12/17 18:20:04"
D,METER_DATA,GEN_DUID,1,"2015/12/17 18:25:00",CALL_A_4,0,"2015/12/17 18:20:04"
D,METER_DATA,GEN_DUID,1,"2015/12/17 18:25:00",CAPTL_WF,6.419998,"2015/12/17 18:20:04"
D,METER_DATA,GEN_DUID,1,"2015/12/17 18:25:00",CATHROCK,8.03,"2015/12/17 18:20:04"
D,METER_DATA,GEN_DUID,1,"2015/12/17 18:25:00",CHALLHWF,9.90,"2015/12/17 18:20:04"
D,METER_DATA,GEN_DUID,1,"2015/12/17 18:25:00",CLOVER,11.04,"2015/12/17 18:20:04"
D,METER_DATA,GEN_DUID,1,"2015/12/17 18:25:00",CLUNY,17.305191,"2015/12/17 18:20:04"
D,METER_DATA,GEN_DUID,1,"2015/12/17 18:25:00",CNUNDAWF,22.426161,"2015/12/17 18:20:04"
D,METER_DATA,GEN_DUID,1,"2015/12/17 18:25:00",CULLRGWF,0,"2015/12/17 18:20:04"
D,METER_DATA,GEN_DUID,1,"2015/12/17 18:25:00",ERGT01,0,"2015/12/17 18:20:04"
D,METER_DATA,GEN_DUID,1,"2015/12/17 18:25:00",GB01,0.219929,"2015/12/17 18:20:04"
D,METER_DATA,GEN_DUID,1,"2015/12/17 18:25:00",GERMCRK,36.799999,"2015/12/17 18:20:04"
D,METER_DATA,GEN_DUID,1,"2015/12/17 18:25:00",INVICTA,0,"2015/12/17 18:20:04"
D,METER_DATA,GEN_DUID,1,"2015/12/17 18:25:00",LKBONNY1,30.454493,"2015/12/17 18:20:04"
D,METER_DATA,GEN_DUID,1,"2015/12/17 18:25:00",MBAHNTH,4.800001,"2015/12/17 18:20:04"
D,METER_DATA,GEN_DUID,1,"2015/12/17 18:25:00",MLWF1,13.2150,"2015/12/17 18:20:04"
D,METER_DATA,GEN_DUID,1,"2015/12/17 18:25:00",MTMILLAR,3.475092,"2015/12/17 18:20:04"
D,METER_DATA,GEN_DUID,1,"2015/12/17 18:25:00",PALOONA,8.91,"2015/12/17 18:20:04"
D,METER_DATA,GEN_DUID,1,"2015/12/17 18:25:00",PIONEER,0,"2015/12/17 18:20:04"
D,METER_DATA,GEN_DUID,1,"2015/12/17 18:25:00",PORTWF,34.700001,"2015/12/17 18:20:04"
D,METER_DATA,GEN_DUID,1,"2015/12/17 18:25:00",REPULSE,27.610695,"2015/12/17 18:20:04"
D,METER_DATA,GEN_DUID,1,"2015/12/17 18:25:00",ROWALLAN,0.4828,"2015/12/17 18:20:04"
D,METER_DATA,GEN_DUID,1,"2015/12/17 18:25:00",RPCG,8.50,"2015/12/17 18:20:04"
D,METER_DATA,GEN_DUID,1,"2015/12/17 18:25:00",RUBICON,0,"2015/12/17 18:20:04"
D,METER_DATA,GEN_DUID,1,"2015/12/17 18:25:00",STARHLWF,1.999417,"2015/12/17 18:20:04"
D,METER_DATA,GEN_DUID,1,"2015/12/17 18:25:00",WAUBRAWF,16.8510,"2015/12/17 18:20:04"
D,METER_DATA,GEN_DUID,1,"2015/12/17 18:25:00",WOOLNTH1,28.610016,"2015/12/17 18:20:04"
D,METER_DATA,GEN_DUID,1,"2015/12/17 18:25:00",WPWF,3,"2015/12/17 18:20:04"
D,METER_DATA,GEN_DUID,1,"2015/12/17 18:25:00",YAMBUKWF,2.90,"2015/12/17 18:20:04"
D,METER_DATA,GEN_DUID,1,"2015/12/17 18:30:00",ANGAS1,24.977318,"2015/12/17 18:25:04"
D,METER_DATA,GEN_DUID,1,"2015/12/17 18:30:00",ANGAS2,9.336790,"2015/12/17 18:25:04"
D,METER_DATA,GEN_DUID,1,"2015/12/17 18:30:00",BUTLERSG,-0.000002,"2015/12/17 18:25:04"
D,METER_DATA,GEN_DUID,1,"2015/12/17 18:30:00",CALL_A_4,0,"2015/12/17 18:25:04"
D,METER_DATA,GEN_DUID,1,"2015/12/17 18:30:00",CAPTL_WF,6.360001,"2015/12/17 18:25:04"
D,METER_DATA,GEN_DUID,1,"2015/12/17 18:30:00",CATHROCK,8.929999,"2015/12/17 18:25:04"
D,METER_DATA,GEN_DUID,1,"2015/12/17 18:30:00",CHALLHWF,10.40,"2015/12/17 18:25:04"
D,METER_DATA,GEN_DUID,1,"2015/12/17 18:30:00",CLOVER,10.68,"2015/12/17 18:25:04"
D,METER_DATA,GEN_DUID,1,"2015/12/17 18:30:00",CLUNY,16.247730,"2015/12/17 18:25:04"
D,METER_DATA,GEN_DUID,1,"2015/12/17 18:30:00",CNUNDAWF,19.723007,"2015/12/17 18:25:04"
D,METER_DATA,GEN_DUID,1,"2015/12/17 18:30:00",CULLRGWF,0,"2015/12/17 18:25:04"
D,METER_DATA,GEN_DUID,1,"2015/12/17 18:30:00",ERGT01,0,"2015/12/17 18:25:04"
D,METER_DATA,GEN_DUID,1,"2015/12/17 18:30:00",GB01,0.219929,"2015/12/17 18:25:04"
D,METER_DATA,GEN_DUID,1,"2015/12/17 18:30:00",GERMCRK,36.200001,"2015/12/17 18:25:04"
D,METER_DATA,GEN_DUID,1,"2015/12/17 18:30:00",INVICTA,0,"2015/12/17 18:25:04"
D,METER_DATA,GEN_DUID,1,"2015/12/17 18:30:00",LKBONNY1,33.669628,"2015/12/17 18:25:04"
D,METER_DATA,GEN_DUID,1,"2015/12/17 18:30:00",MBAHNTH,4.800001,"2015/12/17 18:25:04"
D,METER_DATA,GEN_DUID,1,"2015/12/17 18:30:00",MLWF1,13.80,"2015/12/17 18:25:04"
D,METER_DATA,GEN_DUID,1,"2015/12/17 18:30:00",MTMILLAR,3.043496,"2015/12/17 18:25:04"
D,METER_DATA,GEN_DUID,1,"2015/12/17 18:30:00",PALOONA,8.91,"2015/12/17 18:25:04"
D,METER_DATA,GEN_DUID,1,"2015/12/17 18:30:00",PIONEER,0,"2015/12/17 18:25:04"
D,METER_DATA,GEN_DUID,1,"2015/12/17 18:30:00",PORTWF,31.799999,"2015/12/17 18:25:04"
D,METER_DATA,GEN_DUID,1,"2015/12/17 18:30:00",REPULSE,27.686914,"2015/12/17 18:25:04"
D,METER_DATA,GEN_DUID,1,"2015/12/17 18:30:00",ROWALLAN,0.4828,"2015/12/17 18:25:04"
D,METER_DATA,GEN_DUID,1,"2015/12/17 18:30:00",RPCG,8.50,"2015/12/17 18:25:04"
D,METER_DATA,GEN_DUID,1,"2015/12/17 18:30:00",RUBICON,0,"2015/12/17 18:25:04"
D,METER_DATA,GEN_DUID,1,"2015/12/17 18:30:00",STARHLWF,1.899446,"2015/12/17 18:25:04"
D,METER_DATA,GEN_DUID,1,"2015/12/17 18:30:00",WAUBRAWF,15.96,"2015/12/17 18:25:04"
D,METER_DATA,GEN_DUID,1,"2015/12/17 18:30:00",WOOLNTH1,28.380016,"2015/12/17 18:25:04"
D,METER_DATA,GEN_DUID,1,"2015/12/17 18:30:00",WPWF,5,"2015/12/17 18:25:04"
D,METER_DATA,GEN_DUID,1,"2015/12/17 18:30:00",YAMBUKWF,3.70,"2015/12/17 18:25:04"
D,METER_DATA,GEN_DUID,1,"2015/12/17 18:35:00",ANGAS1,24.998920,"2015/12/17 18:30:04"
D,METER_DATA,GEN_DUID,1,"2015/12/17 18:35:00",ANGAS2,9.388637,"2015/12/17 18:30:04"
D,METER_DATA,GEN_DUID,1,"2015/12/17 18:35:00",BUTLERSG,-0.000002,"2015/12/17 18:30:04"
D,METER_DATA,GEN_DUID,1,"2015/12/17 18:35:00",CALL_A_4,0,"2015/12/17 18:30:04"
D,METER_DATA,GEN_DUID,1,"2015/12/17 18:35:00",CAPTL_WF,6.748001,"2015/12/17 18:30:04"
D,METER_DATA,GEN_DUID,1,"2015/12/17 18:35:00",CATHROCK,6.909999,"2015/12/17 18:30:04"
D,METER_DATA,GEN_DUID,1,"2015/12/17 18:35:00",CHALLHWF,10.60,"2015/12/17 18:30:04"
D,METER_DATA,GEN_DUID,1,"2015/12/17 18:35:00",CLOVER,10.96,"2015/12/17 18:30:04"
D,METER_DATA,GEN_DUID,1,"2015/12/17 18:35:00",CLUNY,16.919361,"2015/12/17 18:30:04"
D,METER_DATA,GEN_DUID,1,"2015/12/17 18:35:00",CNUNDAWF,21.825460,"2015/12/17 18:30:04"
D,METER_DATA,GEN_DUID,1,"2015/12/17 18:35:00",CULLRGWF,0,"2015/12/17 18:30:04"
D,METER_DATA,GEN_DUID,1,"2015/12/17 18:35:00",ERGT01,0,"2015/12/17 18:30:04"
D,METER_DATA,GEN_DUID,1,"2015/12/17 18:35:00",GB01,0.219929,"2015/12/17 18:30:04"
D,METER_DATA,GEN_DUID,1,"2015/12/17 18:35:00",GERMCRK,36.799999,"2015/12/17 18:30:04"
D,METER_DATA,GEN_DUID,1,"2015/12/17 18:35:00",INVICTA,0,"2015/12/17 18:30:04"
D,METER_DATA,GEN_DUID,1,"2015/12/17 18:35:00",LKBONNY1,33.133774,"2015/12/17 18:30:04"
D,METER_DATA,GEN_DUID,1,"2015/12/17 18:35:00",MBAHNTH,4.800001,"2015/12/17 18:30:04"
D,METER_DATA,GEN_DUID,1,"2015/12/17 18:35:00",MLWF1,11.655001,"2015/12/17 18:30:04"
D,METER_DATA,GEN_DUID,1,"2015/12/17 18:35:00",MTMILLAR,2.998848,"2015/12/17 18:30:04"
D,METER_DATA,GEN_DUID,1,"2015/12/17 18:35:00",PALOONA,8.80,"2015/12/17 18:30:04"
D,METER_DATA,GEN_DUID,1,"2015/12/17 18:35:00",PIONEER,0,"2015/12/17 18:30:04"
D,METER_DATA,GEN_DUID,1,"2015/12/17 18:35:00",PORTWF,32.799999,"2015/12/17 18:30:04"
D,METER_DATA,GEN_DUID,1,"2015/12/17 18:35:00",REPULSE,28.773050,"2015/12/17 18:30:04"
D,METER_DATA,GEN_DUID,1,"2015/12/17 18:35:00",ROWALLAN,0.4260,"2015/12/17 18:30:04"
D,METER_DATA,GEN_DUID,1,"2015/12/17 18:35:00",RPCG,8.50,"2015/12/17 18:30:04"
D,METER_DATA,GEN_DUID,1,"2015/12/17 18:35:00",RUBICON,0,"2015/12/17 18:30:04"
D,METER_DATA,GEN_DUID,1,"2015/12/17 18:35:00",STARHLWF,1.499563,"2015/12/17 18:30:04"
D,METER_DATA,GEN_DUID,1,"2015/12/17 18:35:00",WAUBRAWF,18.1350,"2015/12/17 18:30:04"
D,METER_DATA,GEN_DUID,1,"2015/12/17 18:35:00",WOOLNTH1,29.850016,"2015/12/17 18:30:04"
D,METER_DATA,GEN_DUID,1,"2015/12/17 18:35:00",WPWF,4,"2015/12/17 18:30:04"
D,METER_DATA,GEN_DUID,1,"2015/12/17 18:35:00",YAMBUKWF,3.20,"2015/12/17 18:30:04"
D,METER_DATA,GEN_DUID,1,"2015/12/17 18:40:00",ANGAS1,25.124216,"2015/12/17 18:35:04"
D,METER_DATA,GEN_DUID,1,"2015/12/17 18:40:00",ANGAS2,9.323828,"2015/12/17 18:35:04"
D,METER_DATA,GEN_DUID,1,"2015/12/17 18:40:00",BUTLERSG,-0.000002,"2015/12/17 18:35:04"
D,METER_DATA,GEN_DUID,1,"2015/12/17 18:40:00",CALL_A_4,0,"2015/12/17 18:35:04"
D,METER_DATA,GEN_DUID,1,"2015/12/17 18:40:00",CAPTL_WF,6.82,"2015/12/17 18:35:04"
D,METER_DATA,GEN_DUID,1,"2015/12/17 18:40:00",CATHROCK,6.59,"2015/12/17 18:35:04"
D,METER_DATA,GEN_DUID,1,"2015/12/17 18:40:00",CHALLHWF,11.60,"2015/12/17 18:35:04"
D,METER_DATA,GEN_DUID,1,"2015/12/17 18:40:00",CLOVER,10.93,"2015/12/17 18:35:04"
D,METER_DATA,GEN_DUID,1,"2015/12/17 18:40:00",CLUNY,17.276611,"2015/12/17 18:35:04"
D,METER_DATA,GEN_DUID,1,"2015/12/17 18:40:00",CNUNDAWF,19.622890,"2015/12/17 18:35:04"
D,METER_DATA,GEN_DUID,1,"2015/12/17 18:40:00",CULLRGWF,0,"2015/12/17 18:35:04"
D,METER_DATA,GEN_DUID,1,"2015/12/17 18:40:00",ERGT01,0,"2015/12/17 18:35:04"
D,METER_DATA,GEN_DUID,1,"2015/12/17 18:40:00",GB01,0.219929,"2015/12/17 18:35:04"
D,METER_DATA,GEN_DUID,1,"2015/12/17 18:40:00",GERMCRK,36.400002,"2015/12/17 18:35:04"
D,METER_DATA,GEN_DUID,1,"2015/12/17 18:40:00",INVICTA,0,"2015/12/17 18:35:04"
D,METER_DATA,GEN_DUID,1,"2015/12/17 18:40:00",LKBONNY1,29.382780,"2015/12/17 18:35:04"
D,METER_DATA,GEN_DUID,1,"2015/12/17 18:40:00",MBAHNTH,4.800001,"2015/12/17 18:35:04"
D,METER_DATA,GEN_DUID,1,"2015/12/17 18:40:00",MLWF1,10.155001,"2015/12/17 18:35:04"
D,METER_DATA,GEN_DUID,1,"2015/12/17 18:40:00",MTMILLAR,2.641665,"2015/12/17 18:35:04"
D,METER_DATA,GEN_DUID,1,"2015/12/17 18:40:00",PALOONA,8.94,"2015/12/17 18:35:04"
D,METER_DATA,GEN_DUID,1,"2015/12/17 18:40:00",PIONEER,0,"2015/12/17 18:35:04"
D,METER_DATA,GEN_DUID,1,"2015/12/17 18:40:00",PORTWF,32.50,"2015/12/17 18:35:04"
D,METER_DATA,GEN_DUID,1,"2015/12/17 18:40:00",REPULSE,28.906435,"2015/12/17 18:35:04"
D,METER_DATA,GEN_DUID,1,"2015/12/17 18:40:00",ROWALLAN,0.4757,"2015/12/17 18:35:04"
D,METER_DATA,GEN_DUID,1,"2015/12/17 18:40:00",RPCG,8.50,"2015/12/17 18:35:04"
D,METER_DATA,GEN_DUID,1,"2015/12/17 18:40:00",RUBICON,0,"2015/12/17 18:35:04"
D,METER_DATA,GEN_DUID,1,"2015/12/17 18:40:00",STARHLWF,1.099679,"2015/12/17 18:35:04"
D,METER_DATA,GEN_DUID,1,"2015/12/17 18:40:00",WAUBRAWF,17.216999,"2015/12/17 18:35:04"
D,METER_DATA,GEN_DUID,1,"2015/12/17 18:40:00",WOOLNTH1,29.930016,"2015/12/17 18:35:04"
D,METER_DATA,GEN_DUID,1,"2015/12/17 18:40:00",WPWF,4,"2015/12/17 18:35:04"
D,METER_DATA,GEN_DUID,1,"2015/12/17 18:40:00",YAMBUKWF,2.50,"2015/12/17 18:35:04"
D,METER_DATA,GEN_DUID,1,"2015/12/17 18:45:00",ANGAS1,25.184706,"2015/12/17 18:40:04"
D,METER_DATA,GEN_DUID,1,"2015/12/17 18:45:00",ANGAS2,9.328149,"2015/12/17 18:40:04"
D,METER_DATA,GEN_DUID,1,"2015/12/17 18:45:00",BUTLERSG,-0.000002,"2015/12/17 18:40:04"
D,METER_DATA,GEN_DUID,1,"2015/12/17 18:45:00",CALL_A_4,0,"2015/12/17 18:40:04"
D,METER_DATA,GEN_DUID,1,"2015/12/17 18:45:00",CAPTL_WF,7.800003,"2015/12/17 18:40:04"
D,METER_DATA,GEN_DUID,1,"2015/12/17 18:45:00",CATHROCK,6.869999,"2015/12/17 18:40:04"
D,METER_DATA,GEN_DUID,1,"2015/12/17 18:45:00",CHALLHWF,12.20,"2015/12/17 18:40:04"
D,METER_DATA,GEN_DUID,1,"2015/12/17 18:45:00",CLOVER,-0.48,"2015/12/17 18:40:04"
D,METER_DATA,GEN_DUID,1,"2015/12/17 18:45:00",CLUNY,17.333771,"2015/12/17 18:40:04"
D,METER_DATA,GEN_DUID,1,"2015/12/17 18:45:00",CNUNDAWF,17.420322,"2015/12/17 18:40:04"
D,METER_DATA,GEN_DUID,1,"2015/12/17 18:45:00",CULLRGWF,0,"2015/12/17 18:40:04"
D,METER_DATA,GEN_DUID,1,"2015/12/17 18:45:00",ERGT01,0,"2015/12/17 18:40:04"
D,METER_DATA,GEN_DUID,1,"2015/12/17 18:45:00",GB01,0.219929,"2015/12/17 18:40:04"
D,METER_DATA,GEN_DUID,1,"2015/12/17 18:45:00",GERMCRK,36.900002,"2015/12/17 18:40:04"
D,METER_DATA,GEN_DUID,1,"2015/12/17 18:45:00",INVICTA,0,"2015/12/17 18:40:04"
D,METER_DATA,GEN_DUID,1,"2015/12/17 18:45:00",LKBONNY1,26.346262,"2015/12/17 18:40:04"
D,METER_DATA,GEN_DUID,1,"2015/12/17 18:45:00",MBAHNTH,4.800001,"2015/12/17 18:40:04"
D,METER_DATA,GEN_DUID,1,"2015/12/17 18:45:00",MLWF1,9.21,"2015/12/17 18:40:04"
D,METER_DATA,GEN_DUID,1,"2015/12/17 18:45:00",MTMILLAR,2.403544,"2015/12/17 18:40:04"
D,METER_DATA,GEN_DUID,1,"2015/12/17 18:45:00",PALOONA,10.84,"2015/12/17 18:40:04"
D,METER_DATA,GEN_DUID,1,"2015/12/17 18:45:00",PIONEER,0,"2015/12/17 18:40:04"
D,METER_DATA,GEN_DUID,1,"2015/12/17 18:45:00",PORTWF,32.700001,"2015/12/17 18:40:04"
D,METER_DATA,GEN_DUID,1,"2015/12/17 18:45:00",REPULSE,28.887379,"2015/12/17 18:40:04"
D,METER_DATA,GEN_DUID,1,"2015/12/17 18:45:00",ROWALLAN,0.4402,"2015/12/17 18:40:04"
D,METER_DATA,GEN_DUID,1,"2015/12/17 18:45:00",RPCG,8.50,"2015/12/17 18:40:04"
D,METER_DATA,GEN_DUID,1,"2015/12/17 18:45:00",RUBICON,0,"2015/12/17 18:40:04"
D,METER_DATA,GEN_DUID,1,"2015/12/17 18:45:00",STARHLWF,0.699796,"2015/12/17 18:40:04"
D,METER_DATA,GEN_DUID,1,"2015/12/17 18:45:00",WAUBRAWF,19.537001,"2015/12/17 18:40:04"
D,METER_DATA,GEN_DUID,1,"2015/12/17 18:45:00",WOOLNTH1,32.270016,"2015/12/17 18:40:04"
D,METER_DATA,GEN_DUID,1,"2015/12/17 18:45:00",WPWF,5,"2015/12/17 18:40:04"
D,METER_DATA,GEN_DUID,1,"2015/12/17 18:45:00",YAMBUKWF,2.20,"2015/12/17 18:40:04"
D,METER_DATA,GEN_DUID,1,"2015/12/17 18:50:00",ANGAS1,25.081011,"2015/12/17 18:45:05"
D,METER_DATA,GEN_DUID,1,"2015/12/17 18:50:00",ANGAS2,9.328149,"2015/12/17 18:45:05"
D,METER_DATA,GEN_DUID,1,"2015/12/17 18:50:00",BUTLERSG,-0.000002,"2015/12/17 18:45:05"
D,METER_DATA,GEN_DUID,1,"2015/12/17 18:50:00",CALL_A_4,0,"2015/12/17 18:45:05"
D,METER_DATA,GEN_DUID,1,"2015/12/17 18:50:00",CAPTL_WF,8.260002,"2015/12/17 18:45:05"
D,METER_DATA,GEN_DUID,1,"2015/12/17 18:50:00",CATHROCK,7.28,"2015/12/17 18:45:05"
D,METER_DATA,GEN_DUID,1,"2015/12/17 18:50:00",CHALLHWF,12.200001,"2015/12/17 18:45:05"
D,METER_DATA,GEN_DUID,1,"2015/12/17 18:50:00",CLOVER,-0.24,"2015/12/17 18:45:05"
D,METER_DATA,GEN_DUID,1,"2015/12/17 18:50:00",CLUNY,16.419210,"2015/12/17 18:45:05"
D,METER_DATA,GEN_DUID,1,"2015/12/17 18:50:00",CNUNDAWF,16.419155,"2015/12/17 18:45:05"
D,METER_DATA,GEN_DUID,1,"2015/12/17 18:50:00",CULLRGWF,0,"2015/12/17 18:45:05"
D,METER_DATA,GEN_DUID,1,"2015/12/17 18:50:00",ERGT01,0,"2015/12/17 18:45:05"
D,METER_DATA,GEN_DUID,1,"2015/12/17 18:50:00",GB01,0.219929,"2015/12/17 18:45:05"
D,METER_DATA,GEN_DUID,1,"2015/12/17 18:50:00",GERMCRK,36.900002,"2015/12/17 18:45:05"
D,METER_DATA,GEN_DUID,1,"2015/12/17 18:50:00",INVICTA,0,"2015/12/17 18:45:05"
D,METER_DATA,GEN_DUID,1,"2015/12/17 18:50:00",LKBONNY1,25.721096,"2015/12/17 18:45:05"
D,METER_DATA,GEN_DUID,1,"2015/12/17 18:50:00",MBAHNTH,4.800001,"2015/12/17 18:45:05"
D,METER_DATA,GEN_DUID,1,"2015/12/17 18:50:00",MLWF1,8.76,"2015/12/17 18:45:05"
D,METER_DATA,GEN_DUID,1,"2015/12/17 18:50:00",MTMILLAR,2.306807,"2015/12/17 18:45:05"
D,METER_DATA,GEN_DUID,1,"2015/12/17 18:50:00",PALOONA,10.84,"2015/12/17 18:45:05"
D,METER_DATA,GEN_DUID,1,"2015/12/17 18:50:00",PIONEER,0,"2015/12/17 18:45:05"
D,METER_DATA,GEN_DUID,1,"2015/12/17 18:50:00",PORTWF,33.400002,"2015/12/17 18:45:05"
D,METER_DATA,GEN_DUID,1,"2015/12/17 18:50:00",REPULSE,27.991795,"2015/12/17 18:45:05"
D,METER_DATA,GEN_DUID,1,"2015/12/17 18:50:00",ROWALLAN,0.4402,"2015/12/17 18:45:05"
D,METER_DATA,GEN_DUID,1,"2015/12/17 18:50:00",RPCG,8.50,"2015/12/17 18:45:05"
D,METER_DATA,GEN_DUID,1,"2015/12/17 18:50:00",RUBICON,0,"2015/12/17 18:45:05"
D,METER_DATA,GEN_DUID,1,"2015/12/17 18:50:00",STARHLWF,1.099679,"2015/12/17 18:45:05"
D,METER_DATA,GEN_DUID,1,"2015/12/17 18:50:00",WAUBRAWF,20.903999,"2015/12/17 18:45:05"
D,METER_DATA,GEN_DUID,1,"2015/12/17 18:50:00",WOOLNTH1,33.260017,"2015/12/17 18:45:05"
D,METER_DATA,GEN_DUID,1,"2015/12/17 18:50:00",WPWF,7,"2015/12/17 18:45:05"
D,METER_DATA,GEN_DUID,1,"2015/12/17 18:50:00",YAMBUKWF,2.20,"2015/12/17 18:45:05"
D,METER_DATA,GEN_DUID,1,"2015/12/17 18:55:00",ANGAS1,25.223591,"2015/12/17 18:50:04"
D,METER_DATA,GEN_DUID,1,"2015/12/17 18:55:00",ANGAS2,9.328149,"2015/12/17 18:50:04"
D,METER_DATA,GEN_DUID,1,"2015/12/17 18:55:00",BUTLERSG,-0.000002,"2015/12/17 18:50:04"
D,METER_DATA,GEN_DUID,1,"2015/12/17 18:55:00",CALL_A_4,0,"2015/12/17 18:50:04"
D,METER_DATA,GEN_DUID,1,"2015/12/17 18:55:00",CAPTL_WF,11.4720,"2015/12/17 18:50:04"
D,METER_DATA,GEN_DUID,1,"2015/12/17 18:55:00",CATHROCK,5.57,"2015/12/17 18:50:04"
D,METER_DATA,GEN_DUID,1,"2015/12/17 18:55:00",CHALLHWF,10.40,"2015/12/17 18:50:04"
D,METER_DATA,GEN_DUID,1,"2015/12/17 18:55:00",CLOVER,-0.01,"2015/12/17 18:50:04"
D,METER_DATA,GEN_DUID,1,"2015/12/17 18:55:00",CLUNY,17.390930,"2015/12/17 18:50:04"
D,METER_DATA,GEN_DUID,1,"2015/12/17 18:55:00",CNUNDAWF,18.221256,"2015/12/17 18:50:04"
D,METER_DATA,GEN_DUID,1,"2015/12/17 18:55:00",CULLRGWF,0.91,"2015/12/17 18:50:04"
D,METER_DATA,GEN_DUID,1,"2015/12/17 18:55:00",ERGT01,0,"2015/12/17 18:50:04"
D,METER_DATA,GEN_DUID,1,"2015/12/17 18:55:00",GB01,0.219929,"2015/12/17 18:50:04"
D,METER_DATA,GEN_DUID,1,"2015/12/17 18:55:00",GERMCRK,36.700001,"2015/12/17 18:50:04"
D,METER_DATA,GEN_DUID,1,"2015/12/17 18:55:00",INVICTA,0,"2015/12/17 18:50:04"
D,METER_DATA,GEN_DUID,1,"2015/12/17 18:55:00",LKBONNY1,24.202837,"2015/12/17 18:50:04"
D,METER_DATA,GEN_DUID,1,"2015/12/17 18:55:00",MBAHNTH,4.800001,"2015/12/17 18:50:04"
D,METER_DATA,GEN_DUID,1,"2015/12/17 18:55:00",MLWF1,9,"2015/12/17 18:50:04"
D,METER_DATA,GEN_DUID,1,"2015/12/17 18:55:00",MTMILLAR,2.195187,"2015/12/17 18:50:04"
D,METER_DATA,GEN_DUID,1,"2015/12/17 18:55:00",PALOONA,10.84,"2015/12/17 18:50:04"
D,METER_DATA,GEN_DUID,1,"2015/12/17 18:55:00",PIONEER,0,"2015/12/17 18:50:04"
D,METER_DATA,GEN_DUID,1,"2015/12/17 18:55:00",PORTWF,35.50,"2015/12/17 18:50:04"
D,METER_DATA,GEN_DUID,1,"2015/12/17 18:55:00",REPULSE,27.725025,"2015/12/17 18:50:04"
D,METER_DATA,GEN_DUID,1,"2015/12/17 18:55:00",ROWALLAN,0.4757,"2015/12/17 18:50:04"
D,METER_DATA,GEN_DUID,1,"2015/12/17 18:55:00",RPCG,7.40,"2015/12/17 18:50:04"
D,METER_DATA,GEN_DUID,1,"2015/12/17 18:55:00",RUBICON,0,"2015/12/17 18:50:04"
D,METER_DATA,GEN_DUID,1,"2015/12/17 18:55:00",STARHLWF,1.199650,"2015/12/17 18:50:04"
D,METER_DATA,GEN_DUID,1,"2015/12/17 18:55:00",WAUBRAWF,21.603001,"2015/12/17 18:50:04"
D,METER_DATA,GEN_DUID,1,"2015/12/17 18:55:00",WOOLNTH1,33.810017,"2015/12/17 18:50:04"
D,METER_DATA,GEN_DUID,1,"2015/12/17 18:55:00",WPWF,8,"2015/12/17 18:50:04"
D,METER_DATA,GEN_DUID,1,"2015/12/17 18:55:00",YAMBUKWF,3.20,"2015/12/17 18:50:04"
D,METER_DATA,GEN_DUID,1,"2015/12/17 19:00:00",ANGAS1,-0.246273,"2015/12/17 18:55:04"
D,METER_DATA,GEN_DUID,1,"2015/12/17 19:00:00",ANGAS2,-0.125297,"2015/12/17 18:55:04"
D,METER_DATA,GEN_DUID,1,"2015/12/17 19:00:00",BUTLERSG,-0.000002,"2015/12/17 18:55:04"
D,METER_DATA,GEN_DUID,1,"2015/12/17 19:00:00",CALL_A_4,0,"2015/12/17 18:55:04"
D,METER_DATA,GEN_DUID,1,"2015/12/17 19:00:00",CAPTL_WF,10.940002,"2015/12/17 18:55:04"
D,METER_DATA,GEN_DUID,1,"2015/12/17 19:00:00",CATHROCK,5.35,"2015/12/17 18:55:04"
D,METER_DATA,GEN_DUID,1,"2015/12/17 19:00:00",CHALLHWF,12.299999,"2015/12/17 18:55:04"
D,METER_DATA,GEN_DUID,1,"2015/12/17 19:00:00",CLOVER,-0.01,"2015/12/17 18:55:04"
D,METER_DATA,GEN_DUID,1,"2015/12/17 19:00:00",CLUNY,17.390930,"2015/12/17 18:55:04"
D,METER_DATA,GEN_DUID,1,"2015/12/17 19:00:00",CNUNDAWF,17.720673,"2015/12/17 18:55:04"
D,METER_DATA,GEN_DUID,1,"2015/12/17 19:00:00",CULLRGWF,1.16,"2015/12/17 18:55:04"
D,METER_DATA,GEN_DUID,1,"2015/12/17 19:00:00",ERGT01,0,"2015/12/17 18:55:04"
D,METER_DATA,GEN_DUID,1,"2015/12/17 19:00:00",GB01,0.219929,"2015/12/17 18:55:04"
D,METER_DATA,GEN_DUID,1,"2015/12/17 19:00:00",GERMCRK,35.400002,"2015/12/17 18:55:04"
D,METER_DATA,GEN_DUID,1,"2015/12/17 19:00:00",INVICTA,0,"2015/12/17 18:55:04"
D,METER_DATA,GEN_DUID,1,"2015/12/17 19:00:00",LKBONNY1,31.168968,"2015/12/17 18:55:04"
D,METER_DATA,GEN_DUID,1,"2015/12/17 19:00:00",MBAHNTH,4.800001,"2015/12/17 18:55:04"
D,METER_DATA,GEN_DUID,1,"2015/12/17 19:00:00",MLWF1,9.315001,"2015/12/17 18:55:04"
D,METER_DATA,GEN_DUID,1,"2015/12/17 19:00:00",MTMILLAR,1.957065,"2015/12/17 18:55:04"
D,METER_DATA,GEN_DUID,1,"2015/12/17 19:00:00",PALOONA,10.84,"2015/12/17 18:55:04"
D,METER_DATA,GEN_DUID,1,"2015/12/17 19:00:00",PIONEER,0,"2015/12/17 18:55:04"
D,METER_DATA,GEN_DUID,1,"2015/12/17 19:00:00",PORTWF,35.799999,"2015/12/17 18:55:04"
D,METER_DATA,GEN_DUID,1,"2015/12/17 19:00:00",REPULSE,28.182344,"2015/12/17 18:55:04"
D,METER_DATA,GEN_DUID,1,"2015/12/17 19:00:00",ROWALLAN,0.4473,"2015/12/17 18:55:04"
D,METER_DATA,GEN_DUID,1,"2015/12/17 19:00:00",RPCG,8.50,"2015/12/17 18:55:04"
D,METER_DATA,GEN_DUID,1,"2015/12/17 19:00:00",RUBICON,0,"2015/12/17 18:55:04"
D,METER_DATA,GEN_DUID,1,"2015/12/17 19:00:00",STARHLWF,1.199650,"2015/12/17 18:55:04"
D,METER_DATA,GEN_DUID,1,"2015/12/17 19:00:00",WAUBRAWF,24.856001,"2015/12/17 18:55:04"
D,METER_DATA,GEN_DUID,1,"2015/12/17 19:00:00",WOOLNTH1,35.770016,"2015/12/17 18:55:04"
D,METER_DATA,GEN_DUID,1,"2015/12/17 19:00:00",WPWF,9,"2015/12/17 18:55:04"
D,METER_DATA,GEN_DUID,1,"2015/12/17 19:00:00",YAMBUKWF,4,"2015/12/17 18:55:04"
D,METER_DATA,GEN_DUID,1,"2015/12/17 19:05:00",ANGAS1,-0.246273,"2015/12/17 19:00:04"
D,METER_DATA,GEN_DUID,1,"2015/12/17 19:05:00",ANGAS2,-0.125297,"2015/12/17 19:00:04"
D,METER_DATA,GEN_DUID,1,"2015/12/17 19:05:00",BUTLERSG,-0.000002,"2015/12/17 19:00:04"
D,METER_DATA,GEN_DUID,1,"2015/12/17 19:05:00",CALL_A_4,0,"2015/12/17 19:00:04"
D,METER_DATA,GEN_DUID,1,"2015/12/17 19:05:00",CAPTL_WF,13.895996,"2015/12/17 19:00:04"
D,METER_DATA,GEN_DUID,1,"2015/12/17 19:05:00",CATHROCK,3.95,"2015/12/17 19:00:04"
D,METER_DATA,GEN_DUID,1,"2015/12/17 19:05:00",CHALLHWF,12.700001,"2015/12/17 19:00:04"
D,METER_DATA,GEN_DUID,1,"2015/12/17 19:05:00",CLOVER,-0.02,"2015/12/17 19:00:04"
D,METER_DATA,GEN_DUID,1,"2015/12/17 19:05:00",CLUNY,17.076550,"2015/12/17 19:00:04"
D,METER_DATA,GEN_DUID,1,"2015/12/17 19:05:00",CNUNDAWF,17.220089,"2015/12/17 19:00:04"
D,METER_DATA,GEN_DUID,1,"2015/12/17 19:05:00",CULLRGWF,1.12,"2015/12/17 19:00:04"
D,METER_DATA,GEN_DUID,1,"2015/12/17 19:05:00",ERGT01,0,"2015/12/17 19:00:04"
D,METER_DATA,GEN_DUID,1,"2015/12/17 19:05:00",GB01,0.219929,"2015/12/17 19:00:04"
D,METER_DATA,GEN_DUID,1,"2015/12/17 19:05:00",GERMCRK,36.700001,"2015/12/17 19:00:04"
D,METER_DATA,GEN_DUID,1,"2015/12/17 19:05:00",INVICTA,0,"2015/12/17 19:00:04"
D,METER_DATA,GEN_DUID,1,"2015/12/17 19:05:00",LKBONNY1,29.650709,"2015/12/17 19:00:04"
D,METER_DATA,GEN_DUID,1,"2015/12/17 19:05:00",MBAHNTH,4.800001,"2015/12/17 19:00:04"
D,METER_DATA,GEN_DUID,1,"2015/12/17 19:05:00",MLWF1,9.9450,"2015/12/17 19:00:04"
D,METER_DATA,GEN_DUID,1,"2015/12/17 19:05:00",MTMILLAR,2.559811,"2015/12/17 19:00:04"
D,METER_DATA,GEN_DUID,1,"2015/12/17 19:05:00",PALOONA,10.84,"2015/12/17 19:00:04"
D,METER_DATA,GEN_DUID,1,"2015/12/17 19:05:00",PIONEER,0,"2015/12/17 19:00:04"
D,METER_DATA,GEN_DUID,1,"2015/12/17 19:05:00",PORTWF,34.400002,"2015/12/17 19:00:04"
D,METER_DATA,GEN_DUID,1,"2015/12/17 19:05:00",REPULSE,27.401089,"2015/12/17 19:00:04"
D,METER_DATA,GEN_DUID,1,"2015/12/17 19:05:00",ROWALLAN,0.4118,"2015/12/17 19:00:04"
D,METER_DATA,GEN_DUID,1,"2015/12/17 19:05:00",RPCG,8.50,"2015/12/17 19:00:04"
D,METER_DATA,GEN_DUID,1,"2015/12/17 19:05:00",RUBICON,0,"2015/12/17 19:00:04"
D,METER_DATA,GEN_DUID,1,"2015/12/17 19:05:00",STARHLWF,0.799767,"2015/12/17 19:00:04"
D,METER_DATA,GEN_DUID,1,"2015/12/17 19:05:00",WAUBRAWF,26.4680,"2015/12/17 19:00:04"
D,METER_DATA,GEN_DUID,1,"2015/12/17 19:05:00",WOOLNTH1,29.670017,"2015/12/17 19:00:04"
D,METER_DATA,GEN_DUID,1,"2015/12/17 19:05:00",WPWF,10,"2015/12/17 19:00:04"
D,METER_DATA,GEN_DUID,1,"2015/12/17 19:05:00",YAMBUKWF,3.20,"2015/12/17 19:00:04"
D,METER_DATA,GEN_DUID,1,"2015/12/17 19:10:00",ANGAS1,-0.263556,"2015/12/17 19:05:04"
D,METER_DATA,GEN_DUID,1,"2015/12/17 19:10:00",ANGAS2,-0.133938,"2015/12/17 19:05:04"
D,METER_DATA,GEN_DUID,1,"2015/12/17 19:10:00",BUTLERSG,-0.000002,"2015/12/17 19:05:04"
D,METER_DATA,GEN_DUID,1,"2015/12/17 19:10:00",CALL_A_4,0,"2015/12/17 19:05:04"
D,METER_DATA,GEN_DUID,1,"2015/12/17 19:10:00",CAPTL_WF,22.087997,"2015/12/17 19:05:04"
D,METER_DATA,GEN_DUID,1,"2015/12/17 19:10:00",CATHROCK,4.19,"2015/12/17 19:05:04"
D,METER_DATA,GEN_DUID,1,"2015/12/17 19:10:00",CHALLHWF,15.80,"2015/12/17 19:05:04"
D,METER_DATA,GEN_DUID,1,"2015/12/17 19:10:00",CLOVER,-0.02,"2015/12/17 19:05:04"
D,METER_DATA,GEN_DUID,1,"2015/12/17 19:10:00",CLUNY,17.119421,"2015/12/17 19:05:04"
D,METER_DATA,GEN_DUID,1,"2015/12/17 19:10:00",CNUNDAWF,17.220089,"2015/12/17 19:05:04"
D,METER_DATA,GEN_DUID,1,"2015/12/17 19:10:00",CULLRGWF,1.49,"2015/12/17 19:05:04"
D,METER_DATA,GEN_DUID,1,"2015/12/17 19:10:00",ERGT01,0,"2015/12/17 19:05:04"
D,METER_DATA,GEN_DUID,1,"2015/12/17 19:10:00",GB01,0.228523,"2015/12/17 19:05:04"
D,METER_DATA,GEN_DUID,1,"2015/12/17 19:10:00",GERMCRK,36.599998,"2015/12/17 19:05:04"
D,METER_DATA,GEN_DUID,1,"2015/12/17 19:10:00",INVICTA,0,"2015/12/17 19:05:04"
D,METER_DATA,GEN_DUID,1,"2015/12/17 19:10:00",LKBONNY1,29.650709,"2015/12/17 19:05:04"
D,METER_DATA,GEN_DUID,1,"2015/12/17 19:10:00",MBAHNTH,4.800001,"2015/12/17 19:05:04"
D,METER_DATA,GEN_DUID,1,"2015/12/17 19:10:00",MLWF1,7.86,"2015/12/17 19:05:04"
D,METER_DATA,GEN_DUID,1,"2015/12/17 19:10:00",MTMILLAR,3.103027,"2015/12/17 19:05:04"
D,METER_DATA,GEN_DUID,1,"2015/12/17 19:10:00",PALOONA,11.92,"2015/12/17 19:05:04"
D,METER_DATA,GEN_DUID,1,"2015/12/17 19:10:00",PIONEER,0,"2015/12/17 19:05:04"
D,METER_DATA,GEN_DUID,1,"2015/12/17 19:10:00",PORTWF,35.50,"2015/12/17 19:05:04"
D,METER_DATA,GEN_DUID,1,"2015/12/17 19:10:00",REPULSE,27.096209,"2015/12/17 19:05:04"
D,METER_DATA,GEN_DUID,1,"2015/12/17 19:10:00",ROWALLAN,0.4686,"2015/12/17 19:05:04"
D,METER_DATA,GEN_DUID,1,"2015/12/17 19:10:00",RPCG,8.50,"2015/12/17 19:05:04"
D,METER_DATA,GEN_DUID,1,"2015/12/17 19:10:00",RUBICON,0,"2015/12/17 19:05:04"
D,METER_DATA,GEN_DUID,1,"2015/12/17 19:10:00",STARHLWF,0.499854,"2015/12/17 19:05:04"
D,METER_DATA,GEN_DUID,1,"2015/12/17 19:10:00",WAUBRAWF,27.320999,"2015/12/17 19:05:04"
D,METER_DATA,GEN_DUID,1,"2015/12/17 19:10:00",WOOLNTH1,33.350014,"2015/12/17 19:05:04"
D,METER_DATA,GEN_DUID,1,"2015/12/17 19:10:00",WPWF,10,"2015/12/17 19:05:04"
D,METER_DATA,GEN_DUID,1,"2015/12/17 19:10:00",YAMBUKWF,2.50,"2015/12/17 19:05:04"
D,METER_DATA,GEN_DUID,1,"2015/12/17 19:15:00",ANGAS1,-0.263556,"2015/12/17 19:10:04"
D,METER_DATA,GEN_DUID,1,"2015/12/17 19:15:00",ANGAS2,-0.133938,"2015/12/17 19:10:04"
D,METER_DATA,GEN_DUID,1,"2015/12/17 19:15:00",BUTLERSG,-0.000002,"2015/12/17 19:10:04"
D,METER_DATA,GEN_DUID,1,"2015/12/17 19:15:00",CALL_A_4,0,"2015/12/17 19:10:04"
D,METER_DATA,GEN_DUID,1,"2015/12/17 19:15:00",CAPTL_WF,23.327995,"2015/12/17 19:10:04"
D,METER_DATA,GEN_DUID,1,"2015/12/17 19:15:00",CATHROCK,5.15,"2015/12/17 19:10:04"
D,METER_DATA,GEN_DUID,1,"2015/12/17 19:15:00",CHALLHWF,15.30,"2015/12/17 19:10:04"
D,METER_DATA,GEN_DUID,1,"2015/12/17 19:15:00",CLOVER,-0.02,"2015/12/17 19:10:04"
D,METER_DATA,GEN_DUID,1,"2015/12/17 19:15:00",CLUNY,16.533531,"2015/12/17 19:10:04"
D,METER_DATA,GEN_DUID,1,"2015/12/17 19:15:00",CNUNDAWF,16.419153,"2015/12/17 19:10:04"
D,METER_DATA,GEN_DUID,1,"2015/12/17 19:15:00",CULLRGWF,3.10,"2015/12/17 19:10:04"
D,METER_DATA,GEN_DUID,1,"2015/12/17 19:15:00",ERGT01,0,"2015/12/17 19:10:04"
D,METER_DATA,GEN_DUID,1,"2015/12/17 19:15:00",GB01,0.228523,"2015/12/17 19:10:04"
D,METER_DATA,GEN_DUID,1,"2015/12/17 19:15:00",GERMCRK,36.799999,"2015/12/17 19:10:04"
D,METER_DATA,GEN_DUID,1,"2015/12/17 19:15:00",INVICTA,0,"2015/12/17 19:10:04"
D,METER_DATA,GEN_DUID,1,"2015/12/17 19:15:00",LKBONNY1,30.275873,"2015/12/17 19:10:04"
D,METER_DATA,GEN_DUID,1,"2015/12/17 19:15:00",MBAHNTH,4.800001,"2015/12/17 19:10:04"
D,METER_DATA,GEN_DUID,1,"2015/12/17 19:15:00",MLWF1,8.2950,"2015/12/17 19:10:04"
D,METER_DATA,GEN_DUID,1,"2015/12/17 19:15:00",MTMILLAR,5.223801,"2015/12/17 19:10:04"
D,METER_DATA,GEN_DUID,1,"2015/12/17 19:15:00",PALOONA,11.92,"2015/12/17 19:10:04"
D,METER_DATA,GEN_DUID,1,"2015/12/17 19:15:00",PIONEER,0,"2015/12/17 19:10:04"
D,METER_DATA,GEN_DUID,1,"2015/12/17 19:15:00",PORTWF,36.900002,"2015/12/17 19:10:04"
D,METER_DATA,GEN_DUID,1,"2015/12/17 19:15:00",REPULSE,28.029905,"2015/12/17 19:10:04"
D,METER_DATA,GEN_DUID,1,"2015/12/17 19:15:00",ROWALLAN,0.4544,"2015/12/17 19:10:04"
D,METER_DATA,GEN_DUID,1,"2015/12/17 19:15:00",RPCG,8.50,"2015/12/17 19:10:04"
D,METER_DATA,GEN_DUID,1,"2015/12/17 19:15:00",RUBICON,0,"2015/12/17 19:10:04"
D,METER_DATA,GEN_DUID,1,"2015/12/17 19:15:00",STARHLWF,0.099971,"2015/12/17 19:10:04"
D,METER_DATA,GEN_DUID,1,"2015/12/17 19:15:00",WAUBRAWF,28.9760,"2015/12/17 19:10:04"
D,METER_DATA,GEN_DUID,1,"2015/12/17 19:15:00",WOOLNTH1,35.500015,"2015/12/17 19:10:04"
D,METER_DATA,GEN_DUID,1,"2015/12/17 19:15:00",WPWF,11,"2015/12/17 19:10:04"
D,METER_DATA,GEN_DUID,1,"2015/12/17 19:15:00",YAMBUKWF,2.70,"2015/12/17 19:10:04"
D,METER_DATA,GEN_DUID,1,"2015/12/17 19:20:00",ANGAS1,-0.263556,"2015/12/17 19:15:04"
D,METER_DATA,GEN_DUID,1,"2015/12/17 19:20:00",ANGAS2,-0.133938,"2015/12/17 19:15:04"
D,METER_DATA,GEN_DUID,1,"2015/12/17 19:20:00",BUTLERSG,-0.000002,"2015/12/17 19:15:04"
D,METER_DATA,GEN_DUID,1,"2015/12/17 19:20:00",CALL_A_4,0,"2015/12/17 19:15:04"
D,METER_DATA,GEN_DUID,1,"2015/12/17 19:20:00",CAPTL_WF,27.7920,"2015/12/17 19:15:04"
D,METER_DATA,GEN_DUID,1,"2015/12/17 19:20:00",CATHROCK,6.50,"2015/12/17 19:15:04"
D,METER_DATA,GEN_DUID,1,"2015/12/17 19:20:00",CHALLHWF,15.50,"2015/12/17 19:15:04"
D,METER_DATA,GEN_DUID,1,"2015/12/17 19:20:00",CLOVER,-0.01,"2015/12/17 19:15:04"
D,METER_DATA,GEN_DUID,1,"2015/12/17 19:20:00",CLUNY,16.8622,"2015/12/17 19:15:04"
D,METER_DATA,GEN_DUID,1,"2015/12/17 19:20:00",CNUNDAWF,17.220089,"2015/12/17 19:15:04"
D,METER_DATA,GEN_DUID,1,"2015/12/17 19:20:00",CULLRGWF,3.35,"2015/12/17 19:15:04"
D,METER_DATA,GEN_DUID,1,"2015/12/17 19:20:00",ERGT01,0,"2015/12/17 19:15:04"
D,METER_DATA,GEN_DUID,1,"2015/12/17 19:20:00",GB01,0.228523,"2015/12/17 19:15:04"
D,METER_DATA,GEN_DUID,1,"2015/12/17 19:20:00",GERMCRK,36.900002,"2015/12/17 19:15:04"
D,METER_DATA,GEN_DUID,1,"2015/12/17 19:20:00",INVICTA,0,"2015/12/17 19:15:04"
D,METER_DATA,GEN_DUID,1,"2015/12/17 19:20:00",LKBONNY1,32.151371,"2015/12/17 19:15:04"
D,METER_DATA,GEN_DUID,1,"2015/12/17 19:20:00",MBAHNTH,4.800001,"2015/12/17 19:15:04"
D,METER_DATA,GEN_DUID,1,"2015/12/17 19:20:00",MLWF1,6.4950,"2015/12/17 19:15:04"
D,METER_DATA,GEN_DUID,1,"2015/12/17 19:20:00",MTMILLAR,8.036616,"2015/12/17 19:15:04"
D,METER_DATA,GEN_DUID,1,"2015/12/17 19:20:00",PALOONA,11.92,"2015/12/17 19:15:04"
D,METER_DATA,GEN_DUID,1,"2015/12/17 19:20:00",PIONEER,0,"2015/12/17 19:15:04"
D,METER_DATA,GEN_DUID,1,"2015/12/17 19:20:00",PORTWF,37.900002,"2015/12/17 19:15:04"
D,METER_DATA,GEN_DUID,1,"2015/12/17 19:20:00",REPULSE,28.430059,"2015/12/17 19:15:04"
D,METER_DATA,GEN_DUID,1,"2015/12/17 19:20:00",ROWALLAN,0.4473,"2015/12/17 19:15:04"
D,METER_DATA,GEN_DUID,1,"2015/12/17 19:20:00",RPCG,8.50,"2015/12/17 19:15:04"
D,METER_DATA,GEN_DUID,1,"2015/12/17 19:20:00",RUBICON,0,"2015/12/17 19:15:04"
D,METER_DATA,GEN_DUID,1,"2015/12/17 19:20:00",STARHLWF,0.099971,"2015/12/17 19:15:04"
D,METER_DATA,GEN_DUID,1,"2015/12/17 19:20:00",WAUBRAWF,29.589001,"2015/12/17 19:15:04"
D,METER_DATA,GEN_DUID,1,"2015/12/17 19:20:00",WOOLNTH1,38.100014,"2015/12/17 19:15:04"
D,METER_DATA,GEN_DUID,1,"2015/12/17 19:20:00",WPWF,11,"2015/12/17 19:15:04"
D,METER_DATA,GEN_DUID,1,"2015/12/17 19:20:00",YAMBUKWF,2,"2015/12/17 19:15:04"
D,METER_DATA,GEN_DUID,1,"2015/12/17 19:25:00",ANGAS1,-0.263556,"2015/12/17 19:20:05"
D,METER_DATA,GEN_DUID,1,"2015/12/17 19:25:00",ANGAS2,-0.133938,"2015/12/17 19:20:05"
D,METER_DATA,GEN_DUID,1,"2015/12/17 19:25:00",BUTLERSG,-0.000002,"2015/12/17 19:20:05"
D,METER_DATA,GEN_DUID,1,"2015/12/17 19:25:00",CALL_A_4,0,"2015/12/17 19:20:05"
D,METER_DATA,GEN_DUID,1,"2015/12/17 19:25:00",CAPTL_WF,31,"2015/12/17 19:20:05"
D,METER_DATA,GEN_DUID,1,"2015/12/17 19:25:00",CATHROCK,6.34,"2015/12/17 19:20:05"
D,METER_DATA,GEN_DUID,1,"2015/12/17 19:25:00",CHALLHWF,14.50,"2015/12/17 19:20:05"
D,METER_DATA,GEN_DUID,1,"2015/12/17 19:25:00",CLOVER,-0.01,"2015/12/17 19:20:05"
D,METER_DATA,GEN_DUID,1,"2015/12/17 19:25:00",CLUNY,17.0051,"2015/12/17 19:20:05"
D,METER_DATA,GEN_DUID,1,"2015/12/17 19:25:00",CNUNDAWF,15.417986,"2015/12/17 19:20:05"
D,METER_DATA,GEN_DUID,1,"2015/12/17 19:25:00",CULLRGWF,3.70,"2015/12/17 19:20:05"
D,METER_DATA,GEN_DUID,1,"2015/12/17 19:25:00",ERGT01,0,"2015/12/17 19:20:05"
D,METER_DATA,GEN_DUID,1,"2015/12/17 19:25:00",GB01,0.228523,"2015/12/17 19:20:05"
D,METER_DATA,GEN_DUID,1,"2015/12/17 19:25:00",GERMCRK,36.900002,"2015/12/17 19:20:05"
D,METER_DATA,GEN_DUID,1,"2015/12/17 19:25:00",INVICTA,0,"2015/12/17 19:20:05"
D,METER_DATA,GEN_DUID,1,"2015/12/17 19:25:00",LKBONNY1,29.650709,"2015/12/17 19:20:05"
D,METER_DATA,GEN_DUID,1,"2015/12/17 19:25:00",MBAHNTH,4.800001,"2015/12/17 19:20:05"
D,METER_DATA,GEN_DUID,1,"2015/12/17 19:25:00",MLWF1,5.5350,"2015/12/17 19:20:05"
D,METER_DATA,GEN_DUID,1,"2015/12/17 19:25:00",MTMILLAR,8.192883,"2015/12/17 19:20:05"
D,METER_DATA,GEN_DUID,1,"2015/12/17 19:25:00",PALOONA,11.92,"2015/12/17 19:20:05"
D,METER_DATA,GEN_DUID,1,"2015/12/17 19:25:00",PIONEER,0,"2015/12/17 19:20:05"
D,METER_DATA,GEN_DUID,1,"2015/12/17 19:25:00",PORTWF,37.50,"2015/12/17 19:20:05"
D,METER_DATA,GEN_DUID,1,"2015/12/17 19:25:00",REPULSE,28.677774,"2015/12/17 19:20:05"
D,METER_DATA,GEN_DUID,1,"2015/12/17 19:25:00",ROWALLAN,0.4402,"2015/12/17 19:20:05"
D,METER_DATA,GEN_DUID,1,"2015/12/17 19:25:00",RPCG,6.30,"2015/12/17 19:20:05"
D,METER_DATA,GEN_DUID,1,"2015/12/17 19:25:00",RUBICON,0,"2015/12/17 19:20:05"
D,METER_DATA,GEN_DUID,1,"2015/12/17 19:25:00",STARHLWF,0.499854,"2015/12/17 19:20:05"
D,METER_DATA,GEN_DUID,1,"2015/12/17 19:25:00",WAUBRAWF,36.6520,"2015/12/17 19:20:05"
D,METER_DATA,GEN_DUID,1,"2015/12/17 19:25:00",WOOLNTH1,39.420013,"2015/12/17 19:20:05"
D,METER_DATA,GEN_DUID,1,"2015/12/17 19:25:00",WPWF,9,"2015/12/17 19:20:05"
D,METER_DATA,GEN_DUID,1,"2015/12/17 19:25:00",YAMBUKWF,2.10,"2015/12/17 19:20:05"
D,METER_DATA,GEN_DUID,1,"2015/12/17 19:30:00",ANGAS1,0,"2015/12/17 19:25:05"
D,METER_DATA,GEN_DUID,1,"2015/12/17 19:30:00",ANGAS2,0,"2015/12/17 19:25:05"
D,METER_DATA,GEN_DUID,1,"2015/12/17 19:30:00",BUTLERSG,-0.000002,"2015/12/17 19:25:05"
D,METER_DATA,GEN_DUID,1,"2015/12/17 19:30:00",CALL_A_4,0,"2015/12/17 19:25:05"
D,METER_DATA,GEN_DUID,1,"2015/12/17 19:30:00",CAPTL_WF,34.799995,"2015/12/17 19:25:05"
D,METER_DATA,GEN_DUID,1,"2015/12/17 19:30:00",CATHROCK,4.40,"2015/12/17 19:25:05"
D,METER_DATA,GEN_DUID,1,"2015/12/17 19:30:00",CHALLHWF,14.50,"2015/12/17 19:25:05"
D,METER_DATA,GEN_DUID,1,"2015/12/17 19:30:00",CLOVER,-0.01,"2015/12/17 19:25:05"
D,METER_DATA,GEN_DUID,1,"2015/12/17 19:30:00",CLUNY,16.962231,"2015/12/17 19:25:05"
D,METER_DATA,GEN_DUID,1,"2015/12/17 19:30:00",CNUNDAWF,15.017519,"2015/12/17 19:25:05"
D,METER_DATA,GEN_DUID,1,"2015/12/17 19:30:00",CULLRGWF,3.89,"2015/12/17 19:25:05"
D,METER_DATA,GEN_DUID,1,"2015/12/17 19:30:00",ERGT01,0,"2015/12/17 19:25:05"
D,METER_DATA,GEN_DUID,1,"2015/12/17 19:30:00",GB01,0.228523,"2015/12/17 19:25:05"
D,METER_DATA,GEN_DUID,1,"2015/12/17 19:30:00",GERMCRK,36.799999,"2015/12/17 19:25:05"
D,METER_DATA,GEN_DUID,1,"2015/12/17 19:30:00",INVICTA,0,"2015/12/17 19:25:05"
D,METER_DATA,GEN_DUID,1,"2015/12/17 19:30:00",LKBONNY1,29.204163,"2015/12/17 19:25:05"
D,METER_DATA,GEN_DUID,1,"2015/12/17 19:30:00",MBAHNTH,4.800001,"2015/12/17 19:25:05"
D,METER_DATA,GEN_DUID,1,"2015/12/17 19:30:00",MLWF1,5.9850,"2015/12/17 19:25:05"
D,METER_DATA,GEN_DUID,1,"2015/12/17 19:30:00",MTMILLAR,8.088706,"2015/12/17 19:25:05"
D,METER_DATA,GEN_DUID,1,"2015/12/17 19:30:00",PALOONA,11.92,"2015/12/17 19:25:05"
D,METER_DATA,GEN_DUID,1,"2015/12/17 19:30:00",PIONEER,0,"2015/12/17 19:25:05"
D,METER_DATA,GEN_DUID,1,"2015/12/17 19:30:00",PORTWF,39.50,"2015/12/17 19:25:05"
D,METER_DATA,GEN_DUID,1,"2015/12/17 19:30:00",REPULSE,27.591639,"2015/12/17 19:25:05"
D,METER_DATA,GEN_DUID,1,"2015/12/17 19:30:00",ROWALLAN,0.4402,"2015/12/17 19:25:05"
D,METER_DATA,GEN_DUID,1,"2015/12/17 19:30:00",RPCG,8.80,"2015/12/17 19:25:05"
D,METER_DATA,GEN_DUID,1,"2015/12/17 19:30:00",RUBICON,0,"2015/12/17 19:25:05"
D,METER_DATA,GEN_DUID,1,"2015/12/17 19:30:00",STARHLWF,0.899738,"2015/12/17 19:25:05"
D,METER_DATA,GEN_DUID,1,"2015/12/17 19:30:00",WAUBRAWF,40.8890,"2015/12/17 19:25:05"
D,METER_DATA,GEN_DUID,1,"2015/12/17 19:30:00",WOOLNTH1,49.800014,"2015/12/17 19:25:05"
D,METER_DATA,GEN_DUID,1,"2015/12/17 19:30:00",WPWF,9,"2015/12/17 19:25:05"
D,METER_DATA,GEN_DUID,1,"2015/12/17 19:30:00",YAMBUKWF,2.50,"2015/12/17 19:25:05"
D,METER_DATA,GEN_DUID,1,"2015/12/17 19:35:00",ANGAS1,0,"2015/12/17 19:30:05"
D,METER_DATA,GEN_DUID,1,"2015/12/17 19:35:00",ANGAS2,0,"2015/12/17 19:30:05"
D,METER_DATA,GEN_DUID,1,"2015/12/17 19:35:00",BUTLERSG,-0.000002,"2015/12/17 19:30:05"
D,METER_DATA,GEN_DUID,1,"2015/12/17 19:35:00",CALL_A_4,0,"2015/12/17 19:30:05"
D,METER_DATA,GEN_DUID,1,"2015/12/17 19:35:00",CAPTL_WF,33.548004,"2015/12/17 19:30:05"
D,METER_DATA,GEN_DUID,1,"2015/12/17 19:35:00",CATHROCK,6.30,"2015/12/17 19:30:05"
D,METER_DATA,GEN_DUID,1,"2015/12/17 19:35:00",CHALLHWF,17.10,"2015/12/17 19:30:05"
D,METER_DATA,GEN_DUID,1,"2015/12/17 19:35:00",CLOVER,-0.02,"2015/12/17 19:30:05"
D,METER_DATA,GEN_DUID,1,"2015/12/17 19:35:00",CLUNY,17.033680,"2015/12/17 19:30:05"
D,METER_DATA,GEN_DUID,1,"2015/12/17 19:35:00",CNUNDAWF,16.018686,"2015/12/17 19:30:05"
D,METER_DATA,GEN_DUID,1,"2015/12/17 19:35:00",CULLRGWF,3.40,"2015/12/17 19:30:05"
D,METER_DATA,GEN_DUID,1,"2015/12/17 19:35:00",ERGT01,0,"2015/12/17 19:30:05"
D,METER_DATA,GEN_DUID,1,"2015/12/17 19:35:00",GB01,0.228523,"2015/12/17 19:30:05"
D,METER_DATA,GEN_DUID,1,"2015/12/17 19:35:00",GERMCRK,37,"2015/12/17 19:30:05"
D,METER_DATA,GEN_DUID,1,"2015/12/17 19:35:00",INVICTA,0,"2015/12/17 19:30:05"
D,METER_DATA,GEN_DUID,1,"2015/12/17 19:35:00",LKBONNY1,29.918636,"2015/12/17 19:30:05"
D,METER_DATA,GEN_DUID,1,"2015/12/17 19:35:00",MBAHNTH,4.800001,"2015/12/17 19:30:05"
D,METER_DATA,GEN_DUID,1,"2015/12/17 19:35:00",MLWF1,4.7250,"2015/12/17 19:30:05"
D,METER_DATA,GEN_DUID,1,"2015/12/17 19:35:00",MTMILLAR,6.905537,"2015/12/17 19:30:05"
D,METER_DATA,GEN_DUID,1,"2015/12/17 19:35:00",PALOONA,11.92,"2015/12/17 19:30:05"
D,METER_DATA,GEN_DUID,1,"2015/12/17 19:35:00",PIONEER,0,"2015/12/17 19:30:05"
D,METER_DATA,GEN_DUID,1,"2015/12/17 19:35:00",PORTWF,38.200001,"2015/12/17 19:30:05"
D,METER_DATA,GEN_DUID,1,"2015/12/17 19:35:00",REPULSE,28.334784,"2015/12/17 19:30:05"
D,METER_DATA,GEN_DUID,1,"2015/12/17 19:35:00",ROWALLAN,0.4970,"2015/12/17 19:30:05"
D,METER_DATA,GEN_DUID,1,"2015/12/17 19:35:00",RPCG,8.80,"2015/12/17 19:30:05"
D,METER_DATA,GEN_DUID,1,"2015/12/17 19:35:00",RUBICON,0,"2015/12/17 19:30:05"
D,METER_DATA,GEN_DUID,1,"2015/12/17 19:35:00",STARHLWF,0.899738,"2015/12/17 19:30:05"
D,METER_DATA,GEN_DUID,1,"2015/12/17 19:35:00",WAUBRAWF,45.377998,"2015/12/17 19:30:05"
D,METER_DATA,GEN_DUID,1,"2015/12/17 19:35:00",WOOLNTH1,55.750015,"2015/12/17 19:30:05"
D,METER_DATA,GEN_DUID,1,"2015/12/17 19:35:00",WPWF,8,"2015/12/17 19:30:05"
D,METER_DATA,GEN_DUID,1,"2015/12/17 19:35:00",YAMBUKWF,3,"2015/12/17 19:30:05"
D,METER_DATA,GEN_DUID,1,"2015/12/17 19:40:00",ANGAS1,0,"2015/12/17 19:35:05"
D,METER_DATA,GEN_DUID,1,"2015/12/17 19:40:00",ANGAS2,0,"2015/12/17 19:35:05"
D,METER_DATA,GEN_DUID,1,"2015/12/17 19:40:00",BUTLERSG,-0.000002,"2015/12/17 19:35:05"
D,METER_DATA,GEN_DUID,1,"2015/12/17 19:40:00",CALL_A_4,0,"2015/12/17 19:35:05"
D,METER_DATA,GEN_DUID,1,"2015/12/17 19:40:00",CAPTL_WF,34.795998,"2015/12/17 19:35:05"
D,METER_DATA,GEN_DUID,1,"2015/12/17 19:40:00",CATHROCK,7.679999,"2015/12/17 19:35:05"
D,METER_DATA,GEN_DUID,1,"2015/12/17 19:40:00",CHALLHWF,17.10,"2015/12/17 19:35:05"
D,METER_DATA,GEN_DUID,1,"2015/12/17 19:40:00",CLOVER,-0.02,"2015/12/17 19:35:05"
D,METER_DATA,GEN_DUID,1,"2015/12/17 19:40:00",CLUNY,17.019390,"2015/12/17 19:35:05"
D,METER_DATA,GEN_DUID,1,"2015/12/17 19:40:00",CNUNDAWF,15.317869,"2015/12/17 19:35:05"
D,METER_DATA,GEN_DUID,1,"2015/12/17 19:40:00",CULLRGWF,3.22,"2015/12/17 19:35:05"
D,METER_DATA,GEN_DUID,1,"2015/12/17 19:40:00",ERGT01,0,"2015/12/17 19:35:05"
D,METER_DATA,GEN_DUID,1,"2015/12/17 19:40:00",GB01,0.228523,"2015/12/17 19:35:05"
D,METER_DATA,GEN_DUID,1,"2015/12/17 19:40:00",GERMCRK,35.799999,"2015/12/17 19:35:05"
D,METER_DATA,GEN_DUID,1,"2015/12/17 19:40:00",INVICTA,0,"2015/12/17 19:35:05"
D,METER_DATA,GEN_DUID,1,"2015/12/17 19:40:00",LKBONNY1,31.079659,"2015/12/17 19:35:05"
D,METER_DATA,GEN_DUID,1,"2015/12/17 19:40:00",MBAHNTH,4.800001,"2015/12/17 19:35:05"
D,METER_DATA,GEN_DUID,1,"2015/12/17 19:40:00",MLWF1,3.99,"2015/12/17 19:35:05"
D,METER_DATA,GEN_DUID,1,"2015/12/17 19:40:00",MTMILLAR,7.828259,"2015/12/17 19:35:05"
D,METER_DATA,GEN_DUID,1,"2015/12/17 19:40:00",PALOONA,16.869999,"2015/12/17 19:35:05"
D,METER_DATA,GEN_DUID,1,"2015/12/17 19:40:00",PIONEER,0,"2015/12/17 19:35:05"
D,METER_DATA,GEN_DUID,1,"2015/12/17 19:40:00",PORTWF,37.099998,"2015/12/17 19:35:05"
D,METER_DATA,GEN_DUID,1,"2015/12/17 19:40:00",REPULSE,27.934629,"2015/12/17 19:35:05"
D,METER_DATA,GEN_DUID,1,"2015/12/17 19:40:00",ROWALLAN,0.4615,"2015/12/17 19:35:05"
D,METER_DATA,GEN_DUID,1,"2015/12/17 19:40:00",RPCG,8.80,"2015/12/17 19:35:05"
D,METER_DATA,GEN_DUID,1,"2015/12/17 19:40:00",RUBICON,0,"2015/12/17 19:35:05"
D,METER_DATA,GEN_DUID,1,"2015/12/17 19:40:00",STARHLWF,0.899738,"2015/12/17 19:35:05"
D,METER_DATA,GEN_DUID,1,"2015/12/17 19:40:00",WAUBRAWF,45.9590,"2015/12/17 19:35:05"
D,METER_DATA,GEN_DUID,1,"2015/12/17 19:40:00",WOOLNTH1,59.670017,"2015/12/17 19:35:05"
D,METER_DATA,GEN_DUID,1,"2015/12/17 19:40:00",WPWF,6,"2015/12/17 19:35:05"
D,METER_DATA,GEN_DUID,1,"2015/12/17 19:40:00",YAMBUKWF,2.60,"2015/12/17 19:35:05"
D,METER_DATA,GEN_DUID,1,"2015/12/17 19:45:00",ANGAS1,0,"2015/12/17 19:40:04"
D,METER_DATA,GEN_DUID,1,"2015/12/17 19:45:00",ANGAS2,0,"2015/12/17 19:40:04"
D,METER_DATA,GEN_DUID,1,"2015/12/17 19:45:00",BUTLERSG,-0.000002,"2015/12/17 19:40:04"
D,METER_DATA,GEN_DUID,1,"2015/12/17 19:45:00",CALL_A_4,0,"2015/12/17 19:40:04"
D,METER_DATA,GEN_DUID,1,"2015/12/17 19:45:00",CAPTL_WF,35.127998,"2015/12/17 19:40:04"
D,METER_DATA,GEN_DUID,1,"2015/12/17 19:45:00",CATHROCK,6.77,"2015/12/17 19:40:04"
D,METER_DATA,GEN_DUID,1,"2015/12/17 19:45:00",CHALLHWF,17.40,"2015/12/17 19:40:04"
D,METER_DATA,GEN_DUID,1,"2015/12/17 19:45:00",CLOVER,-0.01,"2015/12/17 19:40:04"
D,METER_DATA,GEN_DUID,1,"2015/12/17 19:45:00",CLUNY,16.819330,"2015/12/17 19:40:04"
D,METER_DATA,GEN_DUID,1,"2015/12/17 19:45:00",CNUNDAWF,15.818453,"2015/12/17 19:40:04"
D,METER_DATA,GEN_DUID,1,"2015/12/17 19:45:00",CULLRGWF,3.69,"2015/12/17 19:40:04"
D,METER_DATA,GEN_DUID,1,"2015/12/17 19:45:00",ERGT01,0,"2015/12/17 19:40:04"
D,METER_DATA,GEN_DUID,1,"2015/12/17 19:45:00",GB01,0.228523,"2015/12/17 19:40:04"
D,METER_DATA,GEN_DUID,1,"2015/12/17 19:45:00",GERMCRK,36.599998,"2015/12/17 19:40:04"
D,METER_DATA,GEN_DUID,1,"2015/12/17 19:45:00",INVICTA,0,"2015/12/17 19:40:04"
D,METER_DATA,GEN_DUID,1,"2015/12/17 19:45:00",LKBONNY1,29.918636,"2015/12/17 19:40:04"
D,METER_DATA,GEN_DUID,1,"2015/12/17 19:45:00",MBAHNTH,4.800001,"2015/12/17 19:40:04"
D,METER_DATA,GEN_DUID,1,"2015/12/17 19:45:00",MLWF1,3.36,"2015/12/17 19:40:04"
D,METER_DATA,GEN_DUID,1,"2015/12/17 19:45:00",MTMILLAR,7.753847,"2015/12/17 19:40:04"
D,METER_DATA,GEN_DUID,1,"2015/12/17 19:45:00",PALOONA,19.25,"2015/12/17 19:40:04"
D,METER_DATA,GEN_DUID,1,"2015/12/17 19:45:00",PIONEER,0,"2015/12/17 19:40:04"
D,METER_DATA,GEN_DUID,1,"2015/12/17 19:45:00",PORTWF,36.299999,"2015/12/17 19:40:04"
D,METER_DATA,GEN_DUID,1,"2015/12/17 19:45:00",REPULSE,27.629749,"2015/12/17 19:40:04"
D,METER_DATA,GEN_DUID,1,"2015/12/17 19:45:00",ROWALLAN,0.5041,"2015/12/17 19:40:04"
D,METER_DATA,GEN_DUID,1,"2015/12/17 19:45:00",RPCG,8.80,"2015/12/17 19:40:04"
D,METER_DATA,GEN_DUID,1,"2015/12/17 19:45:00",RUBICON,0,"2015/12/17 19:40:04"
D,METER_DATA,GEN_DUID,1,"2015/12/17 19:45:00",STARHLWF,0.499854,"2015/12/17 19:40:04"
D,METER_DATA,GEN_DUID,1,"2015/12/17 19:45:00",WAUBRAWF,43.2230,"2015/12/17 19:40:04"
D,METER_DATA,GEN_DUID,1,"2015/12/17 19:45:00",WOOLNTH1,64.210022,"2015/12/17 19:40:04"
D,METER_DATA,GEN_DUID,1,"2015/12/17 19:45:00",WPWF,6,"2015/12/17 19:40:04"
D,METER_DATA,GEN_DUID,1,"2015/12/17 19:45:00",YAMBUKWF,2.50,"2015/12/17 19:40:04"
D,METER_DATA,GEN_DUID,1,"2015/12/17 19:50:00",ANGAS1,0,"2015/12/17 19:45:04"
D,METER_DATA,GEN_DUID,1,"2015/12/17 19:50:00",ANGAS2,0,"2015/12/17 19:45:04"
D,METER_DATA,GEN_DUID,1,"2015/12/17 19:50:00",BUTLERSG,-0.000002,"2015/12/17 19:45:04"
D,METER_DATA,GEN_DUID,1,"2015/12/17 19:50:00",CALL_A_4,0,"2015/12/17 19:45:04"
D,METER_DATA,GEN_DUID,1,"2015/12/17 19:50:00",CAPTL_WF,35.255997,"2015/12/17 19:45:04"
D,METER_DATA,GEN_DUID,1,"2015/12/17 19:50:00",CATHROCK,7.289999,"2015/12/17 19:45:04"
D,METER_DATA,GEN_DUID,1,"2015/12/17 19:50:00",CHALLHWF,16.200001,"2015/12/17 19:45:04"
D,METER_DATA,GEN_DUID,1,"2015/12/17 19:50:00",CLOVER,-0.01,"2015/12/17 19:45:04"
D,METER_DATA,GEN_DUID,1,"2015/12/17 19:50:00",CLUNY,16.805040,"2015/12/17 19:45:04"
D,METER_DATA,GEN_DUID,1,"2015/12/17 19:50:00",CNUNDAWF,16.018686,"2015/12/17 19:45:04"
D,METER_DATA,GEN_DUID,1,"2015/12/17 19:50:00",CULLRGWF,4.76,"2015/12/17 19:45:04"
D,METER_DATA,GEN_DUID,1,"2015/12/17 19:50:00",ERGT01,0,"2015/12/17 19:45:04"
D,METER_DATA,GEN_DUID,1,"2015/12/17 19:50:00",GB01,0.228523,"2015/12/17 19:45:04"
D,METER_DATA,GEN_DUID,1,"2015/12/17 19:50:00",GERMCRK,37.299999,"2015/12/17 19:45:04"
D,METER_DATA,GEN_DUID,1,"2015/12/17 19:50:00",INVICTA,0,"2015/12/17 19:45:04"
D,METER_DATA,GEN_DUID,1,"2015/12/17 19:50:00",LKBONNY1,30.543802,"2015/12/17 19:45:04"
D,METER_DATA,GEN_DUID,1,"2015/12/17 19:50:00",MBAHNTH,4.800001,"2015/12/17 19:45:04"
D,METER_DATA,GEN_DUID,1,"2015/12/17 19:50:00",MLWF1,2.8350,"2015/12/17 19:45:04"
D,METER_DATA,GEN_DUID,1,"2015/12/17 19:50:00",MTMILLAR,6.994833,"2015/12/17 19:45:04"
D,METER_DATA,GEN_DUID,1,"2015/12/17 19:50:00",PALOONA,19.25,"2015/12/17 19:45:04"
D,METER_DATA,GEN_DUID,1,"2015/12/17 19:50:00",PIONEER,0,"2015/12/17 19:45:04"
D,METER_DATA,GEN_DUID,1,"2015/12/17 19:50:00",PORTWF,37.400002,"2015/12/17 19:45:04"
D,METER_DATA,GEN_DUID,1,"2015/12/17 19:50:00",REPULSE,27.629749,"2015/12/17 19:45:04"
D,METER_DATA,GEN_DUID,1,"2015/12/17 19:50:00",ROWALLAN,0.6603,"2015/12/17 19:45:04"
D,METER_DATA,GEN_DUID,1,"2015/12/17 19:50:00",RPCG,8.80,"2015/12/17 19:45:04"
D,METER_DATA,GEN_DUID,1,"2015/12/17 19:50:00",RUBICON,0,"2015/12/17 19:45:04"
D,METER_DATA,GEN_DUID,1,"2015/12/17 19:50:00",STARHLWF,0.499854,"2015/12/17 19:45:04"
D,METER_DATA,GEN_DUID,1,"2015/12/17 19:50:00",WAUBRAWF,47.056999,"2015/12/17 19:45:04"
D,METER_DATA,GEN_DUID,1,"2015/12/17 19:50:00",WOOLNTH1,66.280014,"2015/12/17 19:45:04"
D,METER_DATA,GEN_DUID,1,"2015/12/17 19:50:00",WPWF,5,"2015/12/17 19:45:04"
D,METER_DATA,GEN_DUID,1,"2015/12/17 19:50:00",YAMBUKWF,2.70,"2015/12/17 19:45:04"
D,METER_DATA,GEN_DUID,1,"2015/12/17 19:55:00",ANGAS1,0,"2015/12/17 19:50:04"
D,METER_DATA,GEN_DUID,1,"2015/12/17 19:55:00",ANGAS2,0,"2015/12/17 19:50:04"
D,METER_DATA,GEN_DUID,1,"2015/12/17 19:55:00",BUTLERSG,-0.000002,"2015/12/17 19:50:04"
D,METER_DATA,GEN_DUID,1,"2015/12/17 19:55:00",CALL_A_4,0,"2015/12/17 19:50:04"
D,METER_DATA,GEN_DUID,1,"2015/12/17 19:55:00",CAPTL_WF,35.719994,"2015/12/17 19:50:04"
D,METER_DATA,GEN_DUID,1,"2015/12/17 19:55:00",CATHROCK,8.77,"2015/12/17 19:50:04"
D,METER_DATA,GEN_DUID,1,"2015/12/17 19:55:00",CHALLHWF,13.799999,"2015/12/17 19:50:04"
D,METER_DATA,GEN_DUID,1,"2015/12/17 19:55:00",CLOVER,-0.02,"2015/12/17 19:50:04"
D,METER_DATA,GEN_DUID,1,"2015/12/17 19:55:00",CLUNY,17.490961,"2015/12/17 19:50:04"
D,METER_DATA,GEN_DUID,1,"2015/12/17 19:55:00",CNUNDAWF,16.719505,"2015/12/17 19:50:04"
D,METER_DATA,GEN_DUID,1,"2015/12/17 19:55:00",CULLRGWF,5.64,"2015/12/17 19:50:04"
D,METER_DATA,GEN_DUID,1,"2015/12/17 19:55:00",ERGT01,0,"2015/12/17 19:50:04"
D,METER_DATA,GEN_DUID,1,"2015/12/17 19:55:00",GB01,0.237152,"2015/12/17 19:50:04"
D,METER_DATA,GEN_DUID,1,"2015/12/17 19:55:00",GERMCRK,36.700001,"2015/12/17 19:50:04"
D,METER_DATA,GEN_DUID,1,"2015/12/17 19:55:00",INVICTA,0,"2015/12/17 19:50:04"
D,METER_DATA,GEN_DUID,1,"2015/12/17 19:55:00",LKBONNY1,29.561399,"2015/12/17 19:50:04"
D,METER_DATA,GEN_DUID,1,"2015/12/17 19:55:00",MBAHNTH,4.800001,"2015/12/17 19:50:04"
D,METER_DATA,GEN_DUID,1,"2015/12/17 19:55:00",MLWF1,2.8650,"2015/12/17 19:50:04"
D,METER_DATA,GEN_DUID,1,"2015/12/17 19:55:00",MTMILLAR,5.915843,"2015/12/17 19:50:04"
D,METER_DATA,GEN_DUID,1,"2015/12/17 19:55:00",PALOONA,19.289999,"2015/12/17 19:50:04"
D,METER_DATA,GEN_DUID,1,"2015/12/17 19:55:00",PIONEER,0,"2015/12/17 19:50:04"
D,METER_DATA,GEN_DUID,1,"2015/12/17 19:55:00",PORTWF,35.900002,"2015/12/17 19:50:04"
D,METER_DATA,GEN_DUID,1,"2015/12/17 19:55:00",REPULSE,28.430059,"2015/12/17 19:50:04"
D,METER_DATA,GEN_DUID,1,"2015/12/17 19:55:00",ROWALLAN,0.9940,"2015/12/17 19:50:04"
D,METER_DATA,GEN_DUID,1,"2015/12/17 19:55:00",RPCG,8.80,"2015/12/17 19:50:04"
D,METER_DATA,GEN_DUID,1,"2015/12/17 19:55:00",RUBICON,0,"2015/12/17 19:50:04"
D,METER_DATA,GEN_DUID,1,"2015/12/17 19:55:00",STARHLWF,0.299913,"2015/12/17 19:50:04"
D,METER_DATA,GEN_DUID,1,"2015/12/17 19:55:00",WAUBRAWF,44.578999,"2015/12/17 19:50:04"
D,METER_DATA,GEN_DUID,1,"2015/12/17 19:55:00",WOOLNTH1,70.770020,"2015/12/17 19:50:04"
D,METER_DATA,GEN_DUID,1,"2015/12/17 19:55:00",WPWF,5,"2015/12/17 19:50:04"
D,METER_DATA,GEN_DUID,1,"2015/12/17 19:55:00",YAMBUKWF,2.70,"2015/12/17 19:50:04"
D,METER_DATA,GEN_DUID,1,"2015/12/17 20:00:00",ANGAS1,0,"2015/12/17 19:55:04"
D,METER_DATA,GEN_DUID,1,"2015/12/17 20:00:00",ANGAS2,0,"2015/12/17 19:55:04"
D,METER_DATA,GEN_DUID,1,"2015/12/17 20:00:00",BUTLERSG,-0.000002,"2015/12/17 19:55:04"
D,METER_DATA,GEN_DUID,1,"2015/12/17 20:00:00",CALL_A_4,0,"2015/12/17 19:55:04"
D,METER_DATA,GEN_DUID,1,"2015/12/17 20:00:00",CAPTL_WF,38.728004,"2015/12/17 19:55:04"
D,METER_DATA,GEN_DUID,1,"2015/12/17 20:00:00",CATHROCK,9.61,"2015/12/17 19:55:04"
D,METER_DATA,GEN_DUID,1,"2015/12/17 20:00:00",CHALLHWF,14.80,"2015/12/17 19:55:04"
D,METER_DATA,GEN_DUID,1,"2015/12/17 20:00:00",CLOVER,-0.02,"2015/12/17 19:55:04"
D,METER_DATA,GEN_DUID,1,"2015/12/17 20:00:00",CLUNY,16.990810,"2015/12/17 19:55:04"
D,METER_DATA,GEN_DUID,1,"2015/12/17 20:00:00",CNUNDAWF,16.619389,"2015/12/17 19:55:04"
D,METER_DATA,GEN_DUID,1,"2015/12/17 20:00:00",CULLRGWF,6.14,"2015/12/17 19:55:04"
D,METER_DATA,GEN_DUID,1,"2015/12/17 20:00:00",ERGT01,0,"2015/12/17 19:55:04"
D,METER_DATA,GEN_DUID,1,"2015/12/17 20:00:00",GB01,0.237152,"2015/12/17 19:55:04"
D,METER_DATA,GEN_DUID,1,"2015/12/17 20:00:00",GERMCRK,37.299999,"2015/12/17 19:55:04"
D,METER_DATA,GEN_DUID,1,"2015/12/17 20:00:00",INVICTA,0,"2015/12/17 19:55:04"
D,METER_DATA,GEN_DUID,1,"2015/12/17 20:00:00",LKBONNY1,28.846924,"2015/12/17 19:55:04"
D,METER_DATA,GEN_DUID,1,"2015/12/17 20:00:00",MBAHNTH,4.800001,"2015/12/17 19:55:04"
D,METER_DATA,GEN_DUID,1,"2015/12/17 20:00:00",MLWF1,3.48,"2015/12/17 19:55:04"
D,METER_DATA,GEN_DUID,1,"2015/12/17 20:00:00",MTMILLAR,6.548354,"2015/12/17 19:55:04"
D,METER_DATA,GEN_DUID,1,"2015/12/17 20:00:00",PALOONA,19.139999,"2015/12/17 19:55:04"
D,METER_DATA,GEN_DUID,1,"2015/12/17 20:00:00",PIONEER,0,"2015/12/17 19:55:04"
D,METER_DATA,GEN_DUID,1,"2015/12/17 20:00:00",PORTWF,36.299999,"2015/12/17 19:55:04"
D,METER_DATA,GEN_DUID,1,"2015/12/17 20:00:00",REPULSE,28.525335,"2015/12/17 19:55:04"
D,METER_DATA,GEN_DUID,1,"2015/12/17 20:00:00",ROWALLAN,0.9585,"2015/12/17 19:55:04"
D,METER_DATA,GEN_DUID,1,"2015/12/17 20:00:00",RPCG,8.80,"2015/12/17 19:55:04"
D,METER_DATA,GEN_DUID,1,"2015/12/17 20:00:00",RUBICON,0,"2015/12/17 19:55:04"
D,METER_DATA,GEN_DUID,1,"2015/12/17 20:00:00",STARHLWF,0.299913,"2015/12/17 19:55:04"
D,METER_DATA,GEN_DUID,1,"2015/12/17 20:00:00",WAUBRAWF,45.77,"2015/12/17 19:55:04"
D,METER_DATA,GEN_DUID,1,"2015/12/17 20:00:00",WOOLNTH1,72.850014,"2015/12/17 19:55:04"
D,METER_DATA,GEN_DUID,1,"2015/12/17 20:00:00",WPWF,4,"2015/12/17 19:55:04"
D,METER_DATA,GEN_DUID,1,"2015/12/17 20:00:00",YAMBUKWF,2.50,"2015/12/17 19:55:04"
D,METER_DATA,GEN_DUID,1,"2015/12/17 20:05:00",ANGAS1,0,"2015/12/17 20:00:05"
D,METER_DATA,GEN_DUID,1,"2015/12/17 20:05:00",ANGAS2,0,"2015/12/17 20:00:05"
D,METER_DATA,GEN_DUID,1,"2015/12/17 20:05:00",BUTLERSG,-0.000002,"2015/12/17 20:00:05"
D,METER_DATA,GEN_DUID,1,"2015/12/17 20:05:00",CALL_A_4,0,"2015/12/17 20:00:05"
D,METER_DATA,GEN_DUID,1,"2015/12/17 20:05:00",CAPTL_WF,42.135994,"2015/12/17 20:00:05"
D,METER_DATA,GEN_DUID,1,"2015/12/17 20:05:00",CATHROCK,10.419999,"2015/12/17 20:00:05"
D,METER_DATA,GEN_DUID,1,"2015/12/17 20:05:00",CHALLHWF,16.299999,"2015/12/17 20:00:05"
D,METER_DATA,GEN_DUID,1,"2015/12/17 20:05:00",CLOVER,-0.02,"2015/12/17 20:00:05"
D,METER_DATA,GEN_DUID,1,"2015/12/17 20:05:00",CLUNY,16.876490,"2015/12/17 20:00:05"
D,METER_DATA,GEN_DUID,1,"2015/12/17 20:05:00",CNUNDAWF,16.719505,"2015/12/17 20:00:05"
D,METER_DATA,GEN_DUID,1,"2015/12/17 20:05:00",CULLRGWF,6.20,"2015/12/17 20:00:05"
D,METER_DATA,GEN_DUID,1,"2015/12/17 20:05:00",ERGT01,0,"2015/12/17 20:00:05"
D,METER_DATA,GEN_DUID,1,"2015/12/17 20:05:00",GB01,0.237152,"2015/12/17 20:00:05"
D,METER_DATA,GEN_DUID,1,"2015/12/17 20:05:00",GERMCRK,36.799999,"2015/12/17 20:00:05"
D,METER_DATA,GEN_DUID,1,"2015/12/17 20:05:00",INVICTA,0,"2015/12/17 20:00:05"
D,METER_DATA,GEN_DUID,1,"2015/12/17 20:05:00",LKBONNY1,29.025543,"2015/12/17 20:00:05"
D,METER_DATA,GEN_DUID,1,"2015/12/17 20:05:00",MBAHNTH,4.800001,"2015/12/17 20:00:05"
D,METER_DATA,GEN_DUID,1,"2015/12/17 20:05:00",MLWF1,3.15,"2015/12/17 20:00:05"
D,METER_DATA,GEN_DUID,1,"2015/12/17 20:05:00",MTMILLAR,5.982814,"2015/12/17 20:00:05"
D,METER_DATA,GEN_DUID,1,"2015/12/17 20:05:00",PALOONA,19.379999,"2015/12/17 20:00:05"
D,METER_DATA,GEN_DUID,1,"2015/12/17 20:05:00",PIONEER,0,"2015/12/17 20:00:05"
D,METER_DATA,GEN_DUID,1,"2015/12/17 20:05:00",PORTWF,35.299999,"2015/12/17 20:00:05"
D,METER_DATA,GEN_DUID,1,"2015/12/17 20:05:00",REPULSE,28.201399,"2015/12/17 20:00:05"
D,METER_DATA,GEN_DUID,1,"2015/12/17 20:05:00",ROWALLAN,0.9656,"2015/12/17 20:00:05"
D,METER_DATA,GEN_DUID,1,"2015/12/17 20:05:00",RPCG,8.80,"2015/12/17 20:00:05"
D,METER_DATA,GEN_DUID,1,"2015/12/17 20:05:00",RUBICON,0,"2015/12/17 20:00:05"
D,METER_DATA,GEN_DUID,1,"2015/12/17 20:05:00",STARHLWF,0.299913,"2015/12/17 20:00:05"
D,METER_DATA,GEN_DUID,1,"2015/12/17 20:05:00",WAUBRAWF,47.025002,"2015/12/17 20:00:05"
D,METER_DATA,GEN_DUID,1,"2015/12/17 20:05:00",WOOLNTH1,78.140015,"2015/12/17 20:00:05"
D,METER_DATA,GEN_DUID,1,"2015/12/17 20:05:00",WPWF,4,"2015/12/17 20:00:05"
D,METER_DATA,GEN_DUID,1,"2015/12/17 20:05:00",YAMBUKWF,2.40,"2015/12/17 20:00:05"
D,METER_DATA,GEN_DUID,1,"2015/12/17 20:10:00",ANGAS1,0,"2015/12/17 20:05:04"
D,METER_DATA,GEN_DUID,1,"2015/12/17 20:10:00",ANGAS2,0,"2015/12/17 20:05:04"
D,METER_DATA,GEN_DUID,1,"2015/12/17 20:10:00",BUTLERSG,-0.000002,"2015/12/17 20:05:04"
D,METER_DATA,GEN_DUID,1,"2015/12/17 20:10:00",CALL_A_4,0,"2015/12/17 20:05:04"
D,METER_DATA,GEN_DUID,1,"2015/12/17 20:10:00",CAPTL_WF,38.467995,"2015/12/17 20:05:04"
D,METER_DATA,GEN_DUID,1,"2015/12/17 20:10:00",CATHROCK,8.559999,"2015/12/17 20:05:04"
D,METER_DATA,GEN_DUID,1,"2015/12/17 20:10:00",CHALLHWF,17,"2015/12/17 20:05:04"
D,METER_DATA,GEN_DUID,1,"2015/12/17 20:10:00",CLOVER,-0.01,"2015/12/17 20:05:04"
D,METER_DATA,GEN_DUID,1,"2015/12/17 20:10:00",CLUNY,16.676430,"2015/12/17 20:05:04"
D,METER_DATA,GEN_DUID,1,"2015/12/17 20:10:00",CNUNDAWF,18.621723,"2015/12/17 20:05:04"
D,METER_DATA,GEN_DUID,1,"2015/12/17 20:10:00",CULLRGWF,5.36,"2015/12/17 20:05:04"
D,METER_DATA,GEN_DUID,1,"2015/12/17 20:10:00",ERGT01,0,"2015/12/17 20:05:04"
D,METER_DATA,GEN_DUID,1,"2015/12/17 20:10:00",GB01,0.237152,"2015/12/17 20:05:04"
D,METER_DATA,GEN_DUID,1,"2015/12/17 20:10:00",GERMCRK,36.400002,"2015/12/17 20:05:04"
D,METER_DATA,GEN_DUID,1,"2015/12/17 20:10:00",INVICTA,0,"2015/12/17 20:05:04"
D,METER_DATA,GEN_DUID,1,"2015/12/17 20:10:00",LKBONNY1,25.006622,"2015/12/17 20:05:04"
D,METER_DATA,GEN_DUID,1,"2015/12/17 20:10:00",MBAHNTH,4.800001,"2015/12/17 20:05:04"
D,METER_DATA,GEN_DUID,1,"2015/12/17 20:10:00",MLWF1,2.94,"2015/12/17 20:05:04"
D,METER_DATA,GEN_DUID,1,"2015/12/17 20:10:00",MTMILLAR,6.406969,"2015/12/17 20:05:04"
D,METER_DATA,GEN_DUID,1,"2015/12/17 20:10:00",PALOONA,19.17,"2015/12/17 20:05:04"
D,METER_DATA,GEN_DUID,1,"2015/12/17 20:10:00",PIONEER,0,"2015/12/17 20:05:04"
D,METER_DATA,GEN_DUID,1,"2015/12/17 20:10:00",PORTWF,34.700001,"2015/12/17 20:05:04"
D,METER_DATA,GEN_DUID,1,"2015/12/17 20:10:00",REPULSE,27.972740,"2015/12/17 20:05:04"
D,METER_DATA,GEN_DUID,1,"2015/12/17 20:10:00",ROWALLAN,0.9585,"2015/12/17 20:05:04"
D,METER_DATA,GEN_DUID,1,"2015/12/17 20:10:00",RPCG,8.80,"2015/12/17 20:05:04"
D,METER_DATA,GEN_DUID,1,"2015/12/17 20:10:00",RUBICON,0,"2015/12/17 20:05:04"
D,METER_DATA,GEN_DUID,1,"2015/12/17 20:10:00",STARHLWF,0.299913,"2015/12/17 20:05:04"
D,METER_DATA,GEN_DUID,1,"2015/12/17 20:10:00",WAUBRAWF,49.339001,"2015/12/17 20:05:04"
D,METER_DATA,GEN_DUID,1,"2015/12/17 20:10:00",WOOLNTH1,77.950012,"2015/12/17 20:05:04"
D,METER_DATA,GEN_DUID,1,"2015/12/17 20:10:00",WPWF,4,"2015/12/17 20:05:04"
D,METER_DATA,GEN_DUID,1,"2015/12/17 20:10:00",YAMBUKWF,2.20,"2015/12/17 20:05:04"
D,METER_DATA,GEN_DUID,1,"2015/12/17 20:15:00",ANGAS1,0,"2015/12/17 20:10:04"
D,METER_DATA,GEN_DUID,1,"2015/12/17 20:15:00",ANGAS2,0,"2015/12/17 20:10:04"
D,METER_DATA,GEN_DUID,1,"2015/12/17 20:15:00",BUTLERSG,-0.000002,"2015/12/17 20:10:04"
D,METER_DATA,GEN_DUID,1,"2015/12/17 20:15:00",CALL_A_4,0,"2015/12/17 20:10:04"
D,METER_DATA,GEN_DUID,1,"2015/12/17 20:15:00",CAPTL_WF,36.700005,"2015/12/17 20:10:04"
D,METER_DATA,GEN_DUID,1,"2015/12/17 20:15:00",CATHROCK,7.63,"2015/12/17 20:10:04"
D,METER_DATA,GEN_DUID,1,"2015/12/17 20:15:00",CHALLHWF,16.90,"2015/12/17 20:10:04"
D,METER_DATA,GEN_DUID,1,"2015/12/17 20:15:00",CLOVER,-0.01,"2015/12/17 20:10:04"
D,METER_DATA,GEN_DUID,1,"2015/12/17 20:15:00",CLUNY,16.690720,"2015/12/17 20:10:04"
D,METER_DATA,GEN_DUID,1,"2015/12/17 20:15:00",CNUNDAWF,18.521606,"2015/12/17 20:10:04"
D,METER_DATA,GEN_DUID,1,"2015/12/17 20:15:00",CULLRGWF,5.05,"2015/12/17 20:10:04"
D,METER_DATA,GEN_DUID,1,"2015/12/17 20:15:00",ERGT01,0,"2015/12/17 20:10:04"
D,METER_DATA,GEN_DUID,1,"2015/12/17 20:15:00",GB01,0.237152,"2015/12/17 20:10:04"
D,METER_DATA,GEN_DUID,1,"2015/12/17 20:15:00",GERMCRK,36.50,"2015/12/17 20:10:04"
D,METER_DATA,GEN_DUID,1,"2015/12/17 20:15:00",INVICTA,0,"2015/12/17 20:10:04"
D,METER_DATA,GEN_DUID,1,"2015/12/17 20:15:00",LKBONNY1,25.631786,"2015/12/17 20:10:04"
D,METER_DATA,GEN_DUID,1,"2015/12/17 20:15:00",MBAHNTH,4.800001,"2015/12/17 20:10:04"
D,METER_DATA,GEN_DUID,1,"2015/12/17 20:15:00",MLWF1,3.0450,"2015/12/17 20:10:04"
D,METER_DATA,GEN_DUID,1,"2015/12/17 20:15:00",MTMILLAR,7.493401,"2015/12/17 20:10:04"
D,METER_DATA,GEN_DUID,1,"2015/12/17 20:15:00",PALOONA,19.17,"2015/12/17 20:10:04"
D,METER_DATA,GEN_DUID,1,"2015/12/17 20:15:00",PIONEER,0,"2015/12/17 20:10:04"
D,METER_DATA,GEN_DUID,1,"2015/12/17 20:15:00",PORTWF,36.400002,"2015/12/17 20:10:04"
D,METER_DATA,GEN_DUID,1,"2015/12/17 20:15:00",REPULSE,27.820299,"2015/12/17 20:10:04"
D,METER_DATA,GEN_DUID,1,"2015/12/17 20:15:00",ROWALLAN,0.9727,"2015/12/17 20:10:04"
D,METER_DATA,GEN_DUID,1,"2015/12/17 20:15:00",RPCG,8.80,"2015/12/17 20:10:04"
D,METER_DATA,GEN_DUID,1,"2015/12/17 20:15:00",RUBICON,0,"2015/12/17 20:10:04"
D,METER_DATA,GEN_DUID,1,"2015/12/17 20:15:00",STARHLWF,-0.099971,"2015/12/17 20:10:04"
D,METER_DATA,GEN_DUID,1,"2015/12/17 20:15:00",WAUBRAWF,49.543999,"2015/12/17 20:10:04"
D,METER_DATA,GEN_DUID,1,"2015/12/17 20:15:00",WOOLNTH1,76.930023,"2015/12/17 20:10:04"
D,METER_DATA,GEN_DUID,1,"2015/12/17 20:15:00",WPWF,5,"2015/12/17 20:10:04"
D,METER_DATA,GEN_DUID,1,"2015/12/17 20:20:00",ANGAS1,0,"2015/12/17 20:15:04"
D,METER_DATA,GEN_DUID,1,"2015/12/17 20:20:00",ANGAS2,0,"2015/12/17 20:15:04"
D,METER_DATA,GEN_DUID,1,"2015/12/17 20:20:00",BUTLERSG,-0.000002,"2015/12/17 20:15:04"
D,METER_DATA,GEN_DUID,1,"2015/12/17 20:20:00",CALL_A_4,0,"2015/12/17 20:15:04"
D,METER_DATA,GEN_DUID,1,"2015/12/17 20:20:00",CAPTL_WF,35.120003,"2015/12/17 20:15:04"
D,METER_DATA,GEN_DUID,1,"2015/12/17 20:20:00",CATHROCK,7.74,"2015/12/17 20:15:04"
D,METER_DATA,GEN_DUID,1,"2015/12/17 20:20:00",CHALLHWF,17.200001,"2015/12/17 20:15:04"
D,METER_DATA,GEN_DUID,1,"2015/12/17 20:20:00",CLOVER,-0.01,"2015/12/17 20:15:04"
D,METER_DATA,GEN_DUID,1,"2015/12/17 20:20:00",CLUNY,16.890779,"2015/12/17 20:15:04"
D,METER_DATA,GEN_DUID,1,"2015/12/17 20:20:00",CNUNDAWF,18.321373,"2015/12/17 20:15:04"
D,METER_DATA,GEN_DUID,1,"2015/12/17 20:20:00",CULLRGWF,4.79,"2015/12/17 20:15:04"
D,METER_DATA,GEN_DUID,1,"2015/12/17 20:20:00",ERGT01,0,"2015/12/17 20:15:04"
D,METER_DATA,GEN_DUID,1,"2015/12/17 20:20:00",GB01,0.237152,"2015/12/17 20:15:04"
D,METER_DATA,GEN_DUID,1,"2015/12/17 20:20:00",GERMCRK,35.799999,"2015/12/17 20:15:04"
D,METER_DATA,GEN_DUID,1,"2015/12/17 20:20:00",INVICTA,0,"2015/12/17 20:15:04"
D,METER_DATA,GEN_DUID,1,"2015/12/17 20:20:00",LKBONNY1,23.399054,"2015/12/17 20:15:04"
D,METER_DATA,GEN_DUID,1,"2015/12/17 20:20:00",MBAHNTH,4.800001,"2015/12/17 20:15:04"
D,METER_DATA,GEN_DUID,1,"2015/12/17 20:20:00",MLWF1,3.3450,"2015/12/17 20:15:04"
D,METER_DATA,GEN_DUID,1,"2015/12/17 20:20:00",MTMILLAR,6.957626,"2015/12/17 20:15:04"
D,METER_DATA,GEN_DUID,1,"2015/12/17 20:20:00",PALOONA,19.25,"2015/12/17 20:15:04"
D,METER_DATA,GEN_DUID,1,"2015/12/17 20:20:00",PIONEER,0,"2015/12/17 20:15:04"
D,METER_DATA,GEN_DUID,1,"2015/12/17 20:20:00",PORTWF,37.799999,"2015/12/17 20:15:04"
D,METER_DATA,GEN_DUID,1,"2015/12/17 20:20:00",REPULSE,27.972740,"2015/12/17 20:15:04"
D,METER_DATA,GEN_DUID,1,"2015/12/17 20:20:00",ROWALLAN,0.9443,"2015/12/17 20:15:04"
D,METER_DATA,GEN_DUID,1,"2015/12/17 20:20:00",RPCG,8.80,"2015/12/17 20:15:04"
D,METER_DATA,GEN_DUID,1,"2015/12/17 20:20:00",RUBICON,0,"2015/12/17 20:15:04"
D,METER_DATA,GEN_DUID,1,"2015/12/17 20:20:00",STARHLWF,0.199942,"2015/12/17 20:15:04"
D,METER_DATA,GEN_DUID,1,"2015/12/17 20:20:00",WAUBRAWF,47.6380,"2015/12/17 20:15:04"
D,METER_DATA,GEN_DUID,1,"2015/12/17 20:20:00",WOOLNTH1,76.540016,"2015/12/17 20:15:04"
D,METER_DATA,GEN_DUID,1,"2015/12/17 20:20:00",WPWF,8,"2015/12/17 20:15:04"
D,METER_DATA,GEN_DUID,1,"2015/12/17 20:25:00",ANGAS1,0,"2015/12/17 20:20:05"
D,METER_DATA,GEN_DUID,1,"2015/12/17 20:25:00",ANGAS2,0,"2015/12/17 20:20:05"
D,METER_DATA,GEN_DUID,1,"2015/12/17 20:25:00",BUTLERSG,-0.000002,"2015/12/17 20:20:05"
D,METER_DATA,GEN_DUID,1,"2015/12/17 20:25:00",CALL_A_4,0,"2015/12/17 20:20:05"
D,METER_DATA,GEN_DUID,1,"2015/12/17 20:25:00",CAPTL_WF,31.060005,"2015/12/17 20:20:05"
D,METER_DATA,GEN_DUID,1,"2015/12/17 20:25:00",CATHROCK,7.679999,"2015/12/17 20:20:05"
D,METER_DATA,GEN_DUID,1,"2015/12/17 20:25:00",CHALLHWF,18.200001,"2015/12/17 20:20:05"
D,METER_DATA,GEN_DUID,1,"2015/12/17 20:25:00",CLOVER,-0.02,"2015/12/17 20:20:05"
D,METER_DATA,GEN_DUID,1,"2015/12/17 20:25:00",CLUNY,16.576401,"2015/12/17 20:20:05"
D,METER_DATA,GEN_DUID,1,"2015/12/17 20:25:00",CNUNDAWF,17.820789,"2015/12/17 20:20:05"
D,METER_DATA,GEN_DUID,1,"2015/12/17 20:25:00",CULLRGWF,4.23,"2015/12/17 20:20:05"
D,METER_DATA,GEN_DUID,1,"2015/12/17 20:25:00",ERGT01,0,"2015/12/17 20:20:05"
D,METER_DATA,GEN_DUID,1,"2015/12/17 20:25:00",GB01,0.237152,"2015/12/17 20:20:05"
D,METER_DATA,GEN_DUID,1,"2015/12/17 20:25:00",GERMCRK,37,"2015/12/17 20:20:05"
D,METER_DATA,GEN_DUID,1,"2015/12/17 20:25:00",INVICTA,0,"2015/12/17 20:20:05"
D,METER_DATA,GEN_DUID,1,"2015/12/17 20:25:00",LKBONNY1,22.863197,"2015/12/17 20:20:05"
D,METER_DATA,GEN_DUID,1,"2015/12/17 20:25:00",MBAHNTH,4.800001,"2015/12/17 20:20:05"
D,METER_DATA,GEN_DUID,1,"2015/12/17 20:25:00",MLWF1,3.54,"2015/12/17 20:20:05"
D,METER_DATA,GEN_DUID,1,"2015/12/17 20:25:00",MTMILLAR,6.451617,"2015/12/17 20:20:05"
D,METER_DATA,GEN_DUID,1,"2015/12/17 20:25:00",PALOONA,19.25,"2015/12/17 20:20:05"
D,METER_DATA,GEN_DUID,1,"2015/12/17 20:25:00",PIONEER,0,"2015/12/17 20:20:05"
D,METER_DATA,GEN_DUID,1,"2015/12/17 20:25:00",PORTWF,39.400002,"2015/12/17 20:20:05"
D,METER_DATA,GEN_DUID,1,"2015/12/17 20:25:00",REPULSE,27.667860,"2015/12/17 20:20:05"
D,METER_DATA,GEN_DUID,1,"2015/12/17 20:25:00",ROWALLAN,0.9017,"2015/12/17 20:20:05"
D,METER_DATA,GEN_DUID,1,"2015/12/17 20:25:00",RPCG,8.80,"2015/12/17 20:20:05"
D,METER_DATA,GEN_DUID,1,"2015/12/17 20:25:00",RUBICON,0,"2015/12/17 20:20:05"
D,METER_DATA,GEN_DUID,1,"2015/12/17 20:25:00",STARHLWF,0.199942,"2015/12/17 20:20:05"
D,METER_DATA,GEN_DUID,1,"2015/12/17 20:25:00",WAUBRAWF,45.419998,"2015/12/17 20:20:05"
D,METER_DATA,GEN_DUID,1,"2015/12/17 20:25:00",WOOLNTH1,73.180016,"2015/12/17 20:20:05"
D,METER_DATA,GEN_DUID,1,"2015/12/17 20:25:00",WPWF,9,"2015/12/17 20:20:05"
D,METER_DATA,GEN_DUID,1,"2015/12/17 20:30:00",ANGAS1,0,"2015/12/17 20:25:05"
D,METER_DATA,GEN_DUID,1,"2015/12/17 20:30:00",ANGAS2,0,"2015/12/17 20:25:05"
D,METER_DATA,GEN_DUID,1,"2015/12/17 20:30:00",BUTLERSG,-0.000002,"2015/12/17 20:25:05"
D,METER_DATA,GEN_DUID,1,"2015/12/17 20:30:00",CALL_A_4,0,"2015/12/17 20:25:05"
D,METER_DATA,GEN_DUID,1,"2015/12/17 20:30:00",CAPTL_WF,29.620003,"2015/12/17 20:25:05"
D,METER_DATA,GEN_DUID,1,"2015/12/17 20:30:00",CATHROCK,7.889999,"2015/12/17 20:25:05"
D,METER_DATA,GEN_DUID,1,"2015/12/17 20:30:00",CHALLHWF,17.40,"2015/12/17 20:25:05"
D,METER_DATA,GEN_DUID,1,"2015/12/17 20:30:00",CLOVER,-0.02,"2015/12/17 20:25:05"
D,METER_DATA,GEN_DUID,1,"2015/12/17 20:30:00",CLUNY,17.462379,"2015/12/17 20:25:05"
D,METER_DATA,GEN_DUID,1,"2015/12/17 20:30:00",CNUNDAWF,19.022190,"2015/12/17 20:25:05"
D,METER_DATA,GEN_DUID,1,"2015/12/17 20:30:00",CULLRGWF,4.11,"2015/12/17 20:25:05"
D,METER_DATA,GEN_DUID,1,"2015/12/17 20:30:00",ERGT01,0,"2015/12/17 20:25:05"
D,METER_DATA,GEN_DUID,1,"2015/12/17 20:30:00",GB01,0.237152,"2015/12/17 20:25:05"
D,METER_DATA,GEN_DUID,1,"2015/12/17 20:30:00",GERMCRK,36.599998,"2015/12/17 20:25:05"
D,METER_DATA,GEN_DUID,1,"2015/12/17 20:30:00",INVICTA,0,"2015/12/17 20:25:05"
D,METER_DATA,GEN_DUID,1,"2015/12/17 20:30:00",LKBONNY1,21.880795,"2015/12/17 20:25:05"
D,METER_DATA,GEN_DUID,1,"2015/12/17 20:30:00",MBAHNTH,4.800001,"2015/12/17 20:25:05"
D,METER_DATA,GEN_DUID,1,"2015/12/17 20:30:00",MLWF1,3.78,"2015/12/17 20:25:05"
D,METER_DATA,GEN_DUID,1,"2015/12/17 20:30:00",MTMILLAR,6.674856,"2015/12/17 20:25:05"
D,METER_DATA,GEN_DUID,1,"2015/12/17 20:30:00",PALOONA,19.379999,"2015/12/17 20:25:05"
D,METER_DATA,GEN_DUID,1,"2015/12/17 20:30:00",PIONEER,0,"2015/12/17 20:25:05"
D,METER_DATA,GEN_DUID,1,"2015/12/17 20:30:00",PORTWF,37.299999,"2015/12/17 20:25:05"
D,METER_DATA,GEN_DUID,1,"2015/12/17 20:30:00",REPULSE,28.163290,"2015/12/17 20:25:05"
D,METER_DATA,GEN_DUID,1,"2015/12/17 20:30:00",ROWALLAN,0.9585,"2015/12/17 20:25:05"
D,METER_DATA,GEN_DUID,1,"2015/12/17 20:30:00",RPCG,9.90,"2015/12/17 20:25:05"
D,METER_DATA,GEN_DUID,1,"2015/12/17 20:30:00",RUBICON,0,"2015/12/17 20:25:05"
D,METER_DATA,GEN_DUID,1,"2015/12/17 20:30:00",STARHLWF,0.599825,"2015/12/17 20:25:05"
D,METER_DATA,GEN_DUID,1,"2015/12/17 20:30:00",WAUBRAWF,48.662998,"2015/12/17 20:25:05"
D,METER_DATA,GEN_DUID,1,"2015/12/17 20:30:00",WOOLNTH1,85.670013,"2015/12/17 20:25:05"
D,METER_DATA,GEN_DUID,1,"2015/12/17 20:30:00",WPWF,11,"2015/12/17 20:25:05"
D,METER_DATA,GEN_DUID,1,"2015/12/17 20:35:00",ANGAS1,0,"2015/12/17 20:30:04"
D,METER_DATA,GEN_DUID,1,"2015/12/17 20:35:00",ANGAS2,0,"2015/12/17 20:30:04"
D,METER_DATA,GEN_DUID,1,"2015/12/17 20:35:00",BUTLERSG,-0.000002,"2015/12/17 20:30:04"
D,METER_DATA,GEN_DUID,1,"2015/12/17 20:35:00",CALL_A_4,0,"2015/12/17 20:30:04"
D,METER_DATA,GEN_DUID,1,"2015/12/17 20:35:00",CAPTL_WF,29.220001,"2015/12/17 20:30:04"
D,METER_DATA,GEN_DUID,1,"2015/12/17 20:35:00",CATHROCK,8.32,"2015/12/17 20:30:04"
D,METER_DATA,GEN_DUID,1,"2015/12/17 20:35:00",CHALLHWF,16.700001,"2015/12/17 20:30:04"
D,METER_DATA,GEN_DUID,1,"2015/12/17 20:35:00",CLOVER,-0.01,"2015/12/17 20:30:04"
D,METER_DATA,GEN_DUID,1,"2015/12/17 20:35:00",CLUNY,16.690720,"2015/12/17 20:30:04"
D,METER_DATA,GEN_DUID,1,"2015/12/17 20:35:00",CNUNDAWF,18.321373,"2015/12/17 20:30:04"
D,METER_DATA,GEN_DUID,1,"2015/12/17 20:35:00",CULLRGWF,4.35,"2015/12/17 20:30:04"
D,METER_DATA,GEN_DUID,1,"2015/12/17 20:35:00",ERGT01,0,"2015/12/17 20:30:04"
D,METER_DATA,GEN_DUID,1,"2015/12/17 20:35:00",GB01,0.237152,"2015/12/17 20:30:04"
D,METER_DATA,GEN_DUID,1,"2015/12/17 20:35:00",GERMCRK,37.299999,"2015/12/17 20:30:04"
D,METER_DATA,GEN_DUID,1,"2015/12/17 20:35:00",INVICTA,0,"2015/12/17 20:30:04"
D,METER_DATA,GEN_DUID,1,"2015/12/17 20:35:00",LKBONNY1,22.059412,"2015/12/17 20:30:04"
D,METER_DATA,GEN_DUID,1,"2015/12/17 20:35:00",MBAHNTH,4.800001,"2015/12/17 20:30:04"
D,METER_DATA,GEN_DUID,1,"2015/12/17 20:35:00",MLWF1,3.5850,"2015/12/17 20:30:04"
D,METER_DATA,GEN_DUID,1,"2015/12/17 20:35:00",MTMILLAR,7.433870,"2015/12/17 20:30:04"
D,METER_DATA,GEN_DUID,1,"2015/12/17 20:35:00",PALOONA,19.09,"2015/12/17 20:30:04"
D,METER_DATA,GEN_DUID,1,"2015/12/17 20:35:00",PIONEER,0,"2015/12/17 20:30:04"
D,METER_DATA,GEN_DUID,1,"2015/12/17 20:35:00",PORTWF,35.099998,"2015/12/17 20:30:04"
D,METER_DATA,GEN_DUID,1,"2015/12/17 20:35:00",REPULSE,27.324869,"2015/12/17 20:30:04"
D,METER_DATA,GEN_DUID,1,"2015/12/17 20:35:00",ROWALLAN,0.9798,"2015/12/17 20:30:04"
D,METER_DATA,GEN_DUID,1,"2015/12/17 20:35:00",RPCG,9.90,"2015/12/17 20:30:04"
D,METER_DATA,GEN_DUID,1,"2015/12/17 20:35:00",RUBICON,0,"2015/12/17 20:30:04"
D,METER_DATA,GEN_DUID,1,"2015/12/17 20:35:00",STARHLWF,0.599825,"2015/12/17 20:30:04"
D,METER_DATA,GEN_DUID,1,"2015/12/17 20:35:00",WAUBRAWF,55.2640,"2015/12/17 20:30:04"
D,METER_DATA,GEN_DUID,1,"2015/12/17 20:35:00",WOOLNTH1,87.020020,"2015/12/17 20:30:04"
D,METER_DATA,GEN_DUID,1,"2015/12/17 20:35:00",WPWF,9,"2015/12/17 20:30:04"
D,METER_DATA,GEN_DUID,1,"2015/12/17 20:40:00",ANGAS1,0,"2015/12/17 20:35:04"
D,METER_DATA,GEN_DUID,1,"2015/12/17 20:40:00",ANGAS2,0,"2015/12/17 20:35:04"
D,METER_DATA,GEN_DUID,1,"2015/12/17 20:40:00",BUTLERSG,-0.000002,"2015/12/17 20:35:04"
D,METER_DATA,GEN_DUID,1,"2015/12/17 20:40:00",CALL_A_4,0,"2015/12/17 20:35:04"
D,METER_DATA,GEN_DUID,1,"2015/12/17 20:40:00",CAPTL_WF,27.127998,"2015/12/17 20:35:04"
D,METER_DATA,GEN_DUID,1,"2015/12/17 20:40:00",CATHROCK,7.63,"2015/12/17 20:35:04"
D,METER_DATA,GEN_DUID,1,"2015/12/17 20:40:00",CHALLHWF,15.40,"2015/12/17 20:35:04"
D,METER_DATA,GEN_DUID,1,"2015/12/17 20:40:00",CLOVER,-0.01,"2015/12/17 20:35:04"
D,METER_DATA,GEN_DUID,1,"2015/12/17 20:40:00",CLUNY,16.919361,"2015/12/17 20:35:04"
D,METER_DATA,GEN_DUID,1,"2015/12/17 20:40:00",CNUNDAWF,17.820789,"2015/12/17 20:35:04"
D,METER_DATA,GEN_DUID,1,"2015/12/17 20:40:00",CULLRGWF,4.30,"2015/12/17 20:35:04"
D,METER_DATA,GEN_DUID,1,"2015/12/17 20:40:00",ERGT01,0,"2015/12/17 20:35:04"
D,METER_DATA,GEN_DUID,1,"2015/12/17 20:40:00",GB01,0.239075,"2015/12/17 20:35:04"
D,METER_DATA,GEN_DUID,1,"2015/12/17 20:40:00",GERMCRK,36.799999,"2015/12/17 20:35:04"
D,METER_DATA,GEN_DUID,1,"2015/12/17 20:40:00",INVICTA,0,"2015/12/17 20:35:04"
D,METER_DATA,GEN_DUID,1,"2015/12/17 20:40:00",LKBONNY1,24.202837,"2015/12/17 20:35:04"
D,METER_DATA,GEN_DUID,1,"2015/12/17 20:40:00",MBAHNTH,4.800001,"2015/12/17 20:35:04"
D,METER_DATA,GEN_DUID,1,"2015/12/17 20:40:00",MLWF1,3.33,"2015/12/17 20:35:04"
D,METER_DATA,GEN_DUID,1,"2015/12/17 20:40:00",MTMILLAR,9.532320,"2015/12/17 20:35:04"
D,METER_DATA,GEN_DUID,1,"2015/12/17 20:40:00",PALOONA,19.25,"2015/12/17 20:35:04"
D,METER_DATA,GEN_DUID,1,"2015/12/17 20:40:00",PIONEER,0,"2015/12/17 20:35:04"
D,METER_DATA,GEN_DUID,1,"2015/12/17 20:40:00",PORTWF,35,"2015/12/17 20:35:04"
D,METER_DATA,GEN_DUID,1,"2015/12/17 20:40:00",REPULSE,28.010849,"2015/12/17 20:35:04"
D,METER_DATA,GEN_DUID,1,"2015/12/17 20:40:00",ROWALLAN,0.9585,"2015/12/17 20:35:04"
D,METER_DATA,GEN_DUID,1,"2015/12/17 20:40:00",RPCG,9.90,"2015/12/17 20:35:04"
D,METER_DATA,GEN_DUID,1,"2015/12/17 20:40:00",RUBICON,0,"2015/12/17 20:35:04"
D,METER_DATA,GEN_DUID,1,"2015/12/17 20:40:00",STARHLWF,0.999708,"2015/12/17 20:35:04"
D,METER_DATA,GEN_DUID,1,"2015/12/17 20:40:00",WAUBRAWF,61.056999,"2015/12/17 20:35:04"
D,METER_DATA,GEN_DUID,1,"2015/12/17 20:40:00",WOOLNTH1,93.900017,"2015/12/17 20:35:04"
D,METER_DATA,GEN_DUID,1,"2015/12/17 20:40:00",WPWF,10,"2015/12/17 20:35:04"
D,METER_DATA,GEN_DUID,1,"2015/12/17 20:45:00",ANGAS1,0,"2015/12/17 20:40:04"
D,METER_DATA,GEN_DUID,1,"2015/12/17 20:45:00",ANGAS2,0,"2015/12/17 20:40:04"
D,METER_DATA,GEN_DUID,1,"2015/12/17 20:45:00",BUTLERSG,-0.000002,"2015/12/17 20:40:04"
D,METER_DATA,GEN_DUID,1,"2015/12/17 20:45:00",CALL_A_4,0,"2015/12/17 20:40:04"
D,METER_DATA,GEN_DUID,1,"2015/12/17 20:45:00",CAPTL_WF,24.639999,"2015/12/17 20:40:04"
D,METER_DATA,GEN_DUID,1,"2015/12/17 20:45:00",CATHROCK,8.509999,"2015/12/17 20:40:04"
D,METER_DATA,GEN_DUID,1,"2015/12/17 20:45:00",CHALLHWF,15.30,"2015/12/17 20:40:04"
D,METER_DATA,GEN_DUID,1,"2015/12/17 20:45:00",CLOVER,-0.02,"2015/12/17 20:40:04"
D,METER_DATA,GEN_DUID,1,"2015/12/17 20:45:00",CLUNY,16.719301,"2015/12/17 20:40:04"
D,METER_DATA,GEN_DUID,1,"2015/12/17 20:45:00",CNUNDAWF,20.223591,"2015/12/17 20:40:04"
D,METER_DATA,GEN_DUID,1,"2015/12/17 20:45:00",CULLRGWF,4.34,"2015/12/17 20:40:04"
D,METER_DATA,GEN_DUID,1,"2015/12/17 20:45:00",ERGT01,0,"2015/12/17 20:40:04"
D,METER_DATA,GEN_DUID,1,"2015/12/17 20:45:00",GB01,0.239075,"2015/12/17 20:40:04"
D,METER_DATA,GEN_DUID,1,"2015/12/17 20:45:00",GERMCRK,35.799999,"2015/12/17 20:40:04"
D,METER_DATA,GEN_DUID,1,"2015/12/17 20:45:00",INVICTA,0,"2015/12/17 20:40:04"
D,METER_DATA,GEN_DUID,1,"2015/12/17 20:45:00",LKBONNY1,25.989025,"2015/12/17 20:40:04"
D,METER_DATA,GEN_DUID,1,"2015/12/17 20:45:00",MBAHNTH,4.800001,"2015/12/17 20:40:04"
D,METER_DATA,GEN_DUID,1,"2015/12/17 20:45:00",MLWF1,3.2250,"2015/12/17 20:40:04"
D,METER_DATA,GEN_DUID,1,"2015/12/17 20:45:00",MTMILLAR,10.462484,"2015/12/17 20:40:04"
D,METER_DATA,GEN_DUID,1,"2015/12/17 20:45:00",PALOONA,19.25,"2015/12/17 20:40:04"
D,METER_DATA,GEN_DUID,1,"2015/12/17 20:45:00",PIONEER,0,"2015/12/17 20:40:04"
D,METER_DATA,GEN_DUID,1,"2015/12/17 20:45:00",PORTWF,31.60,"2015/12/17 20:40:04"
D,METER_DATA,GEN_DUID,1,"2015/12/17 20:45:00",REPULSE,27.725025,"2015/12/17 20:40:04"
D,METER_DATA,GEN_DUID,1,"2015/12/17 20:45:00",ROWALLAN,0.9585,"2015/12/17 20:40:04"
D,METER_DATA,GEN_DUID,1,"2015/12/17 20:45:00",RPCG,9.90,"2015/12/17 20:40:04"
D,METER_DATA,GEN_DUID,1,"2015/12/17 20:45:00",RUBICON,0,"2015/12/17 20:40:04"
D,METER_DATA,GEN_DUID,1,"2015/12/17 20:45:00",STARHLWF,0.599825,"2015/12/17 20:40:04"
D,METER_DATA,GEN_DUID,1,"2015/12/17 20:45:00",WAUBRAWF,61.712002,"2015/12/17 20:40:04"
D,METER_DATA,GEN_DUID,1,"2015/12/17 20:45:00",WOOLNTH1,91.950012,"2015/12/17 20:40:04"
D,METER_DATA,GEN_DUID,1,"2015/12/17 20:45:00",WPWF,10,"2015/12/17 20:40:04"
D,METER_DATA,GEN_DUID,1,"2015/12/17 20:50:00",ANGAS1,0,"2015/12/17 20:45:04"
D,METER_DATA,GEN_DUID,1,"2015/12/17 20:50:00",ANGAS2,0,"2015/12/17 20:45:04"
D,METER_DATA,GEN_DUID,1,"2015/12/17 20:50:00",BUTLERSG,-0.000002,"2015/12/17 20:45:04"
D,METER_DATA,GEN_DUID,1,"2015/12/17 20:50:00",CALL_A_4,0,"2015/12/17 20:45:04"
D,METER_DATA,GEN_DUID,1,"2015/12/17 20:50:00",CAPTL_WF,23.403999,"2015/12/17 20:45:04"
D,METER_DATA,GEN_DUID,1,"2015/12/17 20:50:00",CATHROCK,5.52,"2015/12/17 20:45:04"
D,METER_DATA,GEN_DUID,1,"2015/12/17 20:50:00",CHALLHWF,16.10,"2015/12/17 20:45:04"
D,METER_DATA,GEN_DUID,1,"2015/12/17 20:50:00",CLOVER,-0.02,"2015/12/17 20:45:04"
D,METER_DATA,GEN_DUID,1,"2015/12/17 20:50:00",CLUNY,17.419510,"2015/12/17 20:45:04"
D,METER_DATA,GEN_DUID,1,"2015/12/17 20:50:00",CNUNDAWF,19.823124,"2015/12/17 20:45:04"
D,METER_DATA,GEN_DUID,1,"2015/12/17 20:50:00",CULLRGWF,4.84,"2015/12/17 20:45:04"
D,METER_DATA,GEN_DUID,1,"2015/12/17 20:50:00",ERGT01,0,"2015/12/17 20:45:04"
D,METER_DATA,GEN_DUID,1,"2015/12/17 20:50:00",GB01,0.239075,"2015/12/17 20:45:04"
D,METER_DATA,GEN_DUID,1,"2015/12/17 20:50:00",GERMCRK,37.099998,"2015/12/17 20:45:04"
D,METER_DATA,GEN_DUID,1,"2015/12/17 20:50:00",INVICTA,0,"2015/12/17 20:45:04"
D,METER_DATA,GEN_DUID,1,"2015/12/17 20:50:00",LKBONNY1,26.435572,"2015/12/17 20:45:04"
D,METER_DATA,GEN_DUID,1,"2015/12/17 20:50:00",MBAHNTH,4.800001,"2015/12/17 20:45:04"
D,METER_DATA,GEN_DUID,1,"2015/12/17 20:50:00",MLWF1,2.9250,"2015/12/17 20:45:04"
D,METER_DATA,GEN_DUID,1,"2015/12/17 20:50:00",MTMILLAR,11.839127,"2015/12/17 20:45:04"
D,METER_DATA,GEN_DUID,1,"2015/12/17 20:50:00",PALOONA,19.25,"2015/12/17 20:45:04"
D,METER_DATA,GEN_DUID,1,"2015/12/17 20:50:00",PIONEER,0,"2015/12/17 20:45:04"
D,METER_DATA,GEN_DUID,1,"2015/12/17 20:50:00",PORTWF,33.900002,"2015/12/17 20:45:04"
D,METER_DATA,GEN_DUID,1,"2015/12/17 20:50:00",REPULSE,28.544390,"2015/12/17 20:45:04"
D,METER_DATA,GEN_DUID,1,"2015/12/17 20:50:00",ROWALLAN,1.1715,"2015/12/17 20:45:04"
D,METER_DATA,GEN_DUID,1,"2015/12/17 20:50:00",RPCG,9.90,"2015/12/17 20:45:04"
D,METER_DATA,GEN_DUID,1,"2015/12/17 20:50:00",RUBICON,0,"2015/12/17 20:45:04"
D,METER_DATA,GEN_DUID,1,"2015/12/17 20:50:00",STARHLWF,0.199942,"2015/12/17 20:45:04"
D,METER_DATA,GEN_DUID,1,"2015/12/17 20:50:00",WAUBRAWF,53.616001,"2015/12/17 20:45:04"
D,METER_DATA,GEN_DUID,1,"2015/12/17 20:50:00",WOOLNTH1,94.600021,"2015/12/17 20:45:04"
D,METER_DATA,GEN_DUID,1,"2015/12/17 20:50:00",WPWF,12,"2015/12/17 20:45:04"
D,METER_DATA,GEN_DUID,1,"2015/12/17 20:55:00",ANGAS1,0,"2015/12/17 20:50:04"
D,METER_DATA,GEN_DUID,1,"2015/12/17 20:55:00",ANGAS2,0,"2015/12/17 20:50:04"
D,METER_DATA,GEN_DUID,1,"2015/12/17 20:55:00",BUTLERSG,-0.000002,"2015/12/17 20:50:04"
D,METER_DATA,GEN_DUID,1,"2015/12/17 20:55:00",CALL_A_4,0,"2015/12/17 20:50:04"
D,METER_DATA,GEN_DUID,1,"2015/12/17 20:55:00",CAPTL_WF,17.8880,"2015/12/17 20:50:04"
D,METER_DATA,GEN_DUID,1,"2015/12/17 20:55:00",CATHROCK,4.83,"2015/12/17 20:50:04"
D,METER_DATA,GEN_DUID,1,"2015/12/17 20:55:00",CHALLHWF,17.10,"2015/12/17 20:50:04"
D,METER_DATA,GEN_DUID,1,"2015/12/17 20:55:00",CLOVER,-0.01,"2015/12/17 20:50:04"
D,METER_DATA,GEN_DUID,1,"2015/12/17 20:55:00",CLUNY,16.533531,"2015/12/17 20:50:04"
D,METER_DATA,GEN_DUID,1,"2015/12/17 20:55:00",CNUNDAWF,18.021023,"2015/12/17 20:50:04"
D,METER_DATA,GEN_DUID,1,"2015/12/17 20:55:00",CULLRGWF,4.16,"2015/12/17 20:50:04"
D,METER_DATA,GEN_DUID,1,"2015/12/17 20:55:00",ERGT01,0,"2015/12/17 20:50:04"
D,METER_DATA,GEN_DUID,1,"2015/12/17 20:55:00",GB01,0.239075,"2015/12/17 20:50:04"
D,METER_DATA,GEN_DUID,1,"2015/12/17 20:55:00",GERMCRK,36.50,"2015/12/17 20:50:04"
D,METER_DATA,GEN_DUID,1,"2015/12/17 20:55:00",INVICTA,0,"2015/12/17 20:50:04"
D,METER_DATA,GEN_DUID,1,"2015/12/17 20:55:00",LKBONNY1,26.971428,"2015/12/17 20:50:04"
D,METER_DATA,GEN_DUID,1,"2015/12/17 20:55:00",MBAHNTH,4.800001,"2015/12/17 20:50:04"
D,METER_DATA,GEN_DUID,1,"2015/12/17 20:55:00",MLWF1,2.7150,"2015/12/17 20:50:04"
D,METER_DATA,GEN_DUID,1,"2015/12/17 20:55:00",MTMILLAR,12.895793,"2015/12/17 20:50:04"
D,METER_DATA,GEN_DUID,1,"2015/12/17 20:55:00",PALOONA,19.199999,"2015/12/17 20:50:04"
D,METER_DATA,GEN_DUID,1,"2015/12/17 20:55:00",PIONEER,0,"2015/12/17 20:50:04"
D,METER_DATA,GEN_DUID,1,"2015/12/17 20:55:00",PORTWF,34.799999,"2015/12/17 20:50:04"
D,METER_DATA,GEN_DUID,1,"2015/12/17 20:55:00",REPULSE,28.468170,"2015/12/17 20:50:04"
D,METER_DATA,GEN_DUID,1,"2015/12/17 20:55:00",ROWALLAN,1.7750,"2015/12/17 20:50:04"
D,METER_DATA,GEN_DUID,1,"2015/12/17 20:55:00",RPCG,9.90,"2015/12/17 20:50:04"
D,METER_DATA,GEN_DUID,1,"2015/12/17 20:55:00",RUBICON,0,"2015/12/17 20:50:04"
D,METER_DATA,GEN_DUID,1,"2015/12/17 20:55:00",STARHLWF,0.499854,"2015/12/17 20:50:04"
D,METER_DATA,GEN_DUID,1,"2015/12/17 20:55:00",WAUBRAWF,49.8820,"2015/12/17 20:50:04"
D,METER_DATA,GEN_DUID,1,"2015/12/17 20:55:00",WOOLNTH1,100.650024,"2015/12/17 20:50:04"
D,METER_DATA,GEN_DUID,1,"2015/12/17 20:55:00",WPWF,16,"2015/12/17 20:50:04"
D,METER_DATA,GEN_DUID,1,"2015/12/17 21:00:00",ANGAS1,0,"2015/12/17 20:55:05"
D,METER_DATA,GEN_DUID,1,"2015/12/17 21:00:00",ANGAS2,0,"2015/12/17 20:55:05"
D,METER_DATA,GEN_DUID,1,"2015/12/17 21:00:00",BUTLERSG,-0.000002,"2015/12/17 20:55:05"
D,METER_DATA,GEN_DUID,1,"2015/12/17 21:00:00",CALL_A_4,0,"2015/12/17 20:55:05"
D,METER_DATA,GEN_DUID,1,"2015/12/17 21:00:00",CAPTL_WF,19.272003,"2015/12/17 20:55:05"
D,METER_DATA,GEN_DUID,1,"2015/12/17 21:00:00",CATHROCK,5.74,"2015/12/17 20:55:05"
D,METER_DATA,GEN_DUID,1,"2015/12/17 21:00:00",CHALLHWF,16.299999,"2015/12/17 20:55:05"
D,METER_DATA,GEN_DUID,1,"2015/12/17 21:00:00",CLOVER,-0.01,"2015/12/17 20:55:05"
D,METER_DATA,GEN_DUID,1,"2015/12/17 21:00:00",CLUNY,17.348061,"2015/12/17 20:55:05"
D,METER_DATA,GEN_DUID,1,"2015/12/17 21:00:00",CNUNDAWF,16.218920,"2015/12/17 20:55:05"
D,METER_DATA,GEN_DUID,1,"2015/12/17 21:00:00",CULLRGWF,4.26,"2015/12/17 20:55:05"
D,METER_DATA,GEN_DUID,1,"2015/12/17 21:00:00",ERGT01,0,"2015/12/17 20:55:05"
D,METER_DATA,GEN_DUID,1,"2015/12/17 21:00:00",GB01,0.239075,"2015/12/17 20:55:05"
D,METER_DATA,GEN_DUID,1,"2015/12/17 21:00:00",GERMCRK,36.099998,"2015/12/17 20:55:05"
D,METER_DATA,GEN_DUID,1,"2015/12/17 21:00:00",INVICTA,0,"2015/12/17 20:55:05"
D,METER_DATA,GEN_DUID,1,"2015/12/17 21:00:00",LKBONNY1,25.095932,"2015/12/17 20:55:05"
D,METER_DATA,GEN_DUID,1,"2015/12/17 21:00:00",MBAHNTH,4.800001,"2015/12/17 20:55:05"
D,METER_DATA,GEN_DUID,1,"2015/12/17 21:00:00",MLWF1,2.7150,"2015/12/17 20:55:05"
D,METER_DATA,GEN_DUID,1,"2015/12/17 21:00:00",MTMILLAR,15.306778,"2015/12/17 20:55:05"
D,METER_DATA,GEN_DUID,1,"2015/12/17 21:00:00",PALOONA,19.199999,"2015/12/17 20:55:05"
D,METER_DATA,GEN_DUID,1,"2015/12/17 21:00:00",PIONEER,0,"2015/12/17 20:55:05"
D,METER_DATA,GEN_DUID,1,"2015/12/17 21:00:00",PORTWF,35.299999,"2015/12/17 20:55:05"
D,METER_DATA,GEN_DUID,1,"2015/12/17 21:00:00",REPULSE,28.658720,"2015/12/17 20:55:05"
D,METER_DATA,GEN_DUID,1,"2015/12/17 21:00:00",ROWALLAN,2.0732,"2015/12/17 20:55:05"
D,METER_DATA,GEN_DUID,1,"2015/12/17 21:00:00",RPCG,9.90,"2015/12/17 20:55:05"
D,METER_DATA,GEN_DUID,1,"2015/12/17 21:00:00",RUBICON,0,"2015/12/17 20:55:05"
D,METER_DATA,GEN_DUID,1,"2015/12/17 21:00:00",STARHLWF,0.499854,"2015/12/17 20:55:05"
D,METER_DATA,GEN_DUID,1,"2015/12/17 21:00:00",WAUBRAWF,47.783001,"2015/12/17 20:55:05"
D,METER_DATA,GEN_DUID,1,"2015/12/17 21:00:00",WOOLNTH1,92.150017,"2015/12/17 20:55:05"
D,METER_DATA,GEN_DUID,1,"2015/12/17 21:00:00",WPWF,19,"2015/12/17 20:55:05"
D,METER_DATA,GEN_DUID,1,"2015/12/17 21:05:00",ANGAS1,0,"2015/12/17 21:00:04"
D,METER_DATA,GEN_DUID,1,"2015/12/17 21:05:00",ANGAS2,0,"2015/12/17 21:00:04"
D,METER_DATA,GEN_DUID,1,"2015/12/17 21:05:00",BUTLERSG,-0.000002,"2015/12/17 21:00:04"
D,METER_DATA,GEN_DUID,1,"2015/12/17 21:05:00",CALL_A_4,0,"2015/12/17 21:00:04"
D,METER_DATA,GEN_DUID,1,"2015/12/17 21:05:00",CAPTL_WF,16.248001,"2015/12/17 21:00:04"
D,METER_DATA,GEN_DUID,1,"2015/12/17 21:05:00",CATHROCK,6.96,"2015/12/17 21:00:04"
D,METER_DATA,GEN_DUID,1,"2015/12/17 21:05:00",CHALLHWF,18.799999,"2015/12/17 21:00:04"
D,METER_DATA,GEN_DUID,1,"2015/12/17 21:05:00",CLOVER,-0.01,"2015/12/17 21:00:04"
D,METER_DATA,GEN_DUID,1,"2015/12/17 21:05:00",CLUNY,16.805040,"2015/12/17 21:00:04"
D,METER_DATA,GEN_DUID,1,"2015/12/17 21:05:00",CNUNDAWF,16.719505,"2015/12/17 21:00:04"
D,METER_DATA,GEN_DUID,1,"2015/12/17 21:05:00",CULLRGWF,3.98,"2015/12/17 21:00:04"
D,METER_DATA,GEN_DUID,1,"2015/12/17 21:05:00",ERGT01,0,"2015/12/17 21:00:04"
D,METER_DATA,GEN_DUID,1,"2015/12/17 21:05:00",GB01,0.239075,"2015/12/17 21:00:04"
D,METER_DATA,GEN_DUID,1,"2015/12/17 21:05:00",GERMCRK,36.900002,"2015/12/17 21:00:04"
D,METER_DATA,GEN_DUID,1,"2015/12/17 21:05:00",INVICTA,0,"2015/12/17 21:00:04"
D,METER_DATA,GEN_DUID,1,"2015/12/17 21:05:00",LKBONNY1,22.148722,"2015/12/17 21:00:04"
D,METER_DATA,GEN_DUID,1,"2015/12/17 21:05:00",MBAHNTH,4.800001,"2015/12/17 21:00:04"
D,METER_DATA,GEN_DUID,1,"2015/12/17 21:05:00",MLWF1,2.7150,"2015/12/17 21:00:04"
D,METER_DATA,GEN_DUID,1,"2015/12/17 21:05:00",MTMILLAR,15.768139,"2015/12/17 21:00:04"
D,METER_DATA,GEN_DUID,1,"2015/12/17 21:05:00",PALOONA,19.199999,"2015/12/17 21:00:04"
D,METER_DATA,GEN_DUID,1,"2015/12/17 21:05:00",PIONEER,0,"2015/12/17 21:00:04"
D,METER_DATA,GEN_DUID,1,"2015/12/17 21:05:00",PORTWF,34,"2015/12/17 21:00:04"
D,METER_DATA,GEN_DUID,1,"2015/12/17 21:05:00",REPULSE,28.144234,"2015/12/17 21:00:04"
D,METER_DATA,GEN_DUID,1,"2015/12/17 21:05:00",ROWALLAN,2.0519,"2015/12/17 21:00:04"
D,METER_DATA,GEN_DUID,1,"2015/12/17 21:05:00",RPCG,9.90,"2015/12/17 21:00:04"
D,METER_DATA,GEN_DUID,1,"2015/12/17 21:05:00",RUBICON,0,"2015/12/17 21:00:04"
D,METER_DATA,GEN_DUID,1,"2015/12/17 21:05:00",STARHLWF,0.099971,"2015/12/17 21:00:04"
D,METER_DATA,GEN_DUID,1,"2015/12/17 21:05:00",WAUBRAWF,42.2080,"2015/12/17 21:00:04"
D,METER_DATA,GEN_DUID,1,"2015/12/17 21:05:00",WOOLNTH1,93.480019,"2015/12/17 21:00:04"
D,METER_DATA,GEN_DUID,1,"2015/12/17 21:05:00",WPWF,20,"2015/12/17 21:00:04"
D,METER_DATA,GEN_DUID,1,"2015/12/17 21:10:00",ANGAS1,0,"2015/12/17 21:05:04"
D,METER_DATA,GEN_DUID,1,"2015/12/17 21:10:00",ANGAS2,0,"2015/12/17 21:05:04"
D,METER_DATA,GEN_DUID,1,"2015/12/17 21:10:00",BUTLERSG,-0.000002,"2015/12/17 21:05:04"
D,METER_DATA,GEN_DUID,1,"2015/12/17 21:10:00",CALL_A_4,0,"2015/12/17 21:05:04"
D,METER_DATA,GEN_DUID,1,"2015/12/17 21:10:00",CAPTL_WF,15.600006,"2015/12/17 21:05:04"
D,METER_DATA,GEN_DUID,1,"2015/12/17 21:10:00",CATHROCK,8.37,"2015/12/17 21:05:04"
D,METER_DATA,GEN_DUID,1,"2015/12/17 21:10:00",CHALLHWF,18.50,"2015/12/17 21:05:04"
D,METER_DATA,GEN_DUID,1,"2015/12/17 21:10:00",CLOVER,-0.02,"2015/12/17 21:05:04"
D,METER_DATA,GEN_DUID,1,"2015/12/17 21:10:00",CLUNY,16.647850,"2015/12/17 21:05:04"
D,METER_DATA,GEN_DUID,1,"2015/12/17 21:10:00",CNUNDAWF,15.518103,"2015/12/17 21:05:04"
D,METER_DATA,GEN_DUID,1,"2015/12/17 21:10:00",CULLRGWF,3.27,"2015/12/17 21:05:04"
D,METER_DATA,GEN_DUID,1,"2015/12/17 21:10:00",ERGT01,0,"2015/12/17 21:05:04"
D,METER_DATA,GEN_DUID,1,"2015/12/17 21:10:00",GB01,0.239075,"2015/12/17 21:05:04"
D,METER_DATA,GEN_DUID,1,"2015/12/17 21:10:00",GERMCRK,37.200001,"2015/12/17 21:05:04"
D,METER_DATA,GEN_DUID,1,"2015/12/17 21:10:00",INVICTA,0,"2015/12/17 21:05:04"
D,METER_DATA,GEN_DUID,1,"2015/12/17 21:10:00",LKBONNY1,20.094606,"2015/12/17 21:05:04"
D,METER_DATA,GEN_DUID,1,"2015/12/17 21:10:00",MBAHNTH,4.800001,"2015/12/17 21:05:04"
D,METER_DATA,GEN_DUID,1,"2015/12/17 21:10:00",MLWF1,3.03,"2015/12/17 21:05:04"
D,METER_DATA,GEN_DUID,1,"2015/12/17 21:10:00",MTMILLAR,16.356003,"2015/12/17 21:05:04"
D,METER_DATA,GEN_DUID,1,"2015/12/17 21:10:00",PALOONA,19.199999,"2015/12/17 21:05:04"
D,METER_DATA,GEN_DUID,1,"2015/12/17 21:10:00",PIONEER,0,"2015/12/17 21:05:04"
D,METER_DATA,GEN_DUID,1,"2015/12/17 21:10:00",PORTWF,34.900002,"2015/12/17 21:05:04"
D,METER_DATA,GEN_DUID,1,"2015/12/17 21:10:00",REPULSE,28.239510,"2015/12/17 21:05:04"
D,METER_DATA,GEN_DUID,1,"2015/12/17 21:10:00",ROWALLAN,1.9880,"2015/12/17 21:05:04"
D,METER_DATA,GEN_DUID,1,"2015/12/17 21:10:00",RPCG,9.80,"2015/12/17 21:05:04"
D,METER_DATA,GEN_DUID,1,"2015/12/17 21:10:00",RUBICON,0,"2015/12/17 21:05:04"
D,METER_DATA,GEN_DUID,1,"2015/12/17 21:10:00",STARHLWF,0.099971,"2015/12/17 21:05:04"
D,METER_DATA,GEN_DUID,1,"2015/12/17 21:10:00",WAUBRAWF,37.2710,"2015/12/17 21:05:04"
D,METER_DATA,GEN_DUID,1,"2015/12/17 21:10:00",WOOLNTH1,90.860016,"2015/12/17 21:05:04"
D,METER_DATA,GEN_DUID,1,"2015/12/17 21:10:00",WPWF,21,"2015/12/17 21:05:04"
D,METER_DATA,GEN_DUID,1,"2015/12/17 21:15:00",ANGAS1,0,"2015/12/17 21:10:04"
D,METER_DATA,GEN_DUID,1,"2015/12/17 21:15:00",ANGAS2,0,"2015/12/17 21:10:04"
D,METER_DATA,GEN_DUID,1,"2015/12/17 21:15:00",BUTLERSG,-0.000002,"2015/12/17 21:10:04"
D,METER_DATA,GEN_DUID,1,"2015/12/17 21:15:00",CALL_A_4,0,"2015/12/17 21:10:04"
D,METER_DATA,GEN_DUID,1,"2015/12/17 21:15:00",CAPTL_WF,8.132004,"2015/12/17 21:10:04"
D,METER_DATA,GEN_DUID,1,"2015/12/17 21:15:00",CATHROCK,6.14,"2015/12/17 21:10:04"
D,METER_DATA,GEN_DUID,1,"2015/12/17 21:15:00",CHALLHWF,17.299999,"2015/12/17 21:10:04"
D,METER_DATA,GEN_DUID,1,"2015/12/17 21:15:00",CLOVER,-0.01,"2015/12/17 21:10:04"
D,METER_DATA,GEN_DUID,1,"2015/12/17 21:15:00",CLUNY,17.390930,"2015/12/17 21:10:04"
D,METER_DATA,GEN_DUID,1,"2015/12/17 21:15:00",CNUNDAWF,15.718336,"2015/12/17 21:10:04"
D,METER_DATA,GEN_DUID,1,"2015/12/17 21:15:00",CULLRGWF,3.20,"2015/12/17 21:10:04"
D,METER_DATA,GEN_DUID,1,"2015/12/17 21:15:00",ERGT01,0,"2015/12/17 21:10:04"
D,METER_DATA,GEN_DUID,1,"2015/12/17 21:15:00",GB01,0.239075,"2015/12/17 21:10:04"
D,METER_DATA,GEN_DUID,1,"2015/12/17 21:15:00",GERMCRK,37.099998,"2015/12/17 21:10:04"
D,METER_DATA,GEN_DUID,1,"2015/12/17 21:15:00",INVICTA,0,"2015/12/17 21:10:04"
D,METER_DATA,GEN_DUID,1,"2015/12/17 21:15:00",LKBONNY1,18.487038,"2015/12/17 21:10:04"
D,METER_DATA,GEN_DUID,1,"2015/12/17 21:15:00",MBAHNTH,4.800001,"2015/12/17 21:10:04"
D,METER_DATA,GEN_DUID,1,"2015/12/17 21:15:00",MLWF1,2.82,"2015/12/17 21:10:04"
D,METER_DATA,GEN_DUID,1,"2015/12/17 21:15:00",MTMILLAR,15.783022,"2015/12/17 21:10:04"
D,METER_DATA,GEN_DUID,1,"2015/12/17 21:15:00",PALOONA,19.199999,"2015/12/17 21:10:04"
D,METER_DATA,GEN_DUID,1,"2015/12/17 21:15:00",PIONEER,0,"2015/12/17 21:10:04"
D,METER_DATA,GEN_DUID,1,"2015/12/17 21:15:00",PORTWF,33.900002,"2015/12/17 21:10:04"
D,METER_DATA,GEN_DUID,1,"2015/12/17 21:15:00",REPULSE,28.068014,"2015/12/17 21:10:04"
D,METER_DATA,GEN_DUID,1,"2015/12/17 21:15:00",ROWALLAN,2.0306,"2015/12/17 21:10:04"
D,METER_DATA,GEN_DUID,1,"2015/12/17 21:15:00",RPCG,9.80,"2015/12/17 21:10:04"
D,METER_DATA,GEN_DUID,1,"2015/12/17 21:15:00",RUBICON,0,"2015/12/17 21:10:04"
D,METER_DATA,GEN_DUID,1,"2015/12/17 21:15:00",STARHLWF,1.799475,"2015/12/17 21:10:04"
D,METER_DATA,GEN_DUID,1,"2015/12/17 21:15:00",WAUBRAWF,33.4860,"2015/12/17 21:10:04"
D,METER_DATA,GEN_DUID,1,"2015/12/17 21:15:00",WOOLNTH1,91.040024,"2015/12/17 21:10:04"
D,METER_DATA,GEN_DUID,1,"2015/12/17 21:15:00",WPWF,20,"2015/12/17 21:10:04"
D,METER_DATA,GEN_DUID,1,"2015/12/17 21:20:00",ANGAS1,0,"2015/12/17 21:15:04"
D,METER_DATA,GEN_DUID,1,"2015/12/17 21:20:00",ANGAS2,0,"2015/12/17 21:15:04"
D,METER_DATA,GEN_DUID,1,"2015/12/17 21:20:00",BUTLERSG,-0.000002,"2015/12/17 21:15:04"
D,METER_DATA,GEN_DUID,1,"2015/12/17 21:20:00",CALL_A_4,0,"2015/12/17 21:15:04"
D,METER_DATA,GEN_DUID,1,"2015/12/17 21:20:00",CAPTL_WF,6.227997,"2015/12/17 21:15:04"
D,METER_DATA,GEN_DUID,1,"2015/12/17 21:20:00",CATHROCK,4.17,"2015/12/17 21:15:04"
D,METER_DATA,GEN_DUID,1,"2015/12/17 21:20:00",CHALLHWF,16.90,"2015/12/17 21:15:04"
D,METER_DATA,GEN_DUID,1,"2015/12/17 21:20:00",CLOVER,-0.02,"2015/12/17 21:15:04"
D,METER_DATA,GEN_DUID,1,"2015/12/17 21:20:00",CLUNY,16.576401,"2015/12/17 21:15:04"
D,METER_DATA,GEN_DUID,1,"2015/12/17 21:20:00",CNUNDAWF,15.718336,"2015/12/17 21:15:04"
D,METER_DATA,GEN_DUID,1,"2015/12/17 21:20:00",CULLRGWF,2.75,"2015/12/17 21:15:04"
D,METER_DATA,GEN_DUID,1,"2015/12/17 21:20:00",ERGT01,0,"2015/12/17 21:15:04"
D,METER_DATA,GEN_DUID,1,"2015/12/17 21:20:00",GB01,0.239075,"2015/12/17 21:15:04"
D,METER_DATA,GEN_DUID,1,"2015/12/17 21:20:00",GERMCRK,37.299999,"2015/12/17 21:15:04"
D,METER_DATA,GEN_DUID,1,"2015/12/17 21:20:00",INVICTA,0,"2015/12/17 21:15:04"
D,METER_DATA,GEN_DUID,1,"2015/12/17 21:20:00",LKBONNY1,18.844276,"2015/12/17 21:15:04"
D,METER_DATA,GEN_DUID,1,"2015/12/17 21:20:00",MBAHNTH,4.800001,"2015/12/17 21:15:04"
D,METER_DATA,GEN_DUID,1,"2015/12/17 21:20:00",MLWF1,2.31,"2015/12/17 21:15:04"
D,METER_DATA,GEN_DUID,1,"2015/12/17 21:20:00",MTMILLAR,15.753257,"2015/12/17 21:15:04"
D,METER_DATA,GEN_DUID,1,"2015/12/17 21:20:00",PALOONA,19.309999,"2015/12/17 21:15:04"
D,METER_DATA,GEN_DUID,1,"2015/12/17 21:20:00",PIONEER,0,"2015/12/17 21:15:04"
D,METER_DATA,GEN_DUID,1,"2015/12/17 21:20:00",PORTWF,33,"2015/12/17 21:15:04"
D,METER_DATA,GEN_DUID,1,"2015/12/17 21:20:00",REPULSE,27.877464,"2015/12/17 21:15:04"
D,METER_DATA,GEN_DUID,1,"2015/12/17 21:20:00",ROWALLAN,2.4708,"2015/12/17 21:15:04"
D,METER_DATA,GEN_DUID,1,"2015/12/17 21:20:00",RPCG,8.70,"2015/12/17 21:15:04"
D,METER_DATA,GEN_DUID,1,"2015/12/17 21:20:00",RUBICON,0,"2015/12/17 21:15:04"
D,METER_DATA,GEN_DUID,1,"2015/12/17 21:20:00",STARHLWF,2.199359,"2015/12/17 21:15:04"
D,METER_DATA,GEN_DUID,1,"2015/12/17 21:20:00",WAUBRAWF,31.0130,"2015/12/17 21:15:04"
D,METER_DATA,GEN_DUID,1,"2015/12/17 21:20:00",WOOLNTH1,84.760017,"2015/12/17 21:15:04"
D,METER_DATA,GEN_DUID,1,"2015/12/17 21:20:00",WPWF,20,"2015/12/17 21:15:04"
D,METER_DATA,GEN_DUID,1,"2015/12/17 21:25:00",ANGAS1,0,"2015/12/17 21:20:05"
D,METER_DATA,GEN_DUID,1,"2015/12/17 21:25:00",ANGAS2,0,"2015/12/17 21:20:05"
D,METER_DATA,GEN_DUID,1,"2015/12/17 21:25:00",BUTLERSG,-0.000002,"2015/12/17 21:20:05"
D,METER_DATA,GEN_DUID,1,"2015/12/17 21:25:00",CALL_A_4,0,"2015/12/17 21:20:05"
D,METER_DATA,GEN_DUID,1,"2015/12/17 21:25:00",CAPTL_WF,0,"2015/12/17 21:20:05"
D,METER_DATA,GEN_DUID,1,"2015/12/17 21:25:00",CATHROCK,3.45,"2015/12/17 21:20:05"
D,METER_DATA,GEN_DUID,1,"2015/12/17 21:25:00",CHALLHWF,17.200001,"2015/12/17 21:20:05"
D,METER_DATA,GEN_DUID,1,"2015/12/17 21:25:00",CLOVER,-0.02,"2015/12/17 21:20:05"
D,METER_DATA,GEN_DUID,1,"2015/12/17 21:25:00",CLUNY,17.076550,"2015/12/17 21:20:05"
D,METER_DATA,GEN_DUID,1,"2015/12/17 21:25:00",CNUNDAWF,17.420322,"2015/12/17 21:20:05"
D,METER_DATA,GEN_DUID,1,"2015/12/17 21:25:00",CULLRGWF,2.41,"2015/12/17 21:20:05"
D,METER_DATA,GEN_DUID,1,"2015/12/17 21:25:00",ERGT01,0,"2015/12/17 21:20:05"
D,METER_DATA,GEN_DUID,1,"2015/12/17 21:25:00",GB01,0.235561,"2015/12/17 21:20:05"
D,METER_DATA,GEN_DUID,1,"2015/12/17 21:25:00",GERMCRK,37.200001,"2015/12/17 21:20:05"
D,METER_DATA,GEN_DUID,1,"2015/12/17 21:25:00",INVICTA,0,"2015/12/17 21:20:05"
D,METER_DATA,GEN_DUID,1,"2015/12/17 21:25:00",LKBONNY1,21.434248,"2015/12/17 21:20:05"
D,METER_DATA,GEN_DUID,1,"2015/12/17 21:25:00",MBAHNTH,4.800001,"2015/12/17 21:20:05"
D,METER_DATA,GEN_DUID,1,"2015/12/17 21:25:00",MLWF1,2.70,"2015/12/17 21:20:05"
D,METER_DATA,GEN_DUID,1,"2015/12/17 21:25:00",MTMILLAR,13.744102,"2015/12/17 21:20:05"
D,METER_DATA,GEN_DUID,1,"2015/12/17 21:25:00",PALOONA,19.189999,"2015/12/17 21:20:05"
D,METER_DATA,GEN_DUID,1,"2015/12/17 21:25:00",PIONEER,0,"2015/12/17 21:20:05"
D,METER_DATA,GEN_DUID,1,"2015/12/17 21:25:00",PORTWF,30.799999,"2015/12/17 21:20:05"
D,METER_DATA,GEN_DUID,1,"2015/12/17 21:25:00",REPULSE,27.820299,"2015/12/17 21:20:05"
D,METER_DATA,GEN_DUID,1,"2015/12/17 21:25:00",ROWALLAN,2.1726,"2015/12/17 21:20:05"
D,METER_DATA,GEN_DUID,1,"2015/12/17 21:25:00",RPCG,8.80,"2015/12/17 21:20:05"
D,METER_DATA,GEN_DUID,1,"2015/12/17 21:25:00",RUBICON,0,"2015/12/17 21:20:05"
D,METER_DATA,GEN_DUID,1,"2015/12/17 21:25:00",STARHLWF,1.499563,"2015/12/17 21:20:05"
D,METER_DATA,GEN_DUID,1,"2015/12/17 21:25:00",WAUBRAWF,27.4060,"2015/12/17 21:20:05"
D,METER_DATA,GEN_DUID,1,"2015/12/17 21:25:00",WOOLNTH1,78.040016,"2015/12/17 21:20:05"
D,METER_DATA,GEN_DUID,1,"2015/12/17 21:25:00",WPWF,23,"2015/12/17 21:20:05"
D,METER_DATA,GEN_DUID,1,"2015/12/17 21:30:00",ANGAS1,0,"2015/12/17 21:25:05"
D,METER_DATA,GEN_DUID,1,"2015/12/17 21:30:00",ANGAS2,0,"2015/12/17 21:25:05"
D,METER_DATA,GEN_DUID,1,"2015/12/17 21:30:00",BUTLERSG,-0.000002,"2015/12/17 21:25:05"
D,METER_DATA,GEN_DUID,1,"2015/12/17 21:30:00",CALL_A_4,0,"2015/12/17 21:25:05"
D,METER_DATA,GEN_DUID,1,"2015/12/17 21:30:00",CAPTL_WF,0,"2015/12/17 21:25:05"
D,METER_DATA,GEN_DUID,1,"2015/12/17 21:30:00",CATHROCK,3.02,"2015/12/17 21:25:05"
D,METER_DATA,GEN_DUID,1,"2015/12/17 21:30:00",CHALLHWF,16.50,"2015/12/17 21:25:05"
D,METER_DATA,GEN_DUID,1,"2015/12/17 21:30:00",CLOVER,-0.01,"2015/12/17 21:25:05"
D,METER_DATA,GEN_DUID,1,"2015/12/17 21:30:00",CLUNY,16.519239,"2015/12/17 21:25:05"
D,METER_DATA,GEN_DUID,1,"2015/12/17 21:30:00",CNUNDAWF,16.919739,"2015/12/17 21:25:05"
D,METER_DATA,GEN_DUID,1,"2015/12/17 21:30:00",CULLRGWF,2.45,"2015/12/17 21:25:05"
D,METER_DATA,GEN_DUID,1,"2015/12/17 21:30:00",ERGT01,0,"2015/12/17 21:25:05"
D,METER_DATA,GEN_DUID,1,"2015/12/17 21:30:00",GB01,0.235561,"2015/12/17 21:25:05"
D,METER_DATA,GEN_DUID,1,"2015/12/17 21:30:00",GERMCRK,37.400002,"2015/12/17 21:25:05"
D,METER_DATA,GEN_DUID,1,"2015/12/17 21:30:00",INVICTA,0,"2015/12/17 21:25:05"
D,METER_DATA,GEN_DUID,1,"2015/12/17 21:30:00",LKBONNY1,18.397728,"2015/12/17 21:25:05"
D,METER_DATA,GEN_DUID,1,"2015/12/17 21:30:00",MBAHNTH,4.800001,"2015/12/17 21:25:05"
D,METER_DATA,GEN_DUID,1,"2015/12/17 21:30:00",MLWF1,3.03,"2015/12/17 21:25:05"
D,METER_DATA,GEN_DUID,1,"2015/12/17 21:30:00",MTMILLAR,11.742390,"2015/12/17 21:25:05"
D,METER_DATA,GEN_DUID,1,"2015/12/17 21:30:00",PALOONA,18.77,"2015/12/17 21:25:05"
D,METER_DATA,GEN_DUID,1,"2015/12/17 21:30:00",PIONEER,0,"2015/12/17 21:25:05"
D,METER_DATA,GEN_DUID,1,"2015/12/17 21:30:00",PORTWF,28.60,"2015/12/17 21:25:05"
D,METER_DATA,GEN_DUID,1,"2015/12/17 21:30:00",REPULSE,26.029129,"2015/12/17 21:25:05"
D,METER_DATA,GEN_DUID,1,"2015/12/17 21:30:00",ROWALLAN,2.0377,"2015/12/17 21:25:05"
D,METER_DATA,GEN_DUID,1,"2015/12/17 21:30:00",RPCG,8.80,"2015/12/17 21:25:05"
D,METER_DATA,GEN_DUID,1,"2015/12/17 21:30:00",RUBICON,0,"2015/12/17 21:25:05"
D,METER_DATA,GEN_DUID,1,"2015/12/17 21:30:00",STARHLWF,1.499563,"2015/12/17 21:25:05"
D,METER_DATA,GEN_DUID,1,"2015/12/17 21:30:00",WAUBRAWF,24.43,"2015/12/17 21:25:05"
D,METER_DATA,GEN_DUID,1,"2015/12/17 21:30:00",WOOLNTH1,74.090012,"2015/12/17 21:25:05"
D,METER_DATA,GEN_DUID,1,"2015/12/17 21:30:00",WPWF,22,"2015/12/17 21:25:05"
D,METER_DATA,GEN_DUID,1,"2015/12/17 21:35:00",ANGAS1,0,"2015/12/17 21:30:04"
D,METER_DATA,GEN_DUID,1,"2015/12/17 21:35:00",ANGAS2,0,"2015/12/17 21:30:04"
D,METER_DATA,GEN_DUID,1,"2015/12/17 21:35:00",BUTLERSG,-0.000002,"2015/12/17 21:30:04"
D,METER_DATA,GEN_DUID,1,"2015/12/17 21:35:00",CALL_A_4,0,"2015/12/17 21:30:04"
D,METER_DATA,GEN_DUID,1,"2015/12/17 21:35:00",CAPTL_WF,0,"2015/12/17 21:30:04"
D,METER_DATA,GEN_DUID,1,"2015/12/17 21:35:00",CATHROCK,2.30,"2015/12/17 21:30:04"
D,METER_DATA,GEN_DUID,1,"2015/12/17 21:35:00",CHALLHWF,15.80,"2015/12/17 21:30:04"
D,METER_DATA,GEN_DUID,1,"2015/12/17 21:35:00",CLOVER,-0.01,"2015/12/17 21:30:04"
D,METER_DATA,GEN_DUID,1,"2015/12/17 21:35:00",CLUNY,16.762171,"2015/12/17 21:30:04"
D,METER_DATA,GEN_DUID,1,"2015/12/17 21:35:00",CNUNDAWF,14.717168,"2015/12/17 21:30:04"
D,METER_DATA,GEN_DUID,1,"2015/12/17 21:35:00",CULLRGWF,2.38,"2015/12/17 21:30:04"
D,METER_DATA,GEN_DUID,1,"2015/12/17 21:35:00",ERGT01,0,"2015/12/17 21:30:04"
D,METER_DATA,GEN_DUID,1,"2015/12/17 21:35:00",GB01,0.235561,"2015/12/17 21:30:04"
D,METER_DATA,GEN_DUID,1,"2015/12/17 21:35:00",GERMCRK,37,"2015/12/17 21:30:04"
D,METER_DATA,GEN_DUID,1,"2015/12/17 21:35:00",INVICTA,0,"2015/12/17 21:30:04"
D,METER_DATA,GEN_DUID,1,"2015/12/17 21:35:00",LKBONNY1,18.844276,"2015/12/17 21:30:04"
D,METER_DATA,GEN_DUID,1,"2015/12/17 21:35:00",MBAHNTH,4.800001,"2015/12/17 21:30:04"
D,METER_DATA,GEN_DUID,1,"2015/12/17 21:35:00",MLWF1,3.03,"2015/12/17 21:30:04"
D,METER_DATA,GEN_DUID,1,"2015/12/17 21:35:00",MTMILLAR,11.749831,"2015/12/17 21:30:04"
D,METER_DATA,GEN_DUID,1,"2015/12/17 21:35:00",PALOONA,19.43,"2015/12/17 21:30:04"
D,METER_DATA,GEN_DUID,1,"2015/12/17 21:35:00",PIONEER,0,"2015/12/17 21:30:04"
D,METER_DATA,GEN_DUID,1,"2015/12/17 21:35:00",PORTWF,28.299999,"2015/12/17 21:30:04"
D,METER_DATA,GEN_DUID,1,"2015/12/17 21:35:00",REPULSE,26.486450,"2015/12/17 21:30:04"
D,METER_DATA,GEN_DUID,1,"2015/12/17 21:35:00",ROWALLAN,2.1726,"2015/12/17 21:30:04"
D,METER_DATA,GEN_DUID,1,"2015/12/17 21:35:00",RPCG,9.90,"2015/12/17 21:30:04"
D,METER_DATA,GEN_DUID,1,"2015/12/17 21:35:00",RUBICON,0,"2015/12/17 21:30:04"
D,METER_DATA,GEN_DUID,1,"2015/12/17 21:35:00",STARHLWF,1.899446,"2015/12/17 21:30:04"
D,METER_DATA,GEN_DUID,1,"2015/12/17 21:35:00",WAUBRAWF,23.558001,"2015/12/17 21:30:04"
D,METER_DATA,GEN_DUID,1,"2015/12/17 21:35:00",WOOLNTH1,77.240013,"2015/12/17 21:30:04"
D,METER_DATA,GEN_DUID,1,"2015/12/17 21:35:00",WPWF,24,"2015/12/17 21:30:04"
D,METER_DATA,GEN_DUID,1,"2015/12/17 21:40:00",ANGAS1,0,"2015/12/17 21:35:04"
D,METER_DATA,GEN_DUID,1,"2015/12/17 21:40:00",ANGAS2,0,"2015/12/17 21:35:04"
D,METER_DATA,GEN_DUID,1,"2015/12/17 21:40:00",BUTLERSG,-0.000002,"2015/12/17 21:35:04"
D,METER_DATA,GEN_DUID,1,"2015/12/17 21:40:00",CALL_A_4,0,"2015/12/17 21:35:04"
D,METER_DATA,GEN_DUID,1,"2015/12/17 21:40:00",CAPTL_WF,0,"2015/12/17 21:35:04"
D,METER_DATA,GEN_DUID,1,"2015/12/17 21:40:00",CATHROCK,2.39,"2015/12/17 21:35:04"
D,METER_DATA,GEN_DUID,1,"2015/12/17 21:40:00",CHALLHWF,15.20,"2015/12/17 21:35:04"
D,METER_DATA,GEN_DUID,1,"2015/12/17 21:40:00",CLOVER,-0.01,"2015/12/17 21:35:04"
D,METER_DATA,GEN_DUID,1,"2015/12/17 21:40:00",CLUNY,17.390930,"2015/12/17 21:35:04"
D,METER_DATA,GEN_DUID,1,"2015/12/17 21:40:00",CNUNDAWF,13.315534,"2015/12/17 21:35:04"
D,METER_DATA,GEN_DUID,1,"2015/12/17 21:40:00",CULLRGWF,2.71,"2015/12/17 21:35:04"
D,METER_DATA,GEN_DUID,1,"2015/12/17 21:40:00",ERGT01,0,"2015/12/17 21:35:04"
D,METER_DATA,GEN_DUID,1,"2015/12/17 21:40:00",GB01,0.235561,"2015/12/17 21:35:04"
D,METER_DATA,GEN_DUID,1,"2015/12/17 21:40:00",GERMCRK,35.400002,"2015/12/17 21:35:04"
D,METER_DATA,GEN_DUID,1,"2015/12/17 21:40:00",INVICTA,0,"2015/12/17 21:35:04"
D,METER_DATA,GEN_DUID,1,"2015/12/17 21:40:00",LKBONNY1,16.790161,"2015/12/17 21:35:04"
D,METER_DATA,GEN_DUID,1,"2015/12/17 21:40:00",MBAHNTH,4.800001,"2015/12/17 21:35:04"
D,METER_DATA,GEN_DUID,1,"2015/12/17 21:40:00",MLWF1,2.9250,"2015/12/17 21:35:04"
D,METER_DATA,GEN_DUID,1,"2015/12/17 21:40:00",MTMILLAR,11.705183,"2015/12/17 21:35:04"
D,METER_DATA,GEN_DUID,1,"2015/12/17 21:40:00",PALOONA,19.139999,"2015/12/17 21:35:04"
D,METER_DATA,GEN_DUID,1,"2015/12/17 21:40:00",PIONEER,0,"2015/12/17 21:35:04"
D,METER_DATA,GEN_DUID,1,"2015/12/17 21:40:00",PORTWF,26.700001,"2015/12/17 21:35:04"
D,METER_DATA,GEN_DUID,1,"2015/12/17 21:40:00",REPULSE,28.201399,"2015/12/17 21:35:04"
D,METER_DATA,GEN_DUID,1,"2015/12/17 21:40:00",ROWALLAN,2.7619,"2015/12/17 21:35:04"
D,METER_DATA,GEN_DUID,1,"2015/12/17 21:40:00",RPCG,8.80,"2015/12/17 21:35:04"
D,METER_DATA,GEN_DUID,1,"2015/12/17 21:40:00",RUBICON,0,"2015/12/17 21:35:04"
D,METER_DATA,GEN_DUID,1,"2015/12/17 21:40:00",STARHLWF,1.499563,"2015/12/17 21:35:04"
D,METER_DATA,GEN_DUID,1,"2015/12/17 21:40:00",WAUBRAWF,24.926001,"2015/12/17 21:35:04"
D,METER_DATA,GEN_DUID,1,"2015/12/17 21:40:00",WOOLNTH1,71.520020,"2015/12/17 21:35:04"
D,METER_DATA,GEN_DUID,1,"2015/12/17 21:40:00",WPWF,26,"2015/12/17 21:35:04"
D,METER_DATA,GEN_DUID,1,"2015/12/17 21:45:00",ANGAS1,0,"2015/12/17 21:40:04"
D,METER_DATA,GEN_DUID,1,"2015/12/17 21:45:00",ANGAS2,0,"2015/12/17 21:40:04"
D,METER_DATA,GEN_DUID,1,"2015/12/17 21:45:00",BUTLERSG,-0.000002,"2015/12/17 21:40:04"
D,METER_DATA,GEN_DUID,1,"2015/12/17 21:45:00",CALL_A_4,0,"2015/12/17 21:40:04"
D,METER_DATA,GEN_DUID,1,"2015/12/17 21:45:00",CAPTL_WF,0,"2015/12/17 21:40:04"
D,METER_DATA,GEN_DUID,1,"2015/12/17 21:45:00",CATHROCK,1.59,"2015/12/17 21:40:04"
D,METER_DATA,GEN_DUID,1,"2015/12/17 21:45:00",CHALLHWF,15.20,"2015/12/17 21:40:04"
D,METER_DATA,GEN_DUID,1,"2015/12/17 21:45:00",CLOVER,-0.02,"2015/12/17 21:40:04"
D,METER_DATA,GEN_DUID,1,"2015/12/17 21:45:00",CLUNY,16.919361,"2015/12/17 21:40:04"
D,METER_DATA,GEN_DUID,1,"2015/12/17 21:45:00",CNUNDAWF,11.213080,"2015/12/17 21:40:04"
D,METER_DATA,GEN_DUID,1,"2015/12/17 21:45:00",CULLRGWF,2.27,"2015/12/17 21:40:04"
D,METER_DATA,GEN_DUID,1,"2015/12/17 21:45:00",ERGT01,0,"2015/12/17 21:40:04"
D,METER_DATA,GEN_DUID,1,"2015/12/17 21:45:00",GB01,0.235561,"2015/12/17 21:40:04"
D,METER_DATA,GEN_DUID,1,"2015/12/17 21:45:00",GERMCRK,35.299999,"2015/12/17 21:40:04"
D,METER_DATA,GEN_DUID,1,"2015/12/17 21:45:00",INVICTA,0,"2015/12/17 21:40:04"
D,METER_DATA,GEN_DUID,1,"2015/12/17 21:45:00",LKBONNY1,13.753642,"2015/12/17 21:40:04"
D,METER_DATA,GEN_DUID,1,"2015/12/17 21:45:00",MBAHNTH,4.800001,"2015/12/17 21:40:04"
D,METER_DATA,GEN_DUID,1,"2015/12/17 21:45:00",MLWF1,3.03,"2015/12/17 21:40:04"
D,METER_DATA,GEN_DUID,1,"2015/12/17 21:45:00",MTMILLAR,11.519150,"2015/12/17 21:40:04"
D,METER_DATA,GEN_DUID,1,"2015/12/17 21:45:00",PALOONA,19.309999,"2015/12/17 21:40:04"
D,METER_DATA,GEN_DUID,1,"2015/12/17 21:45:00",PIONEER,0,"2015/12/17 21:40:04"
D,METER_DATA,GEN_DUID,1,"2015/12/17 21:45:00",PORTWF,24,"2015/12/17 21:40:04"
D,METER_DATA,GEN_DUID,1,"2015/12/17 21:45:00",REPULSE,27.286760,"2015/12/17 21:40:04"
D,METER_DATA,GEN_DUID,1,"2015/12/17 21:45:00",ROWALLAN,2.4566,"2015/12/17 21:40:04"
D,METER_DATA,GEN_DUID,1,"2015/12/17 21:45:00",RPCG,8.80,"2015/12/17 21:40:04"
D,METER_DATA,GEN_DUID,1,"2015/12/17 21:45:00",RUBICON,0,"2015/12/17 21:40:04"
D,METER_DATA,GEN_DUID,1,"2015/12/17 21:45:00",STARHLWF,1.499563,"2015/12/17 21:40:04"
D,METER_DATA,GEN_DUID,1,"2015/12/17 21:45:00",WAUBRAWF,29.2630,"2015/12/17 21:40:04"
D,METER_DATA,GEN_DUID,1,"2015/12/17 21:45:00",WOOLNTH1,73.140015,"2015/12/17 21:40:04"
D,METER_DATA,GEN_DUID,1,"2015/12/17 21:45:00",WPWF,28,"2015/12/17 21:40:04"
D,METER_DATA,GEN_DUID,1,"2015/12/17 21:50:00",ANGAS1,0,"2015/12/17 21:45:05"
D,METER_DATA,GEN_DUID,1,"2015/12/17 21:50:00",ANGAS2,0,"2015/12/17 21:45:05"
D,METER_DATA,GEN_DUID,1,"2015/12/17 21:50:00",BUTLERSG,-0.000002,"2015/12/17 21:45:05"
D,METER_DATA,GEN_DUID,1,"2015/12/17 21:50:00",CALL_A_4,0,"2015/12/17 21:45:05"
D,METER_DATA,GEN_DUID,1,"2015/12/17 21:50:00",CAPTL_WF,0,"2015/12/17 21:45:05"
D,METER_DATA,GEN_DUID,1,"2015/12/17 21:50:00",CATHROCK,0,"2015/12/17 21:45:05"
D,METER_DATA,GEN_DUID,1,"2015/12/17 21:50:00",CHALLHWF,14.799999,"2015/12/17 21:45:05"
D,METER_DATA,GEN_DUID,1,"2015/12/17 21:50:00",CLOVER,-0.02,"2015/12/17 21:45:05"
D,METER_DATA,GEN_DUID,1,"2015/12/17 21:50:00",CLUNY,17.162291,"2015/12/17 21:45:05"
D,METER_DATA,GEN_DUID,1,"2015/12/17 21:50:00",CNUNDAWF,10.412146,"2015/12/17 21:45:05"
D,METER_DATA,GEN_DUID,1,"2015/12/17 21:50:00",CULLRGWF,2.46,"2015/12/17 21:45:05"
D,METER_DATA,GEN_DUID,1,"2015/12/17 21:50:00",ERGT01,0,"2015/12/17 21:45:05"
D,METER_DATA,GEN_DUID,1,"2015/12/17 21:50:00",GB01,0.235561,"2015/12/17 21:45:05"
D,METER_DATA,GEN_DUID,1,"2015/12/17 21:50:00",GERMCRK,34.599998,"2015/12/17 21:45:05"
D,METER_DATA,GEN_DUID,1,"2015/12/17 21:50:00",INVICTA,0,"2015/12/17 21:45:05"
D,METER_DATA,GEN_DUID,1,"2015/12/17 21:50:00",LKBONNY1,11.699527,"2015/12/17 21:45:05"
D,METER_DATA,GEN_DUID,1,"2015/12/17 21:50:00",MBAHNTH,4.800001,"2015/12/17 21:45:05"
D,METER_DATA,GEN_DUID,1,"2015/12/17 21:50:00",MLWF1,2.6250,"2015/12/17 21:45:05"
D,METER_DATA,GEN_DUID,1,"2015/12/17 21:50:00",MTMILLAR,12.129337,"2015/12/17 21:45:05"
D,METER_DATA,GEN_DUID,1,"2015/12/17 21:50:00",PALOONA,19.17,"2015/12/17 21:45:05"
D,METER_DATA,GEN_DUID,1,"2015/12/17 21:50:00",PIONEER,0,"2015/12/17 21:45:05"
D,METER_DATA,GEN_DUID,1,"2015/12/17 21:50:00",PORTWF,22.40,"2015/12/17 21:45:05"
D,METER_DATA,GEN_DUID,1,"2015/12/17 21:50:00",REPULSE,27.915575,"2015/12/17 21:45:05"
D,METER_DATA,GEN_DUID,1,"2015/12/17 21:50:00",ROWALLAN,2.6341,"2015/12/17 21:45:05"
D,METER_DATA,GEN_DUID,1,"2015/12/17 21:50:00",RPCG,7.70,"2015/12/17 21:45:05"
D,METER_DATA,GEN_DUID,1,"2015/12/17 21:50:00",RUBICON,0,"2015/12/17 21:45:05"
D,METER_DATA,GEN_DUID,1,"2015/12/17 21:50:00",STARHLWF,1.899446,"2015/12/17 21:45:05"
D,METER_DATA,GEN_DUID,1,"2015/12/17 21:50:00",WAUBRAWF,37.7220,"2015/12/17 21:45:05"
D,METER_DATA,GEN_DUID,1,"2015/12/17 21:50:00",WOOLNTH1,70.560013,"2015/12/17 21:45:05"
D,METER_DATA,GEN_DUID,1,"2015/12/17 21:50:00",WPWF,29,"2015/12/17 21:45:05"
D,METER_DATA,GEN_DUID,1,"2015/12/17 21:55:00",ANGAS1,0,"2015/12/17 21:50:04"
D,METER_DATA,GEN_DUID,1,"2015/12/17 21:55:00",ANGAS2,0,"2015/12/17 21:50:04"
D,METER_DATA,GEN_DUID,1,"2015/12/17 21:55:00",BUTLERSG,-0.000002,"2015/12/17 21:50:04"
D,METER_DATA,GEN_DUID,1,"2015/12/17 21:55:00",CALL_A_4,0,"2015/12/17 21:50:04"
D,METER_DATA,GEN_DUID,1,"2015/12/17 21:55:00",CAPTL_WF,0,"2015/12/17 21:50:04"
D,METER_DATA,GEN_DUID,1,"2015/12/17 21:55:00",CATHROCK,0,"2015/12/17 21:50:04"
D,METER_DATA,GEN_DUID,1,"2015/12/17 21:55:00",CHALLHWF,15.30,"2015/12/17 21:50:04"
D,METER_DATA,GEN_DUID,1,"2015/12/17 21:55:00",CLOVER,-0.01,"2015/12/17 21:50:04"
D,METER_DATA,GEN_DUID,1,"2015/12/17 21:55:00",CLUNY,17.305191,"2015/12/17 21:50:04"
D,METER_DATA,GEN_DUID,1,"2015/12/17 21:55:00",CNUNDAWF,8.209577,"2015/12/17 21:50:04"
D,METER_DATA,GEN_DUID,1,"2015/12/17 21:55:00",CULLRGWF,2.29,"2015/12/17 21:50:04"
D,METER_DATA,GEN_DUID,1,"2015/12/17 21:55:00",ERGT01,0,"2015/12/17 21:50:04"
D,METER_DATA,GEN_DUID,1,"2015/12/17 21:55:00",GB01,0.235561,"2015/12/17 21:50:04"
D,METER_DATA,GEN_DUID,1,"2015/12/17 21:55:00",GERMCRK,35.200001,"2015/12/17 21:50:04"
D,METER_DATA,GEN_DUID,1,"2015/12/17 21:55:00",INVICTA,0,"2015/12/17 21:50:04"
D,METER_DATA,GEN_DUID,1,"2015/12/17 21:55:00",LKBONNY1,9.377483,"2015/12/17 21:50:04"
D,METER_DATA,GEN_DUID,1,"2015/12/17 21:55:00",MBAHNTH,4.800001,"2015/12/17 21:50:04"
D,METER_DATA,GEN_DUID,1,"2015/12/17 21:55:00",MLWF1,2.2950,"2015/12/17 21:50:04"
D,METER_DATA,GEN_DUID,1,"2015/12/17 21:55:00",MTMILLAR,11.787037,"2015/12/17 21:50:04"
D,METER_DATA,GEN_DUID,1,"2015/12/17 21:55:00",PALOONA,19.17,"2015/12/17 21:50:04"
D,METER_DATA,GEN_DUID,1,"2015/12/17 21:55:00",PIONEER,0,"2015/12/17 21:50:04"
D,METER_DATA,GEN_DUID,1,"2015/12/17 21:55:00",PORTWF,18.90,"2015/12/17 21:50:04"
D,METER_DATA,GEN_DUID,1,"2015/12/17 21:55:00",REPULSE,28.182344,"2015/12/17 21:50:04"
D,METER_DATA,GEN_DUID,1,"2015/12/17 21:55:00",ROWALLAN,2.6057,"2015/12/17 21:50:04"
D,METER_DATA,GEN_DUID,1,"2015/12/17 21:55:00",RPCG,8.80,"2015/12/17 21:50:04"
D,METER_DATA,GEN_DUID,1,"2015/12/17 21:55:00",RUBICON,0,"2015/12/17 21:50:04"
D,METER_DATA,GEN_DUID,1,"2015/12/17 21:55:00",STARHLWF,2.599242,"2015/12/17 21:50:04"
D,METER_DATA,GEN_DUID,1,"2015/12/17 21:55:00",WAUBRAWF,43.914001,"2015/12/17 21:50:04"
D,METER_DATA,GEN_DUID,1,"2015/12/17 21:55:00",WOOLNTH1,73.580017,"2015/12/17 21:50:04"
D,METER_DATA,GEN_DUID,1,"2015/12/17 21:55:00",WPWF,28,"2015/12/17 21:50:04"
D,METER_DATA,GEN_DUID,1,"2015/12/17 22:00:00",ANGAS1,0,"2015/12/17 21:55:04"
D,METER_DATA,GEN_DUID,1,"2015/12/17 22:00:00",ANGAS2,0,"2015/12/17 21:55:04"
D,METER_DATA,GEN_DUID,1,"2015/12/17 22:00:00",BUTLERSG,-0.000002,"2015/12/17 21:55:04"
D,METER_DATA,GEN_DUID,1,"2015/12/17 22:00:00",CALL_A_4,0,"2015/12/17 21:55:04"
D,METER_DATA,GEN_DUID,1,"2015/12/17 22:00:00",CAPTL_WF,0,"2015/12/17 21:55:04"
D,METER_DATA,GEN_DUID,1,"2015/12/17 22:00:00",CATHROCK,0,"2015/12/17 21:55:04"
D,METER_DATA,GEN_DUID,1,"2015/12/17 22:00:00",CHALLHWF,14.299999,"2015/12/17 21:55:04"
D,METER_DATA,GEN_DUID,1,"2015/12/17 22:00:00",CLOVER,-0.01,"2015/12/17 21:55:04"
D,METER_DATA,GEN_DUID,1,"2015/12/17 22:00:00",CLUNY,17.290901,"2015/12/17 21:55:04"
D,METER_DATA,GEN_DUID,1,"2015/12/17 22:00:00",CNUNDAWF,8.109460,"2015/12/17 21:55:04"
D,METER_DATA,GEN_DUID,1,"2015/12/17 22:00:00",CULLRGWF,2.44,"2015/12/17 21:55:04"
D,METER_DATA,GEN_DUID,1,"2015/12/17 22:00:00",ERGT01,0,"2015/12/17 21:55:04"
D,METER_DATA,GEN_DUID,1,"2015/12/17 22:00:00",GB01,0.235561,"2015/12/17 21:55:04"
D,METER_DATA,GEN_DUID,1,"2015/12/17 22:00:00",GERMCRK,35.200001,"2015/12/17 21:55:04"
D,METER_DATA,GEN_DUID,1,"2015/12/17 22:00:00",INVICTA,0,"2015/12/17 21:55:04"
D,METER_DATA,GEN_DUID,1,"2015/12/17 22:00:00",LKBONNY1,8.663009,"2015/12/17 21:55:04"
D,METER_DATA,GEN_DUID,1,"2015/12/17 22:00:00",MBAHNTH,4.800001,"2015/12/17 21:55:04"
D,METER_DATA,GEN_DUID,1,"2015/12/17 22:00:00",MLWF1,2.31,"2015/12/17 21:55:04"
D,METER_DATA,GEN_DUID,1,"2015/12/17 22:00:00",MTMILLAR,13.297624,"2015/12/17 21:55:04"
D,METER_DATA,GEN_DUID,1,"2015/12/17 22:00:00",PALOONA,19.279999,"2015/12/17 21:55:04"
D,METER_DATA,GEN_DUID,1,"2015/12/17 22:00:00",PIONEER,0,"2015/12/17 21:55:04"
D,METER_DATA,GEN_DUID,1,"2015/12/17 22:00:00",PORTWF,17.299999,"2015/12/17 21:55:04"
D,METER_DATA,GEN_DUID,1,"2015/12/17 22:00:00",REPULSE,28.048960,"2015/12/17 21:55:04"
D,METER_DATA,GEN_DUID,1,"2015/12/17 22:00:00",ROWALLAN,2.5134,"2015/12/17 21:55:04"
D,METER_DATA,GEN_DUID,1,"2015/12/17 22:00:00",RPCG,9.90,"2015/12/17 21:55:04"
D,METER_DATA,GEN_DUID,1,"2015/12/17 22:00:00",RUBICON,0,"2015/12/17 21:55:04"
D,METER_DATA,GEN_DUID,1,"2015/12/17 22:00:00",STARHLWF,2.599242,"2015/12/17 21:55:04"
D,METER_DATA,GEN_DUID,1,"2015/12/17 22:00:00",WAUBRAWF,50.7850,"2015/12/17 21:55:04"
D,METER_DATA,GEN_DUID,1,"2015/12/17 22:00:00",WOOLNTH1,68.900017,"2015/12/17 21:55:04"
D,METER_DATA,GEN_DUID,1,"2015/12/17 22:00:00",WPWF,26,"2015/12/17 21:55:04"
D,METER_DATA,GEN_DUID,1,"2015/12/17 22:05:00",ANGAS1,0,"2015/12/17 22:00:04"
D,METER_DATA,GEN_DUID,1,"2015/12/17 22:05:00",ANGAS2,0,"2015/12/17 22:00:04"
D,METER_DATA,GEN_DUID,1,"2015/12/17 22:05:00",BUTLERSG,-0.000002,"2015/12/17 22:00:04"
D,METER_DATA,GEN_DUID,1,"2015/12/17 22:05:00",CALL_A_4,0,"2015/12/17 22:00:04"
D,METER_DATA,GEN_DUID,1,"2015/12/17 22:05:00",CAPTL_WF,0,"2015/12/17 22:00:04"
D,METER_DATA,GEN_DUID,1,"2015/12/17 22:05:00",CATHROCK,0,"2015/12/17 22:00:04"
D,METER_DATA,GEN_DUID,1,"2015/12/17 22:05:00",CHALLHWF,11.299999,"2015/12/17 22:00:04"
D,METER_DATA,GEN_DUID,1,"2015/12/17 22:05:00",CLOVER,-0.01,"2015/12/17 22:00:04"
D,METER_DATA,GEN_DUID,1,"2015/12/17 22:05:00",CLUNY,17.033680,"2015/12/17 22:00:04"
D,METER_DATA,GEN_DUID,1,"2015/12/17 22:05:00",CNUNDAWF,9.110628,"2015/12/17 22:00:04"
D,METER_DATA,GEN_DUID,1,"2015/12/17 22:05:00",CULLRGWF,2.39,"2015/12/17 22:00:04"
D,METER_DATA,GEN_DUID,1,"2015/12/17 22:05:00",ERGT01,0,"2015/12/17 22:00:04"
D,METER_DATA,GEN_DUID,1,"2015/12/17 22:05:00",GB01,0.235561,"2015/12/17 22:00:04"
D,METER_DATA,GEN_DUID,1,"2015/12/17 22:05:00",GERMCRK,35.400002,"2015/12/17 22:00:04"
D,METER_DATA,GEN_DUID,1,"2015/12/17 22:05:00",INVICTA,0,"2015/12/17 22:00:04"
D,METER_DATA,GEN_DUID,1,"2015/12/17 22:05:00",LKBONNY1,7.680605,"2015/12/17 22:00:04"
D,METER_DATA,GEN_DUID,1,"2015/12/17 22:05:00",MBAHNTH,4.800001,"2015/12/17 22:00:04"
D,METER_DATA,GEN_DUID,1,"2015/12/17 22:05:00",MLWF1,3.12,"2015/12/17 22:00:04"
D,METER_DATA,GEN_DUID,1,"2015/12/17 22:05:00",MTMILLAR,15.150510,"2015/12/17 22:00:04"
D,METER_DATA,GEN_DUID,1,"2015/12/17 22:05:00",PALOONA,19.08,"2015/12/17 22:00:04"
D,METER_DATA,GEN_DUID,1,"2015/12/17 22:05:00",PIONEER,0,"2015/12/17 22:00:04"
D,METER_DATA,GEN_DUID,1,"2015/12/17 22:05:00",PORTWF,16.299999,"2015/12/17 22:00:04"
D,METER_DATA,GEN_DUID,1,"2015/12/17 22:05:00",REPULSE,27.572584,"2015/12/17 22:00:04"
D,METER_DATA,GEN_DUID,1,"2015/12/17 22:05:00",ROWALLAN,2.8613,"2015/12/17 22:00:04"
D,METER_DATA,GEN_DUID,1,"2015/12/17 22:05:00",RPCG,8.80,"2015/12/17 22:00:04"
D,METER_DATA,GEN_DUID,1,"2015/12/17 22:05:00",RUBICON,0,"2015/12/17 22:00:04"
D,METER_DATA,GEN_DUID,1,"2015/12/17 22:05:00",STARHLWF,3.199067,"2015/12/17 22:00:04"
D,METER_DATA,GEN_DUID,1,"2015/12/17 22:05:00",WAUBRAWF,50.3340,"2015/12/17 22:00:04"
D,METER_DATA,GEN_DUID,1,"2015/12/17 22:05:00",WOOLNTH1,63.580017,"2015/12/17 22:00:04"
D,METER_DATA,GEN_DUID,1,"2015/12/17 22:05:00",WPWF,28,"2015/12/17 22:00:04"
D,METER_DATA,GEN_DUID,1,"2015/12/17 22:05:00",YAMBUKWF,2.40,"2015/12/17 22:00:04"
D,METER_DATA,GEN_DUID,1,"2015/12/17 22:10:00",ANGAS1,0,"2015/12/17 22:05:04"
D,METER_DATA,GEN_DUID,1,"2015/12/17 22:10:00",ANGAS2,0,"2015/12/17 22:05:04"
D,METER_DATA,GEN_DUID,1,"2015/12/17 22:10:00",BUTLERSG,-0.000002,"2015/12/17 22:05:04"
D,METER_DATA,GEN_DUID,1,"2015/12/17 22:10:00",CALL_A_4,0,"2015/12/17 22:05:04"
D,METER_DATA,GEN_DUID,1,"2015/12/17 22:10:00",CAPTL_WF,0,"2015/12/17 22:05:04"
D,METER_DATA,GEN_DUID,1,"2015/12/17 22:10:00",CATHROCK,0,"2015/12/17 22:05:04"
D,METER_DATA,GEN_DUID,1,"2015/12/17 22:10:00",CHALLHWF,10,"2015/12/17 22:05:04"
D,METER_DATA,GEN_DUID,1,"2015/12/17 22:10:00",CLOVER,-0.01,"2015/12/17 22:05:04"
D,METER_DATA,GEN_DUID,1,"2015/12/17 22:10:00",CLUNY,17.590990,"2015/12/17 22:05:04"
D,METER_DATA,GEN_DUID,1,"2015/12/17 22:10:00",CNUNDAWF,9.110628,"2015/12/17 22:05:04"
D,METER_DATA,GEN_DUID,1,"2015/12/17 22:10:00",CULLRGWF,2.68,"2015/12/17 22:05:04"
D,METER_DATA,GEN_DUID,1,"2015/12/17 22:10:00",ERGT01,0,"2015/12/17 22:05:04"
D,METER_DATA,GEN_DUID,1,"2015/12/17 22:10:00",GB01,0.227802,"2015/12/17 22:05:04"
D,METER_DATA,GEN_DUID,1,"2015/12/17 22:10:00",GERMCRK,35.099998,"2015/12/17 22:05:04"
D,METER_DATA,GEN_DUID,1,"2015/12/17 22:10:00",INVICTA,0,"2015/12/17 22:05:04"
D,METER_DATA,GEN_DUID,1,"2015/12/17 22:10:00",LKBONNY1,6.519584,"2015/12/17 22:05:04"
D,METER_DATA,GEN_DUID,1,"2015/12/17 22:10:00",MBAHNTH,4.800001,"2015/12/17 22:05:04"
D,METER_DATA,GEN_DUID,1,"2015/12/17 22:10:00",MLWF1,3.0150,"2015/12/17 22:05:04"
D,METER_DATA,GEN_DUID,1,"2015/12/17 22:10:00",MTMILLAR,15.105863,"2015/12/17 22:05:04"
D,METER_DATA,GEN_DUID,1,"2015/12/17 22:10:00",PALOONA,8.099999,"2015/12/17 22:05:04"
D,METER_DATA,GEN_DUID,1,"2015/12/17 22:10:00",PIONEER,0,"2015/12/17 22:05:04"
D,METER_DATA,GEN_DUID,1,"2015/12/17 22:10:00",PORTWF,14.30,"2015/12/17 22:05:04"
D,METER_DATA,GEN_DUID,1,"2015/12/17 22:10:00",REPULSE,28.601555,"2015/12/17 22:05:04"
D,METER_DATA,GEN_DUID,1,"2015/12/17 22:10:00",ROWALLAN,3.4222,"2015/12/17 22:05:04"
D,METER_DATA,GEN_DUID,1,"2015/12/17 22:10:00",RPCG,8.60,"2015/12/17 22:05:04"
D,METER_DATA,GEN_DUID,1,"2015/12/17 22:10:00",RUBICON,0,"2015/12/17 22:05:04"
D,METER_DATA,GEN_DUID,1,"2015/12/17 22:10:00",STARHLWF,2.3993,"2015/12/17 22:05:04"
D,METER_DATA,GEN_DUID,1,"2015/12/17 22:10:00",WAUBRAWF,49.4650,"2015/12/17 22:05:04"
D,METER_DATA,GEN_DUID,1,"2015/12/17 22:10:00",WOOLNTH1,62.410019,"2015/12/17 22:05:04"
D,METER_DATA,GEN_DUID,1,"2015/12/17 22:10:00",WPWF,37,"2015/12/17 22:05:04"
D,METER_DATA,GEN_DUID,1,"2015/12/17 22:10:00",YAMBUKWF,-0.20,"2015/12/17 22:05:04"
D,METER_DATA,GEN_DUID,1,"2015/12/17 22:15:00",ANGAS1,0,"2015/12/17 22:10:04"
D,METER_DATA,GEN_DUID,1,"2015/12/17 22:15:00",ANGAS2,0,"2015/12/17 22:10:04"
D,METER_DATA,GEN_DUID,1,"2015/12/17 22:15:00",BUTLERSG,-0.000002,"2015/12/17 22:10:04"
D,METER_DATA,GEN_DUID,1,"2015/12/17 22:15:00",CALL_A_4,0,"2015/12/17 22:10:04"
D,METER_DATA,GEN_DUID,1,"2015/12/17 22:15:00",CAPTL_WF,0,"2015/12/17 22:10:04"
D,METER_DATA,GEN_DUID,1,"2015/12/17 22:15:00",CATHROCK,0,"2015/12/17 22:10:04"
D,METER_DATA,GEN_DUID,1,"2015/12/17 22:15:00",CHALLHWF,8.80,"2015/12/17 22:10:04"
D,METER_DATA,GEN_DUID,1,"2015/12/17 22:15:00",CLOVER,-0.01,"2015/12/17 22:10:04"
D,METER_DATA,GEN_DUID,1,"2015/12/17 22:15:00",CLUNY,17.233740,"2015/12/17 22:10:04"
D,METER_DATA,GEN_DUID,1,"2015/12/17 22:15:00",CNUNDAWF,9.310862,"2015/12/17 22:10:04"
D,METER_DATA,GEN_DUID,1,"2015/12/17 22:15:00",CULLRGWF,2.66,"2015/12/17 22:10:04"
D,METER_DATA,GEN_DUID,1,"2015/12/17 22:15:00",ERGT01,0,"2015/12/17 22:10:04"
D,METER_DATA,GEN_DUID,1,"2015/12/17 22:15:00",GB01,0.227802,"2015/12/17 22:10:04"
D,METER_DATA,GEN_DUID,1,"2015/12/17 22:15:00",GERMCRK,35.099998,"2015/12/17 22:10:04"
D,METER_DATA,GEN_DUID,1,"2015/12/17 22:15:00",INVICTA,0,"2015/12/17 22:10:04"
D,METER_DATA,GEN_DUID,1,"2015/12/17 22:15:00",LKBONNY1,6.430274,"2015/12/17 22:10:04"
D,METER_DATA,GEN_DUID,1,"2015/12/17 22:15:00",MBAHNTH,4.800001,"2015/12/17 22:10:04"
D,METER_DATA,GEN_DUID,1,"2015/12/17 22:15:00",MLWF1,2.9250,"2015/12/17 22:10:04"
D,METER_DATA,GEN_DUID,1,"2015/12/17 22:15:00",MTMILLAR,15.195158,"2015/12/17 22:10:04"
D,METER_DATA,GEN_DUID,1,"2015/12/17 22:15:00",PALOONA,3.47,"2015/12/17 22:10:04"
D,METER_DATA,GEN_DUID,1,"2015/12/17 22:15:00",PIONEER,0,"2015/12/17 22:10:04"
D,METER_DATA,GEN_DUID,1,"2015/12/17 22:15:00",PORTWF,13.80,"2015/12/17 22:10:04"
D,METER_DATA,GEN_DUID,1,"2015/12/17 22:15:00",REPULSE,28.144234,"2015/12/17 22:10:04"
D,METER_DATA,GEN_DUID,1,"2015/12/17 22:15:00",ROWALLAN,8.1366,"2015/12/17 22:10:04"
D,METER_DATA,GEN_DUID,1,"2015/12/17 22:15:00",RPCG,9.80,"2015/12/17 22:10:04"
D,METER_DATA,GEN_DUID,1,"2015/12/17 22:15:00",RUBICON,0,"2015/12/17 22:10:04"
D,METER_DATA,GEN_DUID,1,"2015/12/17 22:15:00",STARHLWF,2.099388,"2015/12/17 22:10:04"
D,METER_DATA,GEN_DUID,1,"2015/12/17 22:15:00",WAUBRAWF,51.679001,"2015/12/17 22:10:04"
D,METER_DATA,GEN_DUID,1,"2015/12/17 22:15:00",WOOLNTH1,63.020016,"2015/12/17 22:10:04"
D,METER_DATA,GEN_DUID,1,"2015/12/17 22:15:00",WPWF,43,"2015/12/17 22:10:04"
D,METER_DATA,GEN_DUID,1,"2015/12/17 22:15:00",YAMBUKWF,-0.30,"2015/12/17 22:10:04"
D,METER_DATA,GEN_DUID,1,"2015/12/17 22:20:00",ANGAS1,0,"2015/12/17 22:15:05"
D,METER_DATA,GEN_DUID,1,"2015/12/17 22:20:00",ANGAS2,0,"2015/12/17 22:15:05"
D,METER_DATA,GEN_DUID,1,"2015/12/17 22:20:00",BUTLERSG,-0.000002,"2015/12/17 22:15:05"
D,METER_DATA,GEN_DUID,1,"2015/12/17 22:20:00",CALL_A_4,0,"2015/12/17 22:15:05"
D,METER_DATA,GEN_DUID,1,"2015/12/17 22:20:00",CAPTL_WF,0,"2015/12/17 22:15:05"
D,METER_DATA,GEN_DUID,1,"2015/12/17 22:20:00",CATHROCK,0,"2015/12/17 22:15:05"
D,METER_DATA,GEN_DUID,1,"2015/12/17 22:20:00",CHALLHWF,8,"2015/12/17 22:15:05"
D,METER_DATA,GEN_DUID,1,"2015/12/17 22:20:00",CLOVER,-0.01,"2015/12/17 22:15:05"
D,METER_DATA,GEN_DUID,1,"2015/12/17 22:20:00",CLUNY,16.847910,"2015/12/17 22:15:05"
D,METER_DATA,GEN_DUID,1,"2015/12/17 22:20:00",CNUNDAWF,8.710161,"2015/12/17 22:15:05"
D,METER_DATA,GEN_DUID,1,"2015/12/17 22:20:00",CULLRGWF,2.84,"2015/12/17 22:15:05"
D,METER_DATA,GEN_DUID,1,"2015/12/17 22:20:00",ERGT01,0,"2015/12/17 22:15:05"
D,METER_DATA,GEN_DUID,1,"2015/12/17 22:20:00",GB01,0.227802,"2015/12/17 22:15:05"
D,METER_DATA,GEN_DUID,1,"2015/12/17 22:20:00",GERMCRK,35.700001,"2015/12/17 22:15:05"
D,METER_DATA,GEN_DUID,1,"2015/12/17 22:20:00",INVICTA,0,"2015/12/17 22:15:05"
D,METER_DATA,GEN_DUID,1,"2015/12/17 22:20:00",LKBONNY1,6.966130,"2015/12/17 22:15:05"
D,METER_DATA,GEN_DUID,1,"2015/12/17 22:20:00",MBAHNTH,4.800001,"2015/12/17 22:15:05"
D,METER_DATA,GEN_DUID,1,"2015/12/17 22:20:00",MLWF1,2.52,"2015/12/17 22:15:05"
D,METER_DATA,GEN_DUID,1,"2015/12/17 22:20:00",MTMILLAR,16.102999,"2015/12/17 22:15:05"
D,METER_DATA,GEN_DUID,1,"2015/12/17 22:20:00",PALOONA,2.95,"2015/12/17 22:15:05"
D,METER_DATA,GEN_DUID,1,"2015/12/17 22:20:00",PIONEER,0,"2015/12/17 22:15:05"
D,METER_DATA,GEN_DUID,1,"2015/12/17 22:20:00",PORTWF,13.10,"2015/12/17 22:15:05"
D,METER_DATA,GEN_DUID,1,"2015/12/17 22:20:00",REPULSE,27.401089,"2015/12/17 22:15:05"
D,METER_DATA,GEN_DUID,1,"2015/12/17 22:20:00",ROWALLAN,8.6620,"2015/12/17 22:15:05"
D,METER_DATA,GEN_DUID,1,"2015/12/17 22:20:00",RPCG,9.80,"2015/12/17 22:15:05"
D,METER_DATA,GEN_DUID,1,"2015/12/17 22:20:00",RUBICON,0,"2015/12/17 22:15:05"
D,METER_DATA,GEN_DUID,1,"2015/12/17 22:20:00",STARHLWF,1.699504,"2015/12/17 22:15:05"
D,METER_DATA,GEN_DUID,1,"2015/12/17 22:20:00",WAUBRAWF,50.456001,"2015/12/17 22:15:05"
D,METER_DATA,GEN_DUID,1,"2015/12/17 22:20:00",WOOLNTH1,62.260017,"2015/12/17 22:15:05"
D,METER_DATA,GEN_DUID,1,"2015/12/17 22:20:00",WPWF,41,"2015/12/17 22:15:05"
D,METER_DATA,GEN_DUID,1,"2015/12/17 22:20:00",YAMBUKWF,-0.30,"2015/12/17 22:15:05"
D,METER_DATA,GEN_DUID,1,"2015/12/17 22:25:00",ANGAS1,0,"2015/12/17 22:20:04"
D,METER_DATA,GEN_DUID,1,"2015/12/17 22:25:00",ANGAS2,0,"2015/12/17 22:20:04"
D,METER_DATA,GEN_DUID,1,"2015/12/17 22:25:00",BUTLERSG,-0.000002,"2015/12/17 22:20:04"
D,METER_DATA,GEN_DUID,1,"2015/12/17 22:25:00",CALL_A_4,0,"2015/12/17 22:20:04"
D,METER_DATA,GEN_DUID,1,"2015/12/17 22:25:00",CAPTL_WF,0,"2015/12/17 22:20:04"
D,METER_DATA,GEN_DUID,1,"2015/12/17 22:25:00",CATHROCK,2.66,"2015/12/17 22:20:04"
D,METER_DATA,GEN_DUID,1,"2015/12/17 22:25:00",CHALLHWF,8.299999,"2015/12/17 22:20:04"
D,METER_DATA,GEN_DUID,1,"2015/12/17 22:25:00",CLOVER,-0.01,"2015/12/17 22:20:04"
D,METER_DATA,GEN_DUID,1,"2015/12/17 22:25:00",CLUNY,17.633860,"2015/12/17 22:20:04"
D,METER_DATA,GEN_DUID,1,"2015/12/17 22:25:00",CNUNDAWF,8.009343,"2015/12/17 22:20:04"
D,METER_DATA,GEN_DUID,1,"2015/12/17 22:25:00",CULLRGWF,2.49,"2015/12/17 22:20:04"
D,METER_DATA,GEN_DUID,1,"2015/12/17 22:25:00",ERGT01,0,"2015/12/17 22:20:04"
D,METER_DATA,GEN_DUID,1,"2015/12/17 22:25:00",GB01,0.227802,"2015/12/17 22:20:04"
D,METER_DATA,GEN_DUID,1,"2015/12/17 22:25:00",GERMCRK,35.50,"2015/12/17 22:20:04"
D,METER_DATA,GEN_DUID,1,"2015/12/17 22:25:00",INVICTA,0,"2015/12/17 22:20:04"
D,METER_DATA,GEN_DUID,1,"2015/12/17 22:25:00",LKBONNY1,8.216461,"2015/12/17 22:20:04"
D,METER_DATA,GEN_DUID,1,"2015/12/17 22:25:00",MBAHNTH,4.800001,"2015/12/17 22:20:04"
D,METER_DATA,GEN_DUID,1,"2015/12/17 22:25:00",MLWF1,2.2950,"2015/12/17 22:20:04"
D,METER_DATA,GEN_DUID,1,"2015/12/17 22:25:00",MTMILLAR,17.211754,"2015/12/17 22:20:04"
D,METER_DATA,GEN_DUID,1,"2015/12/17 22:25:00",PALOONA,0,"2015/12/17 22:20:04"
D,METER_DATA,GEN_DUID,1,"2015/12/17 22:25:00",PIONEER,0,"2015/12/17 22:20:04"
D,METER_DATA,GEN_DUID,1,"2015/12/17 22:25:00",PORTWF,12.40,"2015/12/17 22:20:04"
D,METER_DATA,GEN_DUID,1,"2015/12/17 22:25:00",REPULSE,28.658720,"2015/12/17 22:20:04"
D,METER_DATA,GEN_DUID,1,"2015/12/17 22:25:00",ROWALLAN,9.1448,"2015/12/17 22:20:04"
D,METER_DATA,GEN_DUID,1,"2015/12/17 22:25:00",RPCG,8.70,"2015/12/17 22:20:04"
D,METER_DATA,GEN_DUID,1,"2015/12/17 22:25:00",RUBICON,0,"2015/12/17 22:20:04"
D,METER_DATA,GEN_DUID,1,"2015/12/17 22:25:00",STARHLWF,2.099388,"2015/12/17 22:20:04"
D,METER_DATA,GEN_DUID,1,"2015/12/17 22:25:00",WAUBRAWF,46.019001,"2015/12/17 22:20:04"
D,METER_DATA,GEN_DUID,1,"2015/12/17 22:25:00",WOOLNTH1,61.790016,"2015/12/17 22:20:04"
D,METER_DATA,GEN_DUID,1,"2015/12/17 22:25:00",WPWF,36,"2015/12/17 22:20:04"
D,METER_DATA,GEN_DUID,1,"2015/12/17 22:25:00",YAMBUKWF,-0.30,"2015/12/17 22:20:04"
D,METER_DATA,GEN_DUID,1,"2015/12/17 22:30:00",ANGAS1,0,"2015/12/17 22:25:04"
D,METER_DATA,GEN_DUID,1,"2015/12/17 22:30:00",ANGAS2,0,"2015/12/17 22:25:04"
D,METER_DATA,GEN_DUID,1,"2015/12/17 22:30:00",BUTLERSG,-0.000002,"2015/12/17 22:25:04"
D,METER_DATA,GEN_DUID,1,"2015/12/17 22:30:00",CALL_A_4,0,"2015/12/17 22:25:04"
D,METER_DATA,GEN_DUID,1,"2015/12/17 22:30:00",CAPTL_WF,0,"2015/12/17 22:25:04"
D,METER_DATA,GEN_DUID,1,"2015/12/17 22:30:00",CATHROCK,2.47,"2015/12/17 22:25:04"
D,METER_DATA,GEN_DUID,1,"2015/12/17 22:30:00",CHALLHWF,8.80,"2015/12/17 22:25:04"
D,METER_DATA,GEN_DUID,1,"2015/12/17 22:30:00",CLOVER,-0.01,"2015/12/17 22:25:04"
D,METER_DATA,GEN_DUID,1,"2015/12/17 22:30:00",CLUNY,16.847910,"2015/12/17 22:25:04"
D,METER_DATA,GEN_DUID,1,"2015/12/17 22:30:00",CNUNDAWF,6.807941,"2015/12/17 22:25:04"
D,METER_DATA,GEN_DUID,1,"2015/12/17 22:30:00",CULLRGWF,2.47,"2015/12/17 22:25:04"
D,METER_DATA,GEN_DUID,1,"2015/12/17 22:30:00",ERGT01,0,"2015/12/17 22:25:04"
D,METER_DATA,GEN_DUID,1,"2015/12/17 22:30:00",GB01,0.227802,"2015/12/17 22:25:04"
D,METER_DATA,GEN_DUID,1,"2015/12/17 22:30:00",GERMCRK,35.400002,"2015/12/17 22:25:04"
D,METER_DATA,GEN_DUID,1,"2015/12/17 22:30:00",INVICTA,0,"2015/12/17 22:25:04"
D,METER_DATA,GEN_DUID,1,"2015/12/17 22:30:00",LKBONNY1,7.948534,"2015/12/17 22:25:04"
D,METER_DATA,GEN_DUID,1,"2015/12/17 22:30:00",MBAHNTH,4.800001,"2015/12/17 22:25:04"
D,METER_DATA,GEN_DUID,1,"2015/12/17 22:30:00",MLWF1,2.91,"2015/12/17 22:25:04"
D,METER_DATA,GEN_DUID,1,"2015/12/17 22:30:00",MTMILLAR,19.235790,"2015/12/17 22:25:04"
D,METER_DATA,GEN_DUID,1,"2015/12/17 22:30:00",PALOONA,0,"2015/12/17 22:25:04"
D,METER_DATA,GEN_DUID,1,"2015/12/17 22:30:00",PIONEER,0,"2015/12/17 22:25:04"
D,METER_DATA,GEN_DUID,1,"2015/12/17 22:30:00",PORTWF,12.70,"2015/12/17 22:25:04"
D,METER_DATA,GEN_DUID,1,"2015/12/17 22:30:00",REPULSE,27.343924,"2015/12/17 22:25:04"
D,METER_DATA,GEN_DUID,1,"2015/12/17 22:30:00",ROWALLAN,8.8324,"2015/12/17 22:25:04"
D,METER_DATA,GEN_DUID,1,"2015/12/17 22:30:00",RPCG,7.50,"2015/12/17 22:25:04"
D,METER_DATA,GEN_DUID,1,"2015/12/17 22:30:00",RUBICON,0,"2015/12/17 22:25:04"
D,METER_DATA,GEN_DUID,1,"2015/12/17 22:30:00",STARHLWF,2.899155,"2015/12/17 22:25:04"
D,METER_DATA,GEN_DUID,1,"2015/12/17 22:30:00",WAUBRAWF,42.811001,"2015/12/17 22:25:04"
D,METER_DATA,GEN_DUID,1,"2015/12/17 22:30:00",WOOLNTH1,55.960014,"2015/12/17 22:25:04"
D,METER_DATA,GEN_DUID,1,"2015/12/17 22:30:00",WPWF,41,"2015/12/17 22:25:04"
D,METER_DATA,GEN_DUID,1,"2015/12/17 22:30:00",YAMBUKWF,-0.30,"2015/12/17 22:25:04"
D,METER_DATA,GEN_DUID,1,"2015/12/17 22:35:00",ANGAS1,0,"2015/12/17 22:30:04"
D,METER_DATA,GEN_DUID,1,"2015/12/17 22:35:00",ANGAS2,0,"2015/12/17 22:30:04"
D,METER_DATA,GEN_DUID,1,"2015/12/17 22:35:00",BUTLERSG,-0.000002,"2015/12/17 22:30:04"
D,METER_DATA,GEN_DUID,1,"2015/12/17 22:35:00",CALL_A_4,0,"2015/12/17 22:30:04"
D,METER_DATA,GEN_DUID,1,"2015/12/17 22:35:00",CAPTL_WF,0,"2015/12/17 22:30:04"
D,METER_DATA,GEN_DUID,1,"2015/12/17 22:35:00",CATHROCK,4.25,"2015/12/17 22:30:04"
D,METER_DATA,GEN_DUID,1,"2015/12/17 22:35:00",CHALLHWF,9.799999,"2015/12/17 22:30:04"
D,METER_DATA,GEN_DUID,1,"2015/12/17 22:35:00",CLOVER,-0.01,"2015/12/17 22:30:04"
D,METER_DATA,GEN_DUID,1,"2015/12/17 22:35:00",CLUNY,16.976521,"2015/12/17 22:30:04"
D,METER_DATA,GEN_DUID,1,"2015/12/17 22:35:00",CNUNDAWF,6.107124,"2015/12/17 22:30:04"
D,METER_DATA,GEN_DUID,1,"2015/12/17 22:35:00",CULLRGWF,2.51,"2015/12/17 22:30:04"
D,METER_DATA,GEN_DUID,1,"2015/12/17 22:35:00",ERGT01,0,"2015/12/17 22:30:04"
D,METER_DATA,GEN_DUID,1,"2015/12/17 22:35:00",GB01,0.227802,"2015/12/17 22:30:04"
D,METER_DATA,GEN_DUID,1,"2015/12/17 22:35:00",GERMCRK,35.799999,"2015/12/17 22:30:04"
D,METER_DATA,GEN_DUID,1,"2015/12/17 22:35:00",INVICTA,0,"2015/12/17 22:30:04"
D,METER_DATA,GEN_DUID,1,"2015/12/17 22:35:00",LKBONNY1,6.966130,"2015/12/17 22:30:04"
D,METER_DATA,GEN_DUID,1,"2015/12/17 22:35:00",MBAHNTH,4.800001,"2015/12/17 22:30:04"
D,METER_DATA,GEN_DUID,1,"2015/12/17 22:35:00",MLWF1,3.0450,"2015/12/17 22:30:04"
D,METER_DATA,GEN_DUID,1,"2015/12/17 22:35:00",MTMILLAR,19.950155,"2015/12/17 22:30:04"
D,METER_DATA,GEN_DUID,1,"2015/12/17 22:35:00",PALOONA,0,"2015/12/17 22:30:04"
D,METER_DATA,GEN_DUID,1,"2015/12/17 22:35:00",PIONEER,0,"2015/12/17 22:30:04"
D,METER_DATA,GEN_DUID,1,"2015/12/17 22:35:00",PORTWF,12.10,"2015/12/17 22:30:04"
D,METER_DATA,GEN_DUID,1,"2015/12/17 22:35:00",REPULSE,27.382034,"2015/12/17 22:30:04"
D,METER_DATA,GEN_DUID,1,"2015/12/17 22:35:00",ROWALLAN,8.9602,"2015/12/17 22:30:04"
D,METER_DATA,GEN_DUID,1,"2015/12/17 22:35:00",RPCG,8.80,"2015/12/17 22:30:04"
D,METER_DATA,GEN_DUID,1,"2015/12/17 22:35:00",RUBICON,0,"2015/12/17 22:30:04"
D,METER_DATA,GEN_DUID,1,"2015/12/17 22:35:00",STARHLWF,2.899155,"2015/12/17 22:30:04"
D,METER_DATA,GEN_DUID,1,"2015/12/17 22:35:00",WAUBRAWF,38.2780,"2015/12/17 22:30:04"
D,METER_DATA,GEN_DUID,1,"2015/12/17 22:35:00",WOOLNTH1,53.220016,"2015/12/17 22:30:04"
D,METER_DATA,GEN_DUID,1,"2015/12/17 22:35:00",WPWF,45,"2015/12/17 22:30:04"
D,METER_DATA,GEN_DUID,1,"2015/12/17 22:35:00",YAMBUKWF,-0.30,"2015/12/17 22:30:04"
D,METER_DATA,GEN_DUID,1,"2015/12/17 22:40:00",ANGAS1,0,"2015/12/17 22:35:04"
D,METER_DATA,GEN_DUID,1,"2015/12/17 22:40:00",ANGAS2,0,"2015/12/17 22:35:04"
D,METER_DATA,GEN_DUID,1,"2015/12/17 22:40:00",BUTLERSG,-0.000002,"2015/12/17 22:35:04"
D,METER_DATA,GEN_DUID,1,"2015/12/17 22:40:00",CALL_A_4,0,"2015/12/17 22:35:04"
D,METER_DATA,GEN_DUID,1,"2015/12/17 22:40:00",CAPTL_WF,0,"2015/12/17 22:35:04"
D,METER_DATA,GEN_DUID,1,"2015/12/17 22:40:00",CATHROCK,7.76,"2015/12/17 22:35:04"
D,METER_DATA,GEN_DUID,1,"2015/12/17 22:40:00",CHALLHWF,9.50,"2015/12/17 22:35:04"
D,METER_DATA,GEN_DUID,1,"2015/12/17 22:40:00",CLOVER,-0.01,"2015/12/17 22:35:04"
D,METER_DATA,GEN_DUID,1,"2015/12/17 22:40:00",CLUNY,16.919361,"2015/12/17 22:35:04"
D,METER_DATA,GEN_DUID,1,"2015/12/17 22:40:00",CNUNDAWF,7.308526,"2015/12/17 22:35:04"
D,METER_DATA,GEN_DUID,1,"2015/12/17 22:40:00",CULLRGWF,2.44,"2015/12/17 22:35:04"
D,METER_DATA,GEN_DUID,1,"2015/12/17 22:40:00",ERGT01,0,"2015/12/17 22:35:04"
D,METER_DATA,GEN_DUID,1,"2015/12/17 22:40:00",GB01,0.227802,"2015/12/17 22:35:04"
D,METER_DATA,GEN_DUID,1,"2015/12/17 22:40:00",GERMCRK,35.50,"2015/12/17 22:35:04"
D,METER_DATA,GEN_DUID,1,"2015/12/17 22:40:00",INVICTA,0,"2015/12/17 22:35:04"
D,METER_DATA,GEN_DUID,1,"2015/12/17 22:40:00",LKBONNY1,6.608893,"2015/12/17 22:35:04"
D,METER_DATA,GEN_DUID,1,"2015/12/17 22:40:00",MBAHNTH,4.800001,"2015/12/17 22:35:04"
D,METER_DATA,GEN_DUID,1,"2015/12/17 22:40:00",MLWF1,2.5050,"2015/12/17 22:35:04"
D,METER_DATA,GEN_DUID,1,"2015/12/17 22:40:00",MTMILLAR,17.955885,"2015/12/17 22:35:04"
D,METER_DATA,GEN_DUID,1,"2015/12/17 22:40:00",PALOONA,0,"2015/12/17 22:35:04"
D,METER_DATA,GEN_DUID,1,"2015/12/17 22:40:00",PIONEER,0,"2015/12/17 22:35:04"
D,METER_DATA,GEN_DUID,1,"2015/12/17 22:40:00",PORTWF,11.50,"2015/12/17 22:35:04"
D,METER_DATA,GEN_DUID,1,"2015/12/17 22:40:00",REPULSE,27.686914,"2015/12/17 22:35:04"
D,METER_DATA,GEN_DUID,1,"2015/12/17 22:40:00",ROWALLAN,8.9886,"2015/12/17 22:35:04"
D,METER_DATA,GEN_DUID,1,"2015/12/17 22:40:00",RPCG,8.80,"2015/12/17 22:35:04"
D,METER_DATA,GEN_DUID,1,"2015/12/17 22:40:00",RUBICON,0,"2015/12/17 22:35:04"
D,METER_DATA,GEN_DUID,1,"2015/12/17 22:40:00",STARHLWF,3.299038,"2015/12/17 22:35:04"
D,METER_DATA,GEN_DUID,1,"2015/12/17 22:40:00",WAUBRAWF,35.735001,"2015/12/17 22:35:04"
D,METER_DATA,GEN_DUID,1,"2015/12/17 22:40:00",WOOLNTH1,51.060017,"2015/12/17 22:35:04"
D,METER_DATA,GEN_DUID,1,"2015/12/17 22:40:00",WPWF,45,"2015/12/17 22:35:04"
D,METER_DATA,GEN_DUID,1,"2015/12/17 22:40:00",YAMBUKWF,-0.30,"2015/12/17 22:35:04"
D,METER_DATA,GEN_DUID,1,"2015/12/17 22:45:00",ANGAS1,0,"2015/12/17 22:40:04"
D,METER_DATA,GEN_DUID,1,"2015/12/17 22:45:00",ANGAS2,0,"2015/12/17 22:40:04"
D,METER_DATA,GEN_DUID,1,"2015/12/17 22:45:00",BUTLERSG,-0.000002,"2015/12/17 22:40:04"
D,METER_DATA,GEN_DUID,1,"2015/12/17 22:45:00",CALL_A_4,0,"2015/12/17 22:40:04"
D,METER_DATA,GEN_DUID,1,"2015/12/17 22:45:00",CAPTL_WF,0,"2015/12/17 22:40:04"
D,METER_DATA,GEN_DUID,1,"2015/12/17 22:45:00",CATHROCK,5.92,"2015/12/17 22:40:04"
D,METER_DATA,GEN_DUID,1,"2015/12/17 22:45:00",CHALLHWF,8.90,"2015/12/17 22:40:04"
D,METER_DATA,GEN_DUID,1,"2015/12/17 22:45:00",CLOVER,0,"2015/12/17 22:40:04"
D,METER_DATA,GEN_DUID,1,"2015/12/17 22:45:00",CLUNY,16.919361,"2015/12/17 22:40:04"
D,METER_DATA,GEN_DUID,1,"2015/12/17 22:45:00",CNUNDAWF,6.908059,"2015/12/17 22:40:04"
D,METER_DATA,GEN_DUID,1,"2015/12/17 22:45:00",CULLRGWF,1.76,"2015/12/17 22:40:04"
D,METER_DATA,GEN_DUID,1,"2015/12/17 22:45:00",ERGT01,0,"2015/12/17 22:40:04"
D,METER_DATA,GEN_DUID,1,"2015/12/17 22:45:00",GB01,0.227802,"2015/12/17 22:40:04"
D,METER_DATA,GEN_DUID,1,"2015/12/17 22:45:00",GERMCRK,35.700001,"2015/12/17 22:40:04"
D,METER_DATA,GEN_DUID,1,"2015/12/17 22:45:00",INVICTA,0,"2015/12/17 22:40:04"
D,METER_DATA,GEN_DUID,1,"2015/12/17 22:45:00",LKBONNY1,6.430274,"2015/12/17 22:40:04"
D,METER_DATA,GEN_DUID,1,"2015/12/17 22:45:00",MBAHNTH,4.800001,"2015/12/17 22:40:04"
D,METER_DATA,GEN_DUID,1,"2015/12/17 22:45:00",MLWF1,3.3450,"2015/12/17 22:40:04"
D,METER_DATA,GEN_DUID,1,"2015/12/17 22:45:00",MTMILLAR,16.274149,"2015/12/17 22:40:04"
D,METER_DATA,GEN_DUID,1,"2015/12/17 22:45:00",PALOONA,0,"2015/12/17 22:40:04"
D,METER_DATA,GEN_DUID,1,"2015/12/17 22:45:00",PIONEER,0,"2015/12/17 22:40:04"
D,METER_DATA,GEN_DUID,1,"2015/12/17 22:45:00",PORTWF,11.20,"2015/12/17 22:40:04"
D,METER_DATA,GEN_DUID,1,"2015/12/17 22:45:00",REPULSE,27.267704,"2015/12/17 22:40:04"
D,METER_DATA,GEN_DUID,1,"2015/12/17 22:45:00",ROWALLAN,8.8679,"2015/12/17 22:40:04"
D,METER_DATA,GEN_DUID,1,"2015/12/17 22:45:00",RPCG,8.80,"2015/12/17 22:40:04"
D,METER_DATA,GEN_DUID,1,"2015/12/17 22:45:00",RUBICON,0,"2015/12/17 22:40:04"
D,METER_DATA,GEN_DUID,1,"2015/12/17 22:45:00",STARHLWF,2.899155,"2015/12/17 22:40:04"
D,METER_DATA,GEN_DUID,1,"2015/12/17 22:45:00",WAUBRAWF,33.955002,"2015/12/17 22:40:04"
D,METER_DATA,GEN_DUID,1,"2015/12/17 22:45:00",WOOLNTH1,47.600018,"2015/12/17 22:40:04"
D,METER_DATA,GEN_DUID,1,"2015/12/17 22:45:00",WPWF,52,"2015/12/17 22:40:04"
D,METER_DATA,GEN_DUID,1,"2015/12/17 22:45:00",YAMBUKWF,-0.30,"2015/12/17 22:40:04"
D,METER_DATA,GEN_DUID,1,"2015/12/17 22:50:00",ANGAS1,0,"2015/12/17 22:45:05"
D,METER_DATA,GEN_DUID,1,"2015/12/17 22:50:00",ANGAS2,0,"2015/12/17 22:45:05"
D,METER_DATA,GEN_DUID,1,"2015/12/17 22:50:00",BUTLERSG,-0.000002,"2015/12/17 22:45:05"
D,METER_DATA,GEN_DUID,1,"2015/12/17 22:50:00",CALL_A_4,0,"2015/12/17 22:45:05"
D,METER_DATA,GEN_DUID,1,"2015/12/17 22:50:00",CAPTL_WF,0,"2015/12/17 22:45:05"
D,METER_DATA,GEN_DUID,1,"2015/12/17 22:50:00",CATHROCK,4.18,"2015/12/17 22:45:05"
D,METER_DATA,GEN_DUID,1,"2015/12/17 22:50:00",CHALLHWF,8.30,"2015/12/17 22:45:05"
D,METER_DATA,GEN_DUID,1,"2015/12/17 22:50:00",CLOVER,-0.02,"2015/12/17 22:45:05"
D,METER_DATA,GEN_DUID,1,"2015/12/17 22:50:00",CLUNY,17.076550,"2015/12/17 22:45:05"
D,METER_DATA,GEN_DUID,1,"2015/12/17 22:50:00",CNUNDAWF,6.908059,"2015/12/17 22:45:05"
D,METER_DATA,GEN_DUID,1,"2015/12/17 22:50:00",CULLRGWF,2,"2015/12/17 22:45:05"
D,METER_DATA,GEN_DUID,1,"2015/12/17 22:50:00",ERGT01,0,"2015/12/17 22:45:05"
D,METER_DATA,GEN_DUID,1,"2015/12/17 22:50:00",GB01,0.227802,"2015/12/17 22:45:05"
D,METER_DATA,GEN_DUID,1,"2015/12/17 22:50:00",GERMCRK,35.799999,"2015/12/17 22:45:05"
D,METER_DATA,GEN_DUID,1,"2015/12/17 22:50:00",INVICTA,0,"2015/12/17 22:45:05"
D,METER_DATA,GEN_DUID,1,"2015/12/17 22:50:00",LKBONNY1,5.805109,"2015/12/17 22:45:05"
D,METER_DATA,GEN_DUID,1,"2015/12/17 22:50:00",MBAHNTH,4.800001,"2015/12/17 22:45:05"
D,METER_DATA,GEN_DUID,1,"2015/12/17 22:50:00",MLWF1,2.8050,"2015/12/17 22:45:05"
D,METER_DATA,GEN_DUID,1,"2015/12/17 22:50:00",MTMILLAR,15.8872,"2015/12/17 22:45:05"
D,METER_DATA,GEN_DUID,1,"2015/12/17 22:50:00",PALOONA,0,"2015/12/17 22:45:05"
D,METER_DATA,GEN_DUID,1,"2015/12/17 22:50:00",PIONEER,0,"2015/12/17 22:45:05"
D,METER_DATA,GEN_DUID,1,"2015/12/17 22:50:00",PORTWF,10.60,"2015/12/17 22:45:05"
D,METER_DATA,GEN_DUID,1,"2015/12/17 22:50:00",REPULSE,27.705969,"2015/12/17 22:45:05"
D,METER_DATA,GEN_DUID,1,"2015/12/17 22:50:00",ROWALLAN,8.9957,"2015/12/17 22:45:05"
D,METER_DATA,GEN_DUID,1,"2015/12/17 22:50:00",RPCG,8.80,"2015/12/17 22:45:05"
D,METER_DATA,GEN_DUID,1,"2015/12/17 22:50:00",RUBICON,0,"2015/12/17 22:45:05"
D,METER_DATA,GEN_DUID,1,"2015/12/17 22:50:00",STARHLWF,2.499271,"2015/12/17 22:45:05"
D,METER_DATA,GEN_DUID,1,"2015/12/17 22:50:00",WAUBRAWF,33.1380,"2015/12/17 22:45:05"
D,METER_DATA,GEN_DUID,1,"2015/12/17 22:50:00",WOOLNTH1,49.070015,"2015/12/17 22:45:05"
D,METER_DATA,GEN_DUID,1,"2015/12/17 22:50:00",WPWF,49,"2015/12/17 22:45:05"
D,METER_DATA,GEN_DUID,1,"2015/12/17 22:50:00",YAMBUKWF,-0.30,"2015/12/17 22:45:05"
D,METER_DATA,GEN_DUID,1,"2015/12/17 22:55:00",ANGAS1,0,"2015/12/17 22:50:04"
D,METER_DATA,GEN_DUID,1,"2015/12/17 22:55:00",ANGAS2,0,"2015/12/17 22:50:04"
D,METER_DATA,GEN_DUID,1,"2015/12/17 22:55:00",BUTLERSG,-0.000002,"2015/12/17 22:50:04"
D,METER_DATA,GEN_DUID,1,"2015/12/17 22:55:00",CALL_A_4,0,"2015/12/17 22:50:04"
D,METER_DATA,GEN_DUID,1,"2015/12/17 22:55:00",CAPTL_WF,0,"2015/12/17 22:50:04"
D,METER_DATA,GEN_DUID,1,"2015/12/17 22:55:00",CATHROCK,2.96,"2015/12/17 22:50:04"
D,METER_DATA,GEN_DUID,1,"2015/12/17 22:55:00",CHALLHWF,7.80,"2015/12/17 22:50:04"
D,METER_DATA,GEN_DUID,1,"2015/12/17 22:55:00",CLOVER,-0.01,"2015/12/17 22:50:04"
D,METER_DATA,GEN_DUID,1,"2015/12/17 22:55:00",CLUNY,17.933950,"2015/12/17 22:50:04"
D,METER_DATA,GEN_DUID,1,"2015/12/17 22:55:00",CNUNDAWF,6.507591,"2015/12/17 22:50:04"
D,METER_DATA,GEN_DUID,1,"2015/12/17 22:55:00",CULLRGWF,1.20,"2015/12/17 22:50:04"
D,METER_DATA,GEN_DUID,1,"2015/12/17 22:55:00",ERGT01,0,"2015/12/17 22:50:04"
D,METER_DATA,GEN_DUID,1,"2015/12/17 22:55:00",GB01,0.226151,"2015/12/17 22:50:04"
D,METER_DATA,GEN_DUID,1,"2015/12/17 22:55:00",GERMCRK,35.200001,"2015/12/17 22:50:04"
D,METER_DATA,GEN_DUID,1,"2015/12/17 22:55:00",INVICTA,0,"2015/12/17 22:50:04"
D,METER_DATA,GEN_DUID,1,"2015/12/17 22:55:00",LKBONNY1,6.608893,"2015/12/17 22:50:04"
D,METER_DATA,GEN_DUID,1,"2015/12/17 22:55:00",MBAHNTH,4.800001,"2015/12/17 22:50:04"
D,METER_DATA,GEN_DUID,1,"2015/12/17 22:55:00",MLWF1,2.61,"2015/12/17 22:50:04"
D,METER_DATA,GEN_DUID,1,"2015/12/17 22:55:00",MTMILLAR,16.437857,"2015/12/17 22:50:04"
D,METER_DATA,GEN_DUID,1,"2015/12/17 22:55:00",PALOONA,0,"2015/12/17 22:50:04"
D,METER_DATA,GEN_DUID,1,"2015/12/17 22:55:00",PIONEER,0,"2015/12/17 22:50:04"
D,METER_DATA,GEN_DUID,1,"2015/12/17 22:55:00",PORTWF,9.10,"2015/12/17 22:50:04"
D,METER_DATA,GEN_DUID,1,"2015/12/17 22:55:00",REPULSE,28.906435,"2015/12/17 22:50:04"
D,METER_DATA,GEN_DUID,1,"2015/12/17 22:55:00",ROWALLAN,9.2584,"2015/12/17 22:50:04"
D,METER_DATA,GEN_DUID,1,"2015/12/17 22:55:00",RPCG,8.80,"2015/12/17 22:50:04"
D,METER_DATA,GEN_DUID,1,"2015/12/17 22:55:00",RUBICON,0,"2015/12/17 22:50:04"
D,METER_DATA,GEN_DUID,1,"2015/12/17 22:55:00",STARHLWF,2.499271,"2015/12/17 22:50:04"
D,METER_DATA,GEN_DUID,1,"2015/12/17 22:55:00",WAUBRAWF,31.462999,"2015/12/17 22:50:04"
D,METER_DATA,GEN_DUID,1,"2015/12/17 22:55:00",WOOLNTH1,44.270020,"2015/12/17 22:50:04"
D,METER_DATA,GEN_DUID,1,"2015/12/17 22:55:00",WPWF,51,"2015/12/17 22:50:04"
D,METER_DATA,GEN_DUID,1,"2015/12/17 22:55:00",YAMBUKWF,-0.30,"2015/12/17 22:50:04"
D,METER_DATA,GEN_DUID,1,"2015/12/17 23:00:00",ANGAS1,0,"2015/12/17 22:55:04"
D,METER_DATA,GEN_DUID,1,"2015/12/17 23:00:00",ANGAS2,0,"2015/12/17 22:55:04"
D,METER_DATA,GEN_DUID,1,"2015/12/17 23:00:00",BUTLERSG,-0.000002,"2015/12/17 22:55:04"
D,METER_DATA,GEN_DUID,1,"2015/12/17 23:00:00",CALL_A_4,0,"2015/12/17 22:55:04"
D,METER_DATA,GEN_DUID,1,"2015/12/17 23:00:00",CAPTL_WF,0,"2015/12/17 22:55:04"
D,METER_DATA,GEN_DUID,1,"2015/12/17 23:00:00",CATHROCK,5.77,"2015/12/17 22:55:04"
D,METER_DATA,GEN_DUID,1,"2015/12/17 23:00:00",CHALLHWF,6.80,"2015/12/17 22:55:04"
D,METER_DATA,GEN_DUID,1,"2015/12/17 23:00:00",CLOVER,-0.01,"2015/12/17 22:55:04"
D,METER_DATA,GEN_DUID,1,"2015/12/17 23:00:00",CLUNY,17.390930,"2015/12/17 22:55:04"
D,METER_DATA,GEN_DUID,1,"2015/12/17 23:00:00",CNUNDAWF,6.107124,"2015/12/17 22:55:04"
D,METER_DATA,GEN_DUID,1,"2015/12/17 23:00:00",CULLRGWF,1.01,"2015/12/17 22:55:04"
D,METER_DATA,GEN_DUID,1,"2015/12/17 23:00:00",ERGT01,0,"2015/12/17 22:55:04"
D,METER_DATA,GEN_DUID,1,"2015/12/17 23:00:00",GB01,0.226151,"2015/12/17 22:55:04"
D,METER_DATA,GEN_DUID,1,"2015/12/17 23:00:00",GERMCRK,35.700001,"2015/12/17 22:55:04"
D,METER_DATA,GEN_DUID,1,"2015/12/17 23:00:00",INVICTA,0,"2015/12/17 22:55:04"
D,METER_DATA,GEN_DUID,1,"2015/12/17 23:00:00",LKBONNY1,8.127152,"2015/12/17 22:55:04"
D,METER_DATA,GEN_DUID,1,"2015/12/17 23:00:00",MBAHNTH,4.800001,"2015/12/17 22:55:04"
D,METER_DATA,GEN_DUID,1,"2015/12/17 23:00:00",MLWF1,3.4350,"2015/12/17 22:55:04"
D,METER_DATA,GEN_DUID,1,"2015/12/17 23:00:00",MTMILLAR,15.224923,"2015/12/17 22:55:04"
D,METER_DATA,GEN_DUID,1,"2015/12/17 23:00:00",PALOONA,0,"2015/12/17 22:55:04"
D,METER_DATA,GEN_DUID,1,"2015/12/17 23:00:00",PIONEER,0,"2015/12/17 22:55:04"
D,METER_DATA,GEN_DUID,1,"2015/12/17 23:00:00",PORTWF,8.20,"2015/12/17 22:55:04"
D,METER_DATA,GEN_DUID,1,"2015/12/17 23:00:00",REPULSE,28.639664,"2015/12/17 22:55:04"
D,METER_DATA,GEN_DUID,1,"2015/12/17 23:00:00",ROWALLAN,9.1874,"2015/12/17 22:55:04"
D,METER_DATA,GEN_DUID,1,"2015/12/17 23:00:00",RPCG,8.80,"2015/12/17 22:55:04"
D,METER_DATA,GEN_DUID,1,"2015/12/17 23:00:00",RUBICON,0,"2015/12/17 22:55:04"
D,METER_DATA,GEN_DUID,1,"2015/12/17 23:00:00",STARHLWF,2.499271,"2015/12/17 22:55:04"
D,METER_DATA,GEN_DUID,1,"2015/12/17 23:00:00",WAUBRAWF,30.518999,"2015/12/17 22:55:04"
D,METER_DATA,GEN_DUID,1,"2015/12/17 23:00:00",WOOLNTH1,46.360016,"2015/12/17 22:55:04"
D,METER_DATA,GEN_DUID,1,"2015/12/17 23:00:00",WPWF,48,"2015/12/17 22:55:04"
D,METER_DATA,GEN_DUID,1,"2015/12/17 23:00:00",YAMBUKWF,-0.30,"2015/12/17 22:55:04"
D,METER_DATA,GEN_DUID,1,"2015/12/17 23:05:00",ANGAS1,0,"2015/12/17 23:00:05"
D,METER_DATA,GEN_DUID,1,"2015/12/17 23:05:00",ANGAS2,0,"2015/12/17 23:00:05"
D,METER_DATA,GEN_DUID,1,"2015/12/17 23:05:00",BUTLERSG,-0.000002,"2015/12/17 23:00:05"
D,METER_DATA,GEN_DUID,1,"2015/12/17 23:05:00",CALL_A_4,0,"2015/12/17 23:00:05"
D,METER_DATA,GEN_DUID,1,"2015/12/17 23:05:00",CAPTL_WF,0,"2015/12/17 23:00:05"
D,METER_DATA,GEN_DUID,1,"2015/12/17 23:05:00",CATHROCK,6.389999,"2015/12/17 23:00:05"
D,METER_DATA,GEN_DUID,1,"2015/12/17 23:05:00",CHALLHWF,6,"2015/12/17 23:00:05"
D,METER_DATA,GEN_DUID,1,"2015/12/17 23:05:00",CLOVER,-0.02,"2015/12/17 23:00:05"
D,METER_DATA,GEN_DUID,1,"2015/12/17 23:05:00",CLUNY,17.390930,"2015/12/17 23:00:05"
D,METER_DATA,GEN_DUID,1,"2015/12/17 23:05:00",CNUNDAWF,5.606540,"2015/12/17 23:00:05"
D,METER_DATA,GEN_DUID,1,"2015/12/17 23:05:00",CULLRGWF,0.74,"2015/12/17 23:00:05"
D,METER_DATA,GEN_DUID,1,"2015/12/17 23:05:00",ERGT01,0,"2015/12/17 23:00:05"
D,METER_DATA,GEN_DUID,1,"2015/12/17 23:05:00",GB01,0.226151,"2015/12/17 23:00:05"
D,METER_DATA,GEN_DUID,1,"2015/12/17 23:05:00",GERMCRK,35.299999,"2015/12/17 23:00:05"
D,METER_DATA,GEN_DUID,1,"2015/12/17 23:05:00",INVICTA,0,"2015/12/17 23:00:05"
D,METER_DATA,GEN_DUID,1,"2015/12/17 23:05:00",LKBONNY1,8.663009,"2015/12/17 23:00:05"
D,METER_DATA,GEN_DUID,1,"2015/12/17 23:05:00",MBAHNTH,4.800001,"2015/12/17 23:00:05"
D,METER_DATA,GEN_DUID,1,"2015/12/17 23:05:00",MLWF1,5.1150,"2015/12/17 23:00:05"
D,METER_DATA,GEN_DUID,1,"2015/12/17 23:05:00",MTMILLAR,14.376614,"2015/12/17 23:00:05"
D,METER_DATA,GEN_DUID,1,"2015/12/17 23:05:00",PALOONA,0,"2015/12/17 23:00:05"
D,METER_DATA,GEN_DUID,1,"2015/12/17 23:05:00",PIONEER,0,"2015/12/17 23:00:05"
D,METER_DATA,GEN_DUID,1,"2015/12/17 23:05:00",PORTWF,6.70,"2015/12/17 23:00:05"
D,METER_DATA,GEN_DUID,1,"2015/12/17 23:05:00",REPULSE,28.506279,"2015/12/17 23:00:05"
D,METER_DATA,GEN_DUID,1,"2015/12/17 23:05:00",ROWALLAN,9.1093,"2015/12/17 23:00:05"
D,METER_DATA,GEN_DUID,1,"2015/12/17 23:05:00",RPCG,8.80,"2015/12/17 23:00:05"
D,METER_DATA,GEN_DUID,1,"2015/12/17 23:05:00",RUBICON,0,"2015/12/17 23:00:05"
D,METER_DATA,GEN_DUID,1,"2015/12/17 23:05:00",STARHLWF,2.499271,"2015/12/17 23:00:05"
D,METER_DATA,GEN_DUID,1,"2015/12/17 23:05:00",WAUBRAWF,31.8160,"2015/12/17 23:00:05"
D,METER_DATA,GEN_DUID,1,"2015/12/17 23:05:00",WOOLNTH1,49.860016,"2015/12/17 23:00:05"
D,METER_DATA,GEN_DUID,1,"2015/12/17 23:05:00",WPWF,47,"2015/12/17 23:00:05"
D,METER_DATA,GEN_DUID,1,"2015/12/17 23:05:00",YAMBUKWF,-0.30,"2015/12/17 23:00:05"
D,METER_DATA,GEN_DUID,1,"2015/12/17 23:10:00",ANGAS1,0,"2015/12/17 23:05:04"
D,METER_DATA,GEN_DUID,1,"2015/12/17 23:10:00",ANGAS2,0,"2015/12/17 23:05:04"
D,METER_DATA,GEN_DUID,1,"2015/12/17 23:10:00",BUTLERSG,-0.000002,"2015/12/17 23:05:04"
D,METER_DATA,GEN_DUID,1,"2015/12/17 23:10:00",CALL_A_4,0,"2015/12/17 23:05:04"
D,METER_DATA,GEN_DUID,1,"2015/12/17 23:10:00",CAPTL_WF,0,"2015/12/17 23:05:04"
D,METER_DATA,GEN_DUID,1,"2015/12/17 23:10:00",CATHROCK,8.20,"2015/12/17 23:05:04"
D,METER_DATA,GEN_DUID,1,"2015/12/17 23:10:00",CHALLHWF,6,"2015/12/17 23:05:04"
D,METER_DATA,GEN_DUID,1,"2015/12/17 23:10:00",CLOVER,-0.02,"2015/12/17 23:05:04"
D,METER_DATA,GEN_DUID,1,"2015/12/17 23:10:00",CLUNY,17.376640,"2015/12/17 23:05:04"
D,METER_DATA,GEN_DUID,1,"2015/12/17 23:10:00",CNUNDAWF,5.206073,"2015/12/17 23:05:04"
D,METER_DATA,GEN_DUID,1,"2015/12/17 23:10:00",CULLRGWF,0.95,"2015/12/17 23:05:04"
D,METER_DATA,GEN_DUID,1,"2015/12/17 23:10:00",ERGT01,0,"2015/12/17 23:05:04"
D,METER_DATA,GEN_DUID,1,"2015/12/17 23:10:00",GB01,0.226151,"2015/12/17 23:05:04"
D,METER_DATA,GEN_DUID,1,"2015/12/17 23:10:00",GERMCRK,35.599998,"2015/12/17 23:05:04"
D,METER_DATA,GEN_DUID,1,"2015/12/17 23:10:00",INVICTA,0,"2015/12/17 23:05:04"
D,METER_DATA,GEN_DUID,1,"2015/12/17 23:10:00",LKBONNY1,8.395081,"2015/12/17 23:05:04"
D,METER_DATA,GEN_DUID,1,"2015/12/17 23:10:00",MBAHNTH,4.800001,"2015/12/17 23:05:04"
D,METER_DATA,GEN_DUID,1,"2015/12/17 23:10:00",MLWF1,5.7150,"2015/12/17 23:05:04"
D,METER_DATA,GEN_DUID,1,"2015/12/17 23:10:00",MTMILLAR,12.479079,"2015/12/17 23:05:04"
D,METER_DATA,GEN_DUID,1,"2015/12/17 23:10:00",PALOONA,0,"2015/12/17 23:05:04"
D,METER_DATA,GEN_DUID,1,"2015/12/17 23:10:00",PIONEER,0,"2015/12/17 23:05:04"
D,METER_DATA,GEN_DUID,1,"2015/12/17 23:10:00",PORTWF,6.40,"2015/12/17 23:05:04"
D,METER_DATA,GEN_DUID,1,"2015/12/17 23:10:00",REPULSE,28.391949,"2015/12/17 23:05:04"
D,METER_DATA,GEN_DUID,1,"2015/12/17 23:10:00",ROWALLAN,9.1093,"2015/12/17 23:05:04"
D,METER_DATA,GEN_DUID,1,"2015/12/17 23:10:00",RPCG,8.80,"2015/12/17 23:05:04"
D,METER_DATA,GEN_DUID,1,"2015/12/17 23:10:00",RUBICON,0,"2015/12/17 23:05:04"
D,METER_DATA,GEN_DUID,1,"2015/12/17 23:10:00",STARHLWF,2.499271,"2015/12/17 23:05:04"
D,METER_DATA,GEN_DUID,1,"2015/12/17 23:10:00",WAUBRAWF,34.599998,"2015/12/17 23:05:04"
D,METER_DATA,GEN_DUID,1,"2015/12/17 23:10:00",WOOLNTH1,46.000015,"2015/12/17 23:05:04"
D,METER_DATA,GEN_DUID,1,"2015/12/17 23:10:00",WPWF,45,"2015/12/17 23:05:04"
D,METER_DATA,GEN_DUID,1,"2015/12/17 23:10:00",YAMBUKWF,-0.30,"2015/12/17 23:05:04"
D,METER_DATA,GEN_DUID,1,"2015/12/17 23:15:00",ANGAS1,0,"2015/12/17 23:10:04"
D,METER_DATA,GEN_DUID,1,"2015/12/17 23:15:00",ANGAS2,0,"2015/12/17 23:10:04"
D,METER_DATA,GEN_DUID,1,"2015/12/17 23:15:00",BUTLERSG,-0.000002,"2015/12/17 23:10:04"
D,METER_DATA,GEN_DUID,1,"2015/12/17 23:15:00",CALL_A_4,0,"2015/12/17 23:10:04"
D,METER_DATA,GEN_DUID,1,"2015/12/17 23:15:00",CAPTL_WF,0,"2015/12/17 23:10:04"
D,METER_DATA,GEN_DUID,1,"2015/12/17 23:15:00",CATHROCK,7.539999,"2015/12/17 23:10:04"
D,METER_DATA,GEN_DUID,1,"2015/12/17 23:15:00",CHALLHWF,5,"2015/12/17 23:10:04"
D,METER_DATA,GEN_DUID,1,"2015/12/17 23:15:00",CLOVER,-0.01,"2015/12/17 23:10:04"
D,METER_DATA,GEN_DUID,1,"2015/12/17 23:15:00",CLUNY,16.676430,"2015/12/17 23:10:04"
D,METER_DATA,GEN_DUID,1,"2015/12/17 23:15:00",CNUNDAWF,5.105956,"2015/12/17 23:10:04"
D,METER_DATA,GEN_DUID,1,"2015/12/17 23:15:00",CULLRGWF,1.23,"2015/12/17 23:10:04"
D,METER_DATA,GEN_DUID,1,"2015/12/17 23:15:00",ERGT01,0,"2015/12/17 23:10:04"
D,METER_DATA,GEN_DUID,1,"2015/12/17 23:15:00",GB01,0.226151,"2015/12/17 23:10:04"
D,METER_DATA,GEN_DUID,1,"2015/12/17 23:15:00",GERMCRK,33.900002,"2015/12/17 23:10:04"
D,METER_DATA,GEN_DUID,1,"2015/12/17 23:15:00",INVICTA,0,"2015/12/17 23:10:04"
D,METER_DATA,GEN_DUID,1,"2015/12/17 23:15:00",LKBONNY1,8.663009,"2015/12/17 23:10:04"
D,METER_DATA,GEN_DUID,1,"2015/12/17 23:15:00",MBAHNTH,4.800001,"2015/12/17 23:10:04"
D,METER_DATA,GEN_DUID,1,"2015/12/17 23:15:00",MLWF1,6.2550,"2015/12/17 23:10:04"
D,METER_DATA,GEN_DUID,1,"2015/12/17 23:15:00",MTMILLAR,11.266146,"2015/12/17 23:10:04"
D,METER_DATA,GEN_DUID,1,"2015/12/17 23:15:00",PALOONA,0,"2015/12/17 23:10:04"
D,METER_DATA,GEN_DUID,1,"2015/12/17 23:15:00",PIONEER,0,"2015/12/17 23:10:04"
D,METER_DATA,GEN_DUID,1,"2015/12/17 23:15:00",PORTWF,7,"2015/12/17 23:10:04"
D,METER_DATA,GEN_DUID,1,"2015/12/17 23:15:00",REPULSE,26.943769,"2015/12/17 23:10:04"
D,METER_DATA,GEN_DUID,1,"2015/12/17 23:15:00",ROWALLAN,8.7259,"2015/12/17 23:10:04"
D,METER_DATA,GEN_DUID,1,"2015/12/17 23:15:00",RPCG,8.80,"2015/12/17 23:10:04"
D,METER_DATA,GEN_DUID,1,"2015/12/17 23:15:00",RUBICON,0,"2015/12/17 23:10:04"
D,METER_DATA,GEN_DUID,1,"2015/12/17 23:15:00",STARHLWF,2.899155,"2015/12/17 23:10:04"
D,METER_DATA,GEN_DUID,1,"2015/12/17 23:15:00",WAUBRAWF,38.567001,"2015/12/17 23:10:04"
D,METER_DATA,GEN_DUID,1,"2015/12/17 23:15:00",WOOLNTH1,44.980019,"2015/12/17 23:10:04"
D,METER_DATA,GEN_DUID,1,"2015/12/17 23:15:00",WPWF,44,"2015/12/17 23:10:04"
D,METER_DATA,GEN_DUID,1,"2015/12/17 23:15:00",YAMBUKWF,-0.30,"2015/12/17 23:10:04"
D,METER_DATA,GEN_DUID,1,"2015/12/17 23:20:00",ANGAS1,0,"2015/12/17 23:15:04"
D,METER_DATA,GEN_DUID,1,"2015/12/17 23:20:00",ANGAS2,0,"2015/12/17 23:15:04"
D,METER_DATA,GEN_DUID,1,"2015/12/17 23:20:00",BUTLERSG,-0.000002,"2015/12/17 23:15:04"
D,METER_DATA,GEN_DUID,1,"2015/12/17 23:20:00",CALL_A_4,0,"2015/12/17 23:15:04"
D,METER_DATA,GEN_DUID,1,"2015/12/17 23:20:00",CAPTL_WF,0,"2015/12/17 23:15:04"
D,METER_DATA,GEN_DUID,1,"2015/12/17 23:20:00",CATHROCK,7.30,"2015/12/17 23:15:04"
D,METER_DATA,GEN_DUID,1,"2015/12/17 23:20:00",CHALLHWF,4.50,"2015/12/17 23:15:04"
D,METER_DATA,GEN_DUID,1,"2015/12/17 23:20:00",CLOVER,-0.01,"2015/12/17 23:15:04"
D,METER_DATA,GEN_DUID,1,"2015/12/17 23:20:00",CLUNY,16.790751,"2015/12/17 23:15:04"
D,METER_DATA,GEN_DUID,1,"2015/12/17 23:20:00",CNUNDAWF,6.607708,"2015/12/17 23:15:04"
D,METER_DATA,GEN_DUID,1,"2015/12/17 23:20:00",CULLRGWF,1.05,"2015/12/17 23:15:04"
D,METER_DATA,GEN_DUID,1,"2015/12/17 23:20:00",ERGT01,0,"2015/12/17 23:15:04"
D,METER_DATA,GEN_DUID,1,"2015/12/17 23:20:00",GB01,0.226151,"2015/12/17 23:15:04"
D,METER_DATA,GEN_DUID,1,"2015/12/17 23:20:00",GERMCRK,33.700001,"2015/12/17 23:15:04"
D,METER_DATA,GEN_DUID,1,"2015/12/17 23:20:00",INVICTA,0,"2015/12/17 23:15:04"
D,METER_DATA,GEN_DUID,1,"2015/12/17 23:20:00",LKBONNY1,7.680605,"2015/12/17 23:15:04"
D,METER_DATA,GEN_DUID,1,"2015/12/17 23:20:00",MBAHNTH,4.800001,"2015/12/17 23:15:04"
D,METER_DATA,GEN_DUID,1,"2015/12/17 23:20:00",MLWF1,6.33,"2015/12/17 23:15:04"
D,METER_DATA,GEN_DUID,1,"2015/12/17 23:20:00",MTMILLAR,9.383493,"2015/12/17 23:15:04"
D,METER_DATA,GEN_DUID,1,"2015/12/17 23:20:00",PALOONA,0,"2015/12/17 23:15:04"
D,METER_DATA,GEN_DUID,1,"2015/12/17 23:20:00",PIONEER,0,"2015/12/17 23:15:04"
D,METER_DATA,GEN_DUID,1,"2015/12/17 23:20:00",PORTWF,6.10,"2015/12/17 23:15:04"
D,METER_DATA,GEN_DUID,1,"2015/12/17 23:20:00",REPULSE,27.039045,"2015/12/17 23:15:04"
D,METER_DATA,GEN_DUID,1,"2015/12/17 23:20:00",ROWALLAN,8.7614,"2015/12/17 23:15:04"
D,METER_DATA,GEN_DUID,1,"2015/12/17 23:20:00",RPCG,8.60,"2015/12/17 23:15:04"
D,METER_DATA,GEN_DUID,1,"2015/12/17 23:20:00",RUBICON,0,"2015/12/17 23:15:04"
D,METER_DATA,GEN_DUID,1,"2015/12/17 23:20:00",STARHLWF,3.199067,"2015/12/17 23:15:04"
D,METER_DATA,GEN_DUID,1,"2015/12/17 23:20:00",WAUBRAWF,40.8260,"2015/12/17 23:15:04"
D,METER_DATA,GEN_DUID,1,"2015/12/17 23:20:00",WOOLNTH1,45.260017,"2015/12/17 23:15:04"
D,METER_DATA,GEN_DUID,1,"2015/12/17 23:20:00",WPWF,41,"2015/12/17 23:15:04"
D,METER_DATA,GEN_DUID,1,"2015/12/17 23:20:00",YAMBUKWF,-0.30,"2015/12/17 23:15:04"
D,METER_DATA,GEN_DUID,1,"2015/12/17 23:25:00",ANGAS1,0,"2015/12/17 23:20:04"
D,METER_DATA,GEN_DUID,1,"2015/12/17 23:25:00",ANGAS2,0,"2015/12/17 23:20:04"
D,METER_DATA,GEN_DUID,1,"2015/12/17 23:25:00",BUTLERSG,-0.000002,"2015/12/17 23:20:04"
D,METER_DATA,GEN_DUID,1,"2015/12/17 23:25:00",CALL_A_4,0,"2015/12/17 23:20:04"
D,METER_DATA,GEN_DUID,1,"2015/12/17 23:25:00",CAPTL_WF,0,"2015/12/17 23:20:04"
D,METER_DATA,GEN_DUID,1,"2015/12/17 23:25:00",CATHROCK,6.11,"2015/12/17 23:20:04"
D,METER_DATA,GEN_DUID,1,"2015/12/17 23:25:00",CHALLHWF,4.20,"2015/12/17 23:20:04"
D,METER_DATA,GEN_DUID,1,"2015/12/17 23:25:00",CLOVER,-0.03,"2015/12/17 23:20:04"
D,METER_DATA,GEN_DUID,1,"2015/12/17 23:25:00",CLUNY,16.719301,"2015/12/17 23:20:04"
D,METER_DATA,GEN_DUID,1,"2015/12/17 23:25:00",CNUNDAWF,6.607708,"2015/12/17 23:20:04"
D,METER_DATA,GEN_DUID,1,"2015/12/17 23:25:00",CULLRGWF,0.98,"2015/12/17 23:20:04"
D,METER_DATA,GEN_DUID,1,"2015/12/17 23:25:00",ERGT01,0,"2015/12/17 23:20:04"
D,METER_DATA,GEN_DUID,1,"2015/12/17 23:25:00",GB01,0.226151,"2015/12/17 23:20:04"
D,METER_DATA,GEN_DUID,1,"2015/12/17 23:25:00",GERMCRK,33.799999,"2015/12/17 23:20:04"
D,METER_DATA,GEN_DUID,1,"2015/12/17 23:25:00",INVICTA,0,"2015/12/17 23:20:04"
D,METER_DATA,GEN_DUID,1,"2015/12/17 23:25:00",LKBONNY1,7.234058,"2015/12/17 23:20:04"
D,METER_DATA,GEN_DUID,1,"2015/12/17 23:25:00",MBAHNTH,4.800001,"2015/12/17 23:20:04"
D,METER_DATA,GEN_DUID,1,"2015/12/17 23:25:00",MLWF1,6.6750,"2015/12/17 23:20:04"
D,METER_DATA,GEN_DUID,1,"2015/12/17 23:25:00",MTMILLAR,8.721217,"2015/12/17 23:20:04"
D,METER_DATA,GEN_DUID,1,"2015/12/17 23:25:00",PALOONA,0,"2015/12/17 23:20:04"
D,METER_DATA,GEN_DUID,1,"2015/12/17 23:25:00",PIONEER,0,"2015/12/17 23:20:04"
D,METER_DATA,GEN_DUID,1,"2015/12/17 23:25:00",PORTWF,6.10,"2015/12/17 23:20:04"
D,METER_DATA,GEN_DUID,1,"2015/12/17 23:25:00",REPULSE,26.962824,"2015/12/17 23:20:04"
D,METER_DATA,GEN_DUID,1,"2015/12/17 23:25:00",ROWALLAN,8.8821,"2015/12/17 23:20:04"
D,METER_DATA,GEN_DUID,1,"2015/12/17 23:25:00",RPCG,8.60,"2015/12/17 23:20:04"
D,METER_DATA,GEN_DUID,1,"2015/12/17 23:25:00",RUBICON,0,"2015/12/17 23:20:04"
D,METER_DATA,GEN_DUID,1,"2015/12/17 23:25:00",STARHLWF,3.099096,"2015/12/17 23:20:04"
D,METER_DATA,GEN_DUID,1,"2015/12/17 23:25:00",WAUBRAWF,41.7980,"2015/12/17 23:20:04"
D,METER_DATA,GEN_DUID,1,"2015/12/17 23:25:00",WOOLNTH1,42.810017,"2015/12/17 23:20:04"
D,METER_DATA,GEN_DUID,1,"2015/12/17 23:25:00",WPWF,37,"2015/12/17 23:20:04"
D,METER_DATA,GEN_DUID,1,"2015/12/17 23:25:00",YAMBUKWF,-0.30,"2015/12/17 23:20:04"
D,METER_DATA,GEN_DUID,1,"2015/12/17 23:30:00",ANGAS1,0,"2015/12/17 23:25:04"
D,METER_DATA,GEN_DUID,1,"2015/12/17 23:30:00",ANGAS2,0,"2015/12/17 23:25:04"
D,METER_DATA,GEN_DUID,1,"2015/12/17 23:30:00",BUTLERSG,-0.000002,"2015/12/17 23:25:04"
D,METER_DATA,GEN_DUID,1,"2015/12/17 23:30:00",CALL_A_4,0,"2015/12/17 23:25:04"
D,METER_DATA,GEN_DUID,1,"2015/12/17 23:30:00",CAPTL_WF,0,"2015/12/17 23:25:04"
D,METER_DATA,GEN_DUID,1,"2015/12/17 23:30:00",CATHROCK,3.68,"2015/12/17 23:25:04"
D,METER_DATA,GEN_DUID,1,"2015/12/17 23:30:00",CHALLHWF,4.10,"2015/12/17 23:25:04"
D,METER_DATA,GEN_DUID,1,"2015/12/17 23:30:00",CLOVER,-0.01,"2015/12/17 23:25:04"
D,METER_DATA,GEN_DUID,1,"2015/12/17 23:30:00",CLUNY,16.947941,"2015/12/17 23:25:04"
D,METER_DATA,GEN_DUID,1,"2015/12/17 23:30:00",CNUNDAWF,8.009343,"2015/12/17 23:25:04"
D,METER_DATA,GEN_DUID,1,"2015/12/17 23:30:00",CULLRGWF,0.96,"2015/12/17 23:25:04"
D,METER_DATA,GEN_DUID,1,"2015/12/17 23:30:00",ERGT01,0,"2015/12/17 23:25:04"
D,METER_DATA,GEN_DUID,1,"2015/12/17 23:30:00",GB01,0.226151,"2015/12/17 23:25:04"
D,METER_DATA,GEN_DUID,1,"2015/12/17 23:30:00",GERMCRK,34.599998,"2015/12/17 23:25:04"
D,METER_DATA,GEN_DUID,1,"2015/12/17 23:30:00",INVICTA,0,"2015/12/17 23:25:04"
D,METER_DATA,GEN_DUID,1,"2015/12/17 23:30:00",LKBONNY1,6.787512,"2015/12/17 23:25:04"
D,METER_DATA,GEN_DUID,1,"2015/12/17 23:30:00",MBAHNTH,4.800001,"2015/12/17 23:25:04"
D,METER_DATA,GEN_DUID,1,"2015/12/17 23:30:00",MLWF1,6.42,"2015/12/17 23:25:04"
D,METER_DATA,GEN_DUID,1,"2015/12/17 23:30:00",MTMILLAR,7.374340,"2015/12/17 23:25:04"
D,METER_DATA,GEN_DUID,1,"2015/12/17 23:30:00",PALOONA,0,"2015/12/17 23:25:04"
D,METER_DATA,GEN_DUID,1,"2015/12/17 23:30:00",PIONEER,0,"2015/12/17 23:25:04"
D,METER_DATA,GEN_DUID,1,"2015/12/17 23:30:00",PORTWF,5.70,"2015/12/17 23:25:04"
D,METER_DATA,GEN_DUID,1,"2015/12/17 23:30:00",REPULSE,27.401089,"2015/12/17 23:25:04"
D,METER_DATA,GEN_DUID,1,"2015/12/17 23:30:00",ROWALLAN,9.1519,"2015/12/17 23:25:04"
D,METER_DATA,GEN_DUID,1,"2015/12/17 23:30:00",RPCG,8.60,"2015/12/17 23:25:04"
D,METER_DATA,GEN_DUID,1,"2015/12/17 23:30:00",RUBICON,0,"2015/12/17 23:25:04"
D,METER_DATA,GEN_DUID,1,"2015/12/17 23:30:00",STARHLWF,3.698921,"2015/12/17 23:25:04"
D,METER_DATA,GEN_DUID,1,"2015/12/17 23:30:00",WAUBRAWF,43.855999,"2015/12/17 23:25:04"
D,METER_DATA,GEN_DUID,1,"2015/12/17 23:30:00",WOOLNTH1,44.830017,"2015/12/17 23:25:04"
D,METER_DATA,GEN_DUID,1,"2015/12/17 23:30:00",WPWF,32,"2015/12/17 23:25:04"
D,METER_DATA,GEN_DUID,1,"2015/12/17 23:30:00",YAMBUKWF,-0.30,"2015/12/17 23:25:04"
D,METER_DATA,GEN_DUID,1,"2015/12/17 23:35:00",ANGAS1,0,"2015/12/17 23:30:04"
D,METER_DATA,GEN_DUID,1,"2015/12/17 23:35:00",ANGAS2,0,"2015/12/17 23:30:04"
D,METER_DATA,GEN_DUID,1,"2015/12/17 23:35:00",BUTLERSG,-0.000002,"2015/12/17 23:30:04"
D,METER_DATA,GEN_DUID,1,"2015/12/17 23:35:00",CALL_A_4,0,"2015/12/17 23:30:04"
D,METER_DATA,GEN_DUID,1,"2015/12/17 23:35:00",CAPTL_WF,0,"2015/12/17 23:30:04"
D,METER_DATA,GEN_DUID,1,"2015/12/17 23:35:00",CATHROCK,4.88,"2015/12/17 23:30:04"
D,METER_DATA,GEN_DUID,1,"2015/12/17 23:35:00",CHALLHWF,4.50,"2015/12/17 23:30:04"
D,METER_DATA,GEN_DUID,1,"2015/12/17 23:35:00",CLOVER,-0.01,"2015/12/17 23:30:04"
D,METER_DATA,GEN_DUID,1,"2015/12/17 23:35:00",CLUNY,16.690720,"2015/12/17 23:30:04"
D,METER_DATA,GEN_DUID,1,"2015/12/17 23:35:00",CNUNDAWF,7.208409,"2015/12/17 23:30:04"
D,METER_DATA,GEN_DUID,1,"2015/12/17 23:35:00",CULLRGWF,0.97,"2015/12/17 23:30:04"
D,METER_DATA,GEN_DUID,1,"2015/12/17 23:35:00",ERGT01,0,"2015/12/17 23:30:04"
D,METER_DATA,GEN_DUID,1,"2015/12/17 23:35:00",GB01,0.226151,"2015/12/17 23:30:04"
D,METER_DATA,GEN_DUID,1,"2015/12/17 23:35:00",GERMCRK,35.50,"2015/12/17 23:30:04"
D,METER_DATA,GEN_DUID,1,"2015/12/17 23:35:00",INVICTA,0,"2015/12/17 23:30:04"
D,METER_DATA,GEN_DUID,1,"2015/12/17 23:35:00",LKBONNY1,4.912015,"2015/12/17 23:30:04"
D,METER_DATA,GEN_DUID,1,"2015/12/17 23:35:00",MBAHNTH,4.800001,"2015/12/17 23:30:04"
D,METER_DATA,GEN_DUID,1,"2015/12/17 23:35:00",MLWF1,6.24,"2015/12/17 23:30:04"
D,METER_DATA,GEN_DUID,1,"2015/12/17 23:35:00",MTMILLAR,6.838565,"2015/12/17 23:30:04"
D,METER_DATA,GEN_DUID,1,"2015/12/17 23:35:00",PALOONA,0,"2015/12/17 23:30:04"
D,METER_DATA,GEN_DUID,1,"2015/12/17 23:35:00",PIONEER,0,"2015/12/17 23:30:04"
D,METER_DATA,GEN_DUID,1,"2015/12/17 23:35:00",PORTWF,6,"2015/12/17 23:30:04"
D,METER_DATA,GEN_DUID,1,"2015/12/17 23:35:00",REPULSE,26.924715,"2015/12/17 23:30:04"
D,METER_DATA,GEN_DUID,1,"2015/12/17 23:35:00",ROWALLAN,9.0170,"2015/12/17 23:30:04"
D,METER_DATA,GEN_DUID,1,"2015/12/17 23:35:00",RPCG,8.60,"2015/12/17 23:30:04"
D,METER_DATA,GEN_DUID,1,"2015/12/17 23:35:00",RUBICON,0,"2015/12/17 23:30:04"
D,METER_DATA,GEN_DUID,1,"2015/12/17 23:35:00",STARHLWF,4.098805,"2015/12/17 23:30:04"
D,METER_DATA,GEN_DUID,1,"2015/12/17 23:35:00",WAUBRAWF,45.5140,"2015/12/17 23:30:04"
D,METER_DATA,GEN_DUID,1,"2015/12/17 23:35:00",WOOLNTH1,48.530014,"2015/12/17 23:30:04"
D,METER_DATA,GEN_DUID,1,"2015/12/17 23:35:00",WPWF,29,"2015/12/17 23:30:04"
D,METER_DATA,GEN_DUID,1,"2015/12/17 23:35:00",YAMBUKWF,-0.30,"2015/12/17 23:30:04"
D,METER_DATA,GEN_DUID,1,"2015/12/17 23:40:00",ANGAS1,0,"2015/12/17 23:35:04"
D,METER_DATA,GEN_DUID,1,"2015/12/17 23:40:00",ANGAS2,0,"2015/12/17 23:35:04"
D,METER_DATA,GEN_DUID,1,"2015/12/17 23:40:00",BUTLERSG,-0.000002,"2015/12/17 23:35:04"
D,METER_DATA,GEN_DUID,1,"2015/12/17 23:40:00",CALL_A_4,0,"2015/12/17 23:35:04"
D,METER_DATA,GEN_DUID,1,"2015/12/17 23:40:00",CAPTL_WF,0,"2015/12/17 23:35:04"
D,METER_DATA,GEN_DUID,1,"2015/12/17 23:40:00",CATHROCK,4.45,"2015/12/17 23:35:04"
D,METER_DATA,GEN_DUID,1,"2015/12/17 23:40:00",CHALLHWF,4.60,"2015/12/17 23:35:04"
D,METER_DATA,GEN_DUID,1,"2015/12/17 23:40:00",CLOVER,-0.02,"2015/12/17 23:35:04"
D,METER_DATA,GEN_DUID,1,"2015/12/17 23:40:00",CLUNY,16.919361,"2015/12/17 23:35:04"
D,METER_DATA,GEN_DUID,1,"2015/12/17 23:40:00",CNUNDAWF,5.306190,"2015/12/17 23:35:04"
D,METER_DATA,GEN_DUID,1,"2015/12/17 23:40:00",CULLRGWF,0.96,"2015/12/17 23:35:04"
D,METER_DATA,GEN_DUID,1,"2015/12/17 23:40:00",ERGT01,0,"2015/12/17 23:35:04"
D,METER_DATA,GEN_DUID,1,"2015/12/17 23:40:00",GB01,0.223892,"2015/12/17 23:35:04"
D,METER_DATA,GEN_DUID,1,"2015/12/17 23:40:00",GERMCRK,35.200001,"2015/12/17 23:35:04"
D,METER_DATA,GEN_DUID,1,"2015/12/17 23:40:00",INVICTA,0,"2015/12/17 23:35:04"
D,METER_DATA,GEN_DUID,1,"2015/12/17 23:40:00",LKBONNY1,4.108231,"2015/12/17 23:35:04"
D,METER_DATA,GEN_DUID,1,"2015/12/17 23:40:00",MBAHNTH,4.800001,"2015/12/17 23:35:04"
D,METER_DATA,GEN_DUID,1,"2015/12/17 23:40:00",MLWF1,6.7350,"2015/12/17 23:35:04"
D,METER_DATA,GEN_DUID,1,"2015/12/17 23:40:00",MTMILLAR,6.652533,"2015/12/17 23:35:04"
D,METER_DATA,GEN_DUID,1,"2015/12/17 23:40:00",PALOONA,0,"2015/12/17 23:35:04"
D,METER_DATA,GEN_DUID,1,"2015/12/17 23:40:00",PIONEER,0,"2015/12/17 23:35:04"
D,METER_DATA,GEN_DUID,1,"2015/12/17 23:40:00",PORTWF,5.90,"2015/12/17 23:35:04"
D,METER_DATA,GEN_DUID,1,"2015/12/17 23:40:00",REPULSE,27.553530,"2015/12/17 23:35:04"
D,METER_DATA,GEN_DUID,1,"2015/12/17 23:40:00",ROWALLAN,9.0454,"2015/12/17 23:35:04"
D,METER_DATA,GEN_DUID,1,"2015/12/17 23:40:00",RPCG,8.60,"2015/12/17 23:35:04"
D,METER_DATA,GEN_DUID,1,"2015/12/17 23:40:00",RUBICON,0,"2015/12/17 23:35:04"
D,METER_DATA,GEN_DUID,1,"2015/12/17 23:40:00",STARHLWF,4.898571,"2015/12/17 23:35:04"
D,METER_DATA,GEN_DUID,1,"2015/12/17 23:40:00",WAUBRAWF,46.564999,"2015/12/17 23:35:04"
D,METER_DATA,GEN_DUID,1,"2015/12/17 23:40:00",WOOLNTH1,52.600014,"2015/12/17 23:35:04"
D,METER_DATA,GEN_DUID,1,"2015/12/17 23:40:00",WPWF,29,"2015/12/17 23:35:04"
D,METER_DATA,GEN_DUID,1,"2015/12/17 23:40:00",YAMBUKWF,-0.20,"2015/12/17 23:35:04"
D,METER_DATA,GEN_DUID,1,"2015/12/17 23:45:00",ANGAS1,0,"2015/12/17 23:40:04"
D,METER_DATA,GEN_DUID,1,"2015/12/17 23:45:00",ANGAS2,0,"2015/12/17 23:40:04"
D,METER_DATA,GEN_DUID,1,"2015/12/17 23:45:00",BUTLERSG,-0.000002,"2015/12/17 23:40:04"
D,METER_DATA,GEN_DUID,1,"2015/12/17 23:45:00",CALL_A_4,0,"2015/12/17 23:40:04"
D,METER_DATA,GEN_DUID,1,"2015/12/17 23:45:00",CAPTL_WF,0,"2015/12/17 23:40:04"
D,METER_DATA,GEN_DUID,1,"2015/12/17 23:45:00",CATHROCK,4.73,"2015/12/17 23:40:04"
D,METER_DATA,GEN_DUID,1,"2015/12/17 23:45:00",CHALLHWF,4.20,"2015/12/17 23:40:04"
D,METER_DATA,GEN_DUID,1,"2015/12/17 23:45:00",CLOVER,-0.01,"2015/12/17 23:40:04"
D,METER_DATA,GEN_DUID,1,"2015/12/17 23:45:00",CLUNY,16.033381,"2015/12/17 23:40:04"
D,METER_DATA,GEN_DUID,1,"2015/12/17 23:45:00",CNUNDAWF,4.104788,"2015/12/17 23:40:04"
D,METER_DATA,GEN_DUID,1,"2015/12/17 23:45:00",CULLRGWF,0.75,"2015/12/17 23:40:04"
D,METER_DATA,GEN_DUID,1,"2015/12/17 23:45:00",ERGT01,0,"2015/12/17 23:40:04"
D,METER_DATA,GEN_DUID,1,"2015/12/17 23:45:00",GB01,0.223892,"2015/12/17 23:40:04"
D,METER_DATA,GEN_DUID,1,"2015/12/17 23:45:00",GERMCRK,35.799999,"2015/12/17 23:40:04"
D,METER_DATA,GEN_DUID,1,"2015/12/17 23:45:00",INVICTA,0,"2015/12/17 23:40:04"
D,METER_DATA,GEN_DUID,1,"2015/12/17 23:45:00",LKBONNY1,3.750993,"2015/12/17 23:40:04"
D,METER_DATA,GEN_DUID,1,"2015/12/17 23:45:00",MBAHNTH,4.800001,"2015/12/17 23:40:04"
D,METER_DATA,GEN_DUID,1,"2015/12/17 23:45:00",MLWF1,6.3150,"2015/12/17 23:40:04"
D,METER_DATA,GEN_DUID,1,"2015/12/17 23:45:00",MTMILLAR,6.421852,"2015/12/17 23:40:04"
D,METER_DATA,GEN_DUID,1,"2015/12/17 23:45:00",PALOONA,0,"2015/12/17 23:40:04"
D,METER_DATA,GEN_DUID,1,"2015/12/17 23:45:00",PIONEER,0,"2015/12/17 23:40:04"
D,METER_DATA,GEN_DUID,1,"2015/12/17 23:45:00",PORTWF,5.60,"2015/12/17 23:40:04"
D,METER_DATA,GEN_DUID,1,"2015/12/17 23:45:00",REPULSE,25.648029,"2015/12/17 23:40:04"
D,METER_DATA,GEN_DUID,1,"2015/12/17 23:45:00",ROWALLAN,8.7046,"2015/12/17 23:40:04"
D,METER_DATA,GEN_DUID,1,"2015/12/17 23:45:00",RPCG,8.60,"2015/12/17 23:40:04"
D,METER_DATA,GEN_DUID,1,"2015/12/17 23:45:00",RUBICON,0,"2015/12/17 23:40:04"
D,METER_DATA,GEN_DUID,1,"2015/12/17 23:45:00",STARHLWF,4.898571,"2015/12/17 23:40:04"
D,METER_DATA,GEN_DUID,1,"2015/12/17 23:45:00",WAUBRAWF,48.5910,"2015/12/17 23:40:04"
D,METER_DATA,GEN_DUID,1,"2015/12/17 23:45:00",WOOLNTH1,55.670017,"2015/12/17 23:40:04"
D,METER_DATA,GEN_DUID,1,"2015/12/17 23:45:00",WPWF,27,"2015/12/17 23:40:04"
D,METER_DATA,GEN_DUID,1,"2015/12/17 23:45:00",YAMBUKWF,-0.30,"2015/12/17 23:40:04"
D,METER_DATA,GEN_DUID,1,"2015/12/17 23:50:00",ANGAS1,0,"2015/12/17 23:45:05"
D,METER_DATA,GEN_DUID,1,"2015/12/17 23:50:00",ANGAS2,0,"2015/12/17 23:45:05"
D,METER_DATA,GEN_DUID,1,"2015/12/17 23:50:00",BUTLERSG,-0.000002,"2015/12/17 23:45:05"
D,METER_DATA,GEN_DUID,1,"2015/12/17 23:50:00",CALL_A_4,0,"2015/12/17 23:45:05"
D,METER_DATA,GEN_DUID,1,"2015/12/17 23:50:00",CAPTL_WF,0,"2015/12/17 23:45:05"
D,METER_DATA,GEN_DUID,1,"2015/12/17 23:50:00",CATHROCK,3.79,"2015/12/17 23:45:05"
D,METER_DATA,GEN_DUID,1,"2015/12/17 23:50:00",CHALLHWF,3.50,"2015/12/17 23:45:05"
D,METER_DATA,GEN_DUID,1,"2015/12/17 23:50:00",CLOVER,-0.01,"2015/12/17 23:45:05"
D,METER_DATA,GEN_DUID,1,"2015/12/17 23:50:00",CLUNY,16.547821,"2015/12/17 23:45:05"
D,METER_DATA,GEN_DUID,1,"2015/12/17 23:50:00",CNUNDAWF,3.303854,"2015/12/17 23:45:05"
D,METER_DATA,GEN_DUID,1,"2015/12/17 23:50:00",CULLRGWF,0.76,"2015/12/17 23:45:05"
D,METER_DATA,GEN_DUID,1,"2015/12/17 23:50:00",ERGT01,0,"2015/12/17 23:45:05"
D,METER_DATA,GEN_DUID,1,"2015/12/17 23:50:00",GB01,0.223892,"2015/12/17 23:45:05"
D,METER_DATA,GEN_DUID,1,"2015/12/17 23:50:00",GERMCRK,35.700001,"2015/12/17 23:45:05"
D,METER_DATA,GEN_DUID,1,"2015/12/17 23:50:00",INVICTA,0,"2015/12/17 23:45:05"
D,METER_DATA,GEN_DUID,1,"2015/12/17 23:50:00",LKBONNY1,3.393756,"2015/12/17 23:45:05"
D,METER_DATA,GEN_DUID,1,"2015/12/17 23:50:00",MBAHNTH,4.800001,"2015/12/17 23:45:05"
D,METER_DATA,GEN_DUID,1,"2015/12/17 23:50:00",MLWF1,6.4350,"2015/12/17 23:45:05"
D,METER_DATA,GEN_DUID,1,"2015/12/17 23:50:00",MTMILLAR,6.585561,"2015/12/17 23:45:05"
D,METER_DATA,GEN_DUID,1,"2015/12/17 23:50:00",PALOONA,0,"2015/12/17 23:45:05"
D,METER_DATA,GEN_DUID,1,"2015/12/17 23:50:00",PIONEER,0,"2015/12/17 23:45:05"
D,METER_DATA,GEN_DUID,1,"2015/12/17 23:50:00",PORTWF,5.60,"2015/12/17 23:45:05"
D,METER_DATA,GEN_DUID,1,"2015/12/17 23:50:00",REPULSE,26.562670,"2015/12/17 23:45:05"
D,METER_DATA,GEN_DUID,1,"2015/12/17 23:50:00",ROWALLAN,9.0028,"2015/12/17 23:45:05"
D,METER_DATA,GEN_DUID,1,"2015/12/17 23:50:00",RPCG,8.60,"2015/12/17 23:45:05"
D,METER_DATA,GEN_DUID,1,"2015/12/17 23:50:00",RUBICON,0,"2015/12/17 23:45:05"
D,METER_DATA,GEN_DUID,1,"2015/12/17 23:50:00",STARHLWF,4.898571,"2015/12/17 23:45:05"
D,METER_DATA,GEN_DUID,1,"2015/12/17 23:50:00",WAUBRAWF,53.4730,"2015/12/17 23:45:05"
D,METER_DATA,GEN_DUID,1,"2015/12/17 23:50:00",WOOLNTH1,51.120018,"2015/12/17 23:45:05"
D,METER_DATA,GEN_DUID,1,"2015/12/17 23:50:00",WPWF,24,"2015/12/17 23:45:05"
D,METER_DATA,GEN_DUID,1,"2015/12/17 23:50:00",YAMBUKWF,0,"2015/12/17 23:45:05"
D,METER_DATA,GEN_DUID,1,"2015/12/17 23:55:00",ANGAS1,0,"2015/12/17 23:50:04"
D,METER_DATA,GEN_DUID,1,"2015/12/17 23:55:00",ANGAS2,0,"2015/12/17 23:50:04"
D,METER_DATA,GEN_DUID,1,"2015/12/17 23:55:00",BUTLERSG,-0.000002,"2015/12/17 23:50:04"
D,METER_DATA,GEN_DUID,1,"2015/12/17 23:55:00",CALL_A_4,0,"2015/12/17 23:50:04"
D,METER_DATA,GEN_DUID,1,"2015/12/17 23:55:00",CAPTL_WF,0,"2015/12/17 23:50:04"
D,METER_DATA,GEN_DUID,1,"2015/12/17 23:55:00",CATHROCK,3.57,"2015/12/17 23:50:04"
D,METER_DATA,GEN_DUID,1,"2015/12/17 23:55:00",CHALLHWF,2.20,"2015/12/17 23:50:04"
D,METER_DATA,GEN_DUID,1,"2015/12/17 23:55:00",CLOVER,-0.01,"2015/12/17 23:50:04"
D,METER_DATA,GEN_DUID,1,"2015/12/17 23:55:00",CLUNY,17.505251,"2015/12/17 23:50:04"
D,METER_DATA,GEN_DUID,1,"2015/12/17 23:55:00",CNUNDAWF,2.903387,"2015/12/17 23:50:04"
D,METER_DATA,GEN_DUID,1,"2015/12/17 23:55:00",CULLRGWF,0.70,"2015/12/17 23:50:04"
D,METER_DATA,GEN_DUID,1,"2015/12/17 23:55:00",ERGT01,0,"2015/12/17 23:50:04"
D,METER_DATA,GEN_DUID,1,"2015/12/17 23:55:00",GB01,0.223892,"2015/12/17 23:50:04"
D,METER_DATA,GEN_DUID,1,"2015/12/17 23:55:00",GERMCRK,33.900002,"2015/12/17 23:50:04"
D,METER_DATA,GEN_DUID,1,"2015/12/17 23:55:00",INVICTA,0,"2015/12/17 23:50:04"
D,METER_DATA,GEN_DUID,1,"2015/12/17 23:55:00",LKBONNY1,3.840303,"2015/12/17 23:50:04"
D,METER_DATA,GEN_DUID,1,"2015/12/17 23:55:00",MBAHNTH,4.800001,"2015/12/17 23:50:04"
D,METER_DATA,GEN_DUID,1,"2015/12/17 23:55:00",MLWF1,7.3350,"2015/12/17 23:50:04"
D,METER_DATA,GEN_DUID,1,"2015/12/17 23:55:00",MTMILLAR,7.605021,"2015/12/17 23:50:04"
D,METER_DATA,GEN_DUID,1,"2015/12/17 23:55:00",PALOONA,0,"2015/12/17 23:50:04"
D,METER_DATA,GEN_DUID,1,"2015/12/17 23:55:00",PIONEER,0,"2015/12/17 23:50:04"
D,METER_DATA,GEN_DUID,1,"2015/12/17 23:55:00",PORTWF,5.40,"2015/12/17 23:50:04"
D,METER_DATA,GEN_DUID,1,"2015/12/17 23:55:00",REPULSE,28.315729,"2015/12/17 23:50:04"
D,METER_DATA,GEN_DUID,1,"2015/12/17 23:55:00",ROWALLAN,9.3862,"2015/12/17 23:50:04"
D,METER_DATA,GEN_DUID,1,"2015/12/17 23:55:00",RPCG,7.60,"2015/12/17 23:50:04"
D,METER_DATA,GEN_DUID,1,"2015/12/17 23:55:00",RUBICON,0,"2015/12/17 23:50:04"
D,METER_DATA,GEN_DUID,1,"2015/12/17 23:55:00",STARHLWF,5.598368,"2015/12/17 23:50:04"
D,METER_DATA,GEN_DUID,1,"2015/12/17 23:55:00",WAUBRAWF,57.133999,"2015/12/17 23:50:04"
D,METER_DATA,GEN_DUID,1,"2015/12/17 23:55:00",WOOLNTH1,49.450016,"2015/12/17 23:50:04"
D,METER_DATA,GEN_DUID,1,"2015/12/17 23:55:00",WPWF,26,"2015/12/17 23:50:04"
D,METER_DATA,GEN_DUID,1,"2015/12/17 23:55:00",YAMBUKWF,0,"2015/12/17 23:50:04"
D,METER_DATA,GEN_DUID,1,"2015/12/18 00:00:00",ANGAS1,0,"2015/12/17 23:55:04"
D,METER_DATA,GEN_DUID,1,"2015/12/18 00:00:00",ANGAS2,0,"2015/12/17 23:55:04"
D,METER_DATA,GEN_DUID,1,"2015/12/18 00:00:00",BUTLERSG,-0.000002,"2015/12/17 23:55:04"
D,METER_DATA,GEN_DUID,1,"2015/12/18 00:00:00",CALL_A_4,0,"2015/12/17 23:55:04"
D,METER_DATA,GEN_DUID,1,"2015/12/18 00:00:00",CAPTL_WF,0,"2015/12/17 23:55:04"
D,METER_DATA,GEN_DUID,1,"2015/12/18 00:00:00",CATHROCK,3.14,"2015/12/17 23:55:04"
D,METER_DATA,GEN_DUID,1,"2015/12/18 00:00:00",CHALLHWF,1.70,"2015/12/17 23:55:04"
D,METER_DATA,GEN_DUID,1,"2015/12/18 00:00:00",CLOVER,-0.01,"2015/12/17 23:55:04"
D,METER_DATA,GEN_DUID,1,"2015/12/18 00:00:00",CLUNY,16.890779,"2015/12/17 23:55:04"
D,METER_DATA,GEN_DUID,1,"2015/12/18 00:00:00",CNUNDAWF,3.303854,"2015/12/17 23:55:04"
D,METER_DATA,GEN_DUID,1,"2015/12/18 00:00:00",CULLRGWF,0.85,"2015/12/17 23:55:04"
D,METER_DATA,GEN_DUID,1,"2015/12/18 00:00:00",ERGT01,0,"2015/12/17 23:55:04"
D,METER_DATA,GEN_DUID,1,"2015/12/18 00:00:00",GB01,0.223892,"2015/12/17 23:55:04"
D,METER_DATA,GEN_DUID,1,"2015/12/18 00:00:00",GERMCRK,34.200001,"2015/12/17 23:55:04"
D,METER_DATA,GEN_DUID,1,"2015/12/18 00:00:00",INVICTA,0,"2015/12/17 23:55:04"
D,METER_DATA,GEN_DUID,1,"2015/12/18 00:00:00",LKBONNY1,5.537180,"2015/12/17 23:55:04"
D,METER_DATA,GEN_DUID,1,"2015/12/18 00:00:00",MBAHNTH,4.800001,"2015/12/17 23:55:04"
D,METER_DATA,GEN_DUID,1,"2015/12/18 00:00:00",MLWF1,7.86,"2015/12/17 23:55:04"
D,METER_DATA,GEN_DUID,1,"2015/12/18 00:00:00",MTMILLAR,9.495113,"2015/12/17 23:55:04"
D,METER_DATA,GEN_DUID,1,"2015/12/18 00:00:00",PALOONA,0,"2015/12/17 23:55:04"
D,METER_DATA,GEN_DUID,1,"2015/12/18 00:00:00",PIONEER,0,"2015/12/17 23:55:04"
D,METER_DATA,GEN_DUID,1,"2015/12/18 00:00:00",PORTWF,6,"2015/12/17 23:55:04"
D,METER_DATA,GEN_DUID,1,"2015/12/18 00:00:00",REPULSE,27.382034,"2015/12/17 23:55:04"
D,METER_DATA,GEN_DUID,1,"2015/12/18 00:00:00",ROWALLAN,9.1235,"2015/12/17 23:55:04"
D,METER_DATA,GEN_DUID,1,"2015/12/18 00:00:00",RPCG,8.60,"2015/12/17 23:55:04"
D,METER_DATA,GEN_DUID,1,"2015/12/18 00:00:00",RUBICON,0,"2015/12/17 23:55:04"
D,METER_DATA,GEN_DUID,1,"2015/12/18 00:00:00",STARHLWF,6.498105,"2015/12/17 23:55:04"
D,METER_DATA,GEN_DUID,1,"2015/12/18 00:00:00",WAUBRAWF,58.851002,"2015/12/17 23:55:04"
D,METER_DATA,GEN_DUID,1,"2015/12/18 00:00:00",WOOLNTH1,48.180016,"2015/12/17 23:55:04"
D,METER_DATA,GEN_DUID,1,"2015/12/18 00:00:00",WPWF,26,"2015/12/17 23:55:04"
D,METER_DATA,GEN_DUID,1,"2015/12/18 00:00:00",YAMBUKWF,0,"2015/12/17 23:55:04"
D,METER_DATA,GEN_DUID,1,"2015/12/18 00:05:00",ANGAS1,0,"2015/12/18 00:00:04"
D,METER_DATA,GEN_DUID,1,"2015/12/18 00:05:00",ANGAS2,0,"2015/12/18 00:00:04"
D,METER_DATA,GEN_DUID,1,"2015/12/18 00:05:00",BUTLERSG,-0.000002,"2015/12/18 00:00:04"
D,METER_DATA,GEN_DUID,1,"2015/12/18 00:05:00",CALL_A_4,0,"2015/12/18 00:00:04"
D,METER_DATA,GEN_DUID,1,"2015/12/18 00:05:00",CAPTL_WF,0,"2015/12/18 00:00:04"
D,METER_DATA,GEN_DUID,1,"2015/12/18 00:05:00",CATHROCK,5.71,"2015/12/18 00:00:04"
D,METER_DATA,GEN_DUID,1,"2015/12/18 00:05:00",CHALLHWF,1.20,"2015/12/18 00:00:04"
D,METER_DATA,GEN_DUID,1,"2015/12/18 00:05:00",CLOVER,-0.01,"2015/12/18 00:00:04"
D,METER_DATA,GEN_DUID,1,"2015/12/18 00:05:00",CLUNY,17.233740,"2015/12/18 00:00:04"
D,METER_DATA,GEN_DUID,1,"2015/12/18 00:05:00",CNUNDAWF,4.505256,"2015/12/18 00:00:04"
D,METER_DATA,GEN_DUID,1,"2015/12/18 00:05:00",CULLRGWF,0.61,"2015/12/18 00:00:04"
D,METER_DATA,GEN_DUID,1,"2015/12/18 00:05:00",ERGT01,0,"2015/12/18 00:00:04"
D,METER_DATA,GEN_DUID,1,"2015/12/18 00:05:00",GB01,0.223892,"2015/12/18 00:00:04"
D,METER_DATA,GEN_DUID,1,"2015/12/18 00:05:00",GERMCRK,33.599998,"2015/12/18 00:00:04"
D,METER_DATA,GEN_DUID,1,"2015/12/18 00:05:00",INVICTA,0,"2015/12/18 00:00:04"
D,METER_DATA,GEN_DUID,1,"2015/12/18 00:05:00",LKBONNY1,6.430274,"2015/12/18 00:00:04"
D,METER_DATA,GEN_DUID,1,"2015/12/18 00:05:00",MBAHNTH,4.800001,"2015/12/18 00:00:04"
D,METER_DATA,GEN_DUID,1,"2015/12/18 00:05:00",MLWF1,7.86,"2015/12/18 00:00:04"
D,METER_DATA,GEN_DUID,1,"2015/12/18 00:05:00",MTMILLAR,7.910114,"2015/12/18 00:00:04"
D,METER_DATA,GEN_DUID,1,"2015/12/18 00:05:00",PALOONA,0,"2015/12/18 00:00:04"
D,METER_DATA,GEN_DUID,1,"2015/12/18 00:05:00",PIONEER,0,"2015/12/18 00:00:04"
D,METER_DATA,GEN_DUID,1,"2015/12/18 00:05:00",PORTWF,6.90,"2015/12/18 00:00:04"
D,METER_DATA,GEN_DUID,1,"2015/12/18 00:05:00",REPULSE,27.896519,"2015/12/18 00:00:04"
D,METER_DATA,GEN_DUID,1,"2015/12/18 00:05:00",ROWALLAN,9.1519,"2015/12/18 00:00:04"
D,METER_DATA,GEN_DUID,1,"2015/12/18 00:05:00",RPCG,8.60,"2015/12/18 00:00:04"
D,METER_DATA,GEN_DUID,1,"2015/12/18 00:05:00",RUBICON,0,"2015/12/18 00:00:04"
D,METER_DATA,GEN_DUID,1,"2015/12/18 00:05:00",STARHLWF,7.697755,"2015/12/18 00:00:04"
D,METER_DATA,GEN_DUID,1,"2015/12/18 00:05:00",WAUBRAWF,57.459999,"2015/12/18 00:00:04"
D,METER_DATA,GEN_DUID,1,"2015/12/18 00:05:00",WOOLNTH1,43.370018,"2015/12/18 00:00:04"
D,METER_DATA,GEN_DUID,1,"2015/12/18 00:05:00",WPWF,22,"2015/12/18 00:00:04"
D,METER_DATA,GEN_DUID,1,"2015/12/18 00:05:00",YAMBUKWF,0.10,"2015/12/18 00:00:04"
D,METER_DATA,GEN_DUID,1,"2015/12/18 00:10:00",ANGAS1,0,"2015/12/18 00:05:04"
D,METER_DATA,GEN_DUID,1,"2015/12/18 00:10:00",ANGAS2,0,"2015/12/18 00:05:04"
D,METER_DATA,GEN_DUID,1,"2015/12/18 00:10:00",BUTLERSG,-0.000002,"2015/12/18 00:05:04"
D,METER_DATA,GEN_DUID,1,"2015/12/18 00:10:00",CALL_A_4,0,"2015/12/18 00:05:04"
D,METER_DATA,GEN_DUID,1,"2015/12/18 00:10:00",CAPTL_WF,0,"2015/12/18 00:05:04"
D,METER_DATA,GEN_DUID,1,"2015/12/18 00:10:00",CATHROCK,5.19,"2015/12/18 00:05:04"
D,METER_DATA,GEN_DUID,1,"2015/12/18 00:10:00",CHALLHWF,0.30,"2015/12/18 00:05:04"
D,METER_DATA,GEN_DUID,1,"2015/12/18 00:10:00",CLOVER,-0.01,"2015/12/18 00:05:04"
D,METER_DATA,GEN_DUID,1,"2015/12/18 00:10:00",CLUNY,17.333771,"2015/12/18 00:05:04"
D,METER_DATA,GEN_DUID,1,"2015/12/18 00:10:00",CNUNDAWF,5.206073,"2015/12/18 00:05:04"
D,METER_DATA,GEN_DUID,1,"2015/12/18 00:10:00",CULLRGWF,0.63,"2015/12/18 00:05:04"
D,METER_DATA,GEN_DUID,1,"2015/12/18 00:10:00",ERGT01,0,"2015/12/18 00:05:04"
D,METER_DATA,GEN_DUID,1,"2015/12/18 00:10:00",GB01,0.223892,"2015/12/18 00:05:04"
D,METER_DATA,GEN_DUID,1,"2015/12/18 00:10:00",GERMCRK,33.50,"2015/12/18 00:05:04"
D,METER_DATA,GEN_DUID,1,"2015/12/18 00:10:00",INVICTA,0,"2015/12/18 00:05:04"
D,METER_DATA,GEN_DUID,1,"2015/12/18 00:10:00",LKBONNY1,7.055439,"2015/12/18 00:05:04"
D,METER_DATA,GEN_DUID,1,"2015/12/18 00:10:00",MBAHNTH,4.800001,"2015/12/18 00:05:04"
D,METER_DATA,GEN_DUID,1,"2015/12/18 00:10:00",MLWF1,7.86,"2015/12/18 00:05:04"
D,METER_DATA,GEN_DUID,1,"2015/12/18 00:10:00",MTMILLAR,7.686875,"2015/12/18 00:05:04"
D,METER_DATA,GEN_DUID,1,"2015/12/18 00:10:00",PALOONA,0,"2015/12/18 00:05:04"
D,METER_DATA,GEN_DUID,1,"2015/12/18 00:10:00",PIONEER,0,"2015/12/18 00:05:04"
D,METER_DATA,GEN_DUID,1,"2015/12/18 00:10:00",PORTWF,5.10,"2015/12/18 00:05:04"
D,METER_DATA,GEN_DUID,1,"2015/12/18 00:10:00",REPULSE,28.106125,"2015/12/18 00:05:04"
D,METER_DATA,GEN_DUID,1,"2015/12/18 00:10:00",ROWALLAN,9.1874,"2015/12/18 00:05:04"
D,METER_DATA,GEN_DUID,1,"2015/12/18 00:10:00",RPCG,8.60,"2015/12/18 00:05:04"
D,METER_DATA,GEN_DUID,1,"2015/12/18 00:10:00",RUBICON,0,"2015/12/18 00:05:04"
D,METER_DATA,GEN_DUID,1,"2015/12/18 00:10:00",STARHLWF,7.697755,"2015/12/18 00:05:04"
D,METER_DATA,GEN_DUID,1,"2015/12/18 00:10:00",WAUBRAWF,59.6950,"2015/12/18 00:05:04"
D,METER_DATA,GEN_DUID,1,"2015/12/18 00:10:00",WOOLNTH1,38.630016,"2015/12/18 00:05:04"
D,METER_DATA,GEN_DUID,1,"2015/12/18 00:10:00",WPWF,25,"2015/12/18 00:05:04"
D,METER_DATA,GEN_DUID,1,"2015/12/18 00:10:00",YAMBUKWF,0.10,"2015/12/18 00:05:04"
D,METER_DATA,GEN_DUID,1,"2015/12/18 00:15:00",ANGAS1,0,"2015/12/18 00:10:04"
D,METER_DATA,GEN_DUID,1,"2015/12/18 00:15:00",ANGAS2,0,"2015/12/18 00:10:04"
D,METER_DATA,GEN_DUID,1,"2015/12/18 00:15:00",BUTLERSG,-0.000002,"2015/12/18 00:10:04"
D,METER_DATA,GEN_DUID,1,"2015/12/18 00:15:00",CALL_A_4,0,"2015/12/18 00:10:04"
D,METER_DATA,GEN_DUID,1,"2015/12/18 00:15:00",CAPTL_WF,0,"2015/12/18 00:10:04"
D,METER_DATA,GEN_DUID,1,"2015/12/18 00:15:00",CATHROCK,4.73,"2015/12/18 00:10:04"
D,METER_DATA,GEN_DUID,1,"2015/12/18 00:15:00",CHALLHWF,0.20,"2015/12/18 00:10:04"
D,METER_DATA,GEN_DUID,1,"2015/12/18 00:15:00",CLOVER,-0.01,"2015/12/18 00:10:04"
D,METER_DATA,GEN_DUID,1,"2015/12/18 00:15:00",CLUNY,17.233740,"2015/12/18 00:10:04"
D,METER_DATA,GEN_DUID,1,"2015/12/18 00:15:00",CNUNDAWF,5.906891,"2015/12/18 00:10:04"
D,METER_DATA,GEN_DUID,1,"2015/12/18 00:15:00",CULLRGWF,0.53,"2015/12/18 00:10:04"
D,METER_DATA,GEN_DUID,1,"2015/12/18 00:15:00",ERGT01,0,"2015/12/18 00:10:04"
D,METER_DATA,GEN_DUID,1,"2015/12/18 00:15:00",GB01,0.223892,"2015/12/18 00:10:04"
D,METER_DATA,GEN_DUID,1,"2015/12/18 00:15:00",GERMCRK,34.599998,"2015/12/18 00:10:04"
D,METER_DATA,GEN_DUID,1,"2015/12/18 00:15:00",INVICTA,0,"2015/12/18 00:10:04"
D,METER_DATA,GEN_DUID,1,"2015/12/18 00:15:00",LKBONNY1,6.519584,"2015/12/18 00:10:04"
D,METER_DATA,GEN_DUID,1,"2015/12/18 00:15:00",MBAHNTH,4.800001,"2015/12/18 00:10:04"
D,METER_DATA,GEN_DUID,1,"2015/12/18 00:15:00",MLWF1,7.86,"2015/12/18 00:10:04"
D,METER_DATA,GEN_DUID,1,"2015/12/18 00:15:00",MTMILLAR,7.738964,"2015/12/18 00:10:04"
D,METER_DATA,GEN_DUID,1,"2015/12/18 00:15:00",PALOONA,0,"2015/12/18 00:10:04"
D,METER_DATA,GEN_DUID,1,"2015/12/18 00:15:00",PIONEER,0,"2015/12/18 00:10:04"
D,METER_DATA,GEN_DUID,1,"2015/12/18 00:15:00",PORTWF,5,"2015/12/18 00:10:04"
D,METER_DATA,GEN_DUID,1,"2015/12/18 00:15:00",REPULSE,27.991795,"2015/12/18 00:10:04"
D,METER_DATA,GEN_DUID,1,"2015/12/18 00:15:00",ROWALLAN,9.1448,"2015/12/18 00:10:04"
D,METER_DATA,GEN_DUID,1,"2015/12/18 00:15:00",RPCG,8.60,"2015/12/18 00:10:04"
D,METER_DATA,GEN_DUID,1,"2015/12/18 00:15:00",RUBICON,0,"2015/12/18 00:10:04"
D,METER_DATA,GEN_DUID,1,"2015/12/18 00:15:00",STARHLWF,7.597785,"2015/12/18 00:10:04"
D,METER_DATA,GEN_DUID,1,"2015/12/18 00:15:00",WAUBRAWF,62.7370,"2015/12/18 00:10:04"
D,METER_DATA,GEN_DUID,1,"2015/12/18 00:15:00",WOOLNTH1,39.770020,"2015/12/18 00:10:04"
D,METER_DATA,GEN_DUID,1,"2015/12/18 00:15:00",WPWF,26,"2015/12/18 00:10:04"
D,METER_DATA,GEN_DUID,1,"2015/12/18 00:15:00",YAMBUKWF,0.30,"2015/12/18 00:10:04"
D,METER_DATA,GEN_DUID,1,"2015/12/18 00:20:00",ANGAS1,0,"2015/12/18 00:15:05"
D,METER_DATA,GEN_DUID,1,"2015/12/18 00:20:00",ANGAS2,0,"2015/12/18 00:15:05"
D,METER_DATA,GEN_DUID,1,"2015/12/18 00:20:00",BUTLERSG,-0.000002,"2015/12/18 00:15:05"
D,METER_DATA,GEN_DUID,1,"2015/12/18 00:20:00",CALL_A_4,0,"2015/12/18 00:15:05"
D,METER_DATA,GEN_DUID,1,"2015/12/18 00:20:00",CAPTL_WF,0,"2015/12/18 00:15:05"
D,METER_DATA,GEN_DUID,1,"2015/12/18 00:20:00",CATHROCK,3.08,"2015/12/18 00:15:05"
D,METER_DATA,GEN_DUID,1,"2015/12/18 00:20:00",CHALLHWF,0.30,"2015/12/18 00:15:05"
D,METER_DATA,GEN_DUID,1,"2015/12/18 00:20:00",CLOVER,-0.02,"2015/12/18 00:15:05"
D,METER_DATA,GEN_DUID,1,"2015/12/18 00:20:00",CLUNY,17.0051,"2015/12/18 00:15:05"
D,METER_DATA,GEN_DUID,1,"2015/12/18 00:20:00",CNUNDAWF,4.305022,"2015/12/18 00:15:05"
D,METER_DATA,GEN_DUID,1,"2015/12/18 00:20:00",CULLRGWF,0.55,"2015/12/18 00:15:05"
D,METER_DATA,GEN_DUID,1,"2015/12/18 00:20:00",ERGT01,0,"2015/12/18 00:15:05"
D,METER_DATA,GEN_DUID,1,"2015/12/18 00:20:00",GB01,0.223892,"2015/12/18 00:15:05"
D,METER_DATA,GEN_DUID,1,"2015/12/18 00:20:00",GERMCRK,34.299999,"2015/12/18 00:15:05"
D,METER_DATA,GEN_DUID,1,"2015/12/18 00:20:00",INVICTA,0,"2015/12/18 00:15:05"
D,METER_DATA,GEN_DUID,1,"2015/12/18 00:20:00",LKBONNY1,5.983727,"2015/12/18 00:15:05"
D,METER_DATA,GEN_DUID,1,"2015/12/18 00:20:00",MBAHNTH,4.800001,"2015/12/18 00:15:05"
D,METER_DATA,GEN_DUID,1,"2015/12/18 00:20:00",MTMILLAR,7.463635,"2015/12/18 00:15:05"
D,METER_DATA,GEN_DUID,1,"2015/12/18 00:20:00",PALOONA,0,"2015/12/18 00:15:05"
D,METER_DATA,GEN_DUID,1,"2015/12/18 00:20:00",PIONEER,0,"2015/12/18 00:15:05"
D,METER_DATA,GEN_DUID,1,"2015/12/18 00:20:00",PORTWF,6.60,"2015/12/18 00:15:05"
D,METER_DATA,GEN_DUID,1,"2015/12/18 00:20:00",REPULSE,27.610695,"2015/12/18 00:15:05"
D,METER_DATA,GEN_DUID,1,"2015/12/18 00:20:00",ROWALLAN,9.038301,"2015/12/18 00:15:05"
D,METER_DATA,GEN_DUID,1,"2015/12/18 00:20:00",RPCG,8.60,"2015/12/18 00:15:05"
D,METER_DATA,GEN_DUID,1,"2015/12/18 00:20:00",RUBICON,0,"2015/12/18 00:15:05"
D,METER_DATA,GEN_DUID,1,"2015/12/18 00:20:00",STARHLWF,7.597785,"2015/12/18 00:15:05"
D,METER_DATA,GEN_DUID,1,"2015/12/18 00:20:00",WAUBRAWF,62.650002,"2015/12/18 00:15:05"
D,METER_DATA,GEN_DUID,1,"2015/12/18 00:20:00",WOOLNTH1,38.460014,"2015/12/18 00:15:05"
D,METER_DATA,GEN_DUID,1,"2015/12/18 00:20:00",WPWF,26,"2015/12/18 00:15:05"
D,METER_DATA,GEN_DUID,1,"2015/12/18 00:20:00",YAMBUKWF,0.10,"2015/12/18 00:15:05"
D,METER_DATA,GEN_DUID,1,"2015/12/18 00:25:00",ANGAS1,0,"2015/12/18 00:20:04"
D,METER_DATA,GEN_DUID,1,"2015/12/18 00:25:00",ANGAS2,0,"2015/12/18 00:20:04"
D,METER_DATA,GEN_DUID,1,"2015/12/18 00:25:00",BUTLERSG,-0.000002,"2015/12/18 00:20:04"
D,METER_DATA,GEN_DUID,1,"2015/12/18 00:25:00",CALL_A_4,0,"2015/12/18 00:20:04"
D,METER_DATA,GEN_DUID,1,"2015/12/18 00:25:00",CAPTL_WF,0,"2015/12/18 00:20:04"
D,METER_DATA,GEN_DUID,1,"2015/12/18 00:25:00",CATHROCK,4.72,"2015/12/18 00:20:04"
D,METER_DATA,GEN_DUID,1,"2015/12/18 00:25:00",CHALLHWF,1.10,"2015/12/18 00:20:04"
D,METER_DATA,GEN_DUID,1,"2015/12/18 00:25:00",CLOVER,-0.01,"2015/12/18 00:20:04"
D,METER_DATA,GEN_DUID,1,"2015/12/18 00:25:00",CLUNY,17.5767,"2015/12/18 00:20:04"
D,METER_DATA,GEN_DUID,1,"2015/12/18 00:25:00",CNUNDAWF,4.505256,"2015/12/18 00:20:04"
D,METER_DATA,GEN_DUID,1,"2015/12/18 00:25:00",CULLRGWF,0.38,"2015/12/18 00:20:04"
D,METER_DATA,GEN_DUID,1,"2015/12/18 00:25:00",ERGT01,0,"2015/12/18 00:20:04"
D,METER_DATA,GEN_DUID,1,"2015/12/18 00:25:00",GB01,0.194687,"2015/12/18 00:20:04"
D,METER_DATA,GEN_DUID,1,"2015/12/18 00:25:00",GERMCRK,34.50,"2015/12/18 00:20:04"
D,METER_DATA,GEN_DUID,1,"2015/12/18 00:25:00",INVICTA,0,"2015/12/18 00:20:04"
D,METER_DATA,GEN_DUID,1,"2015/12/18 00:25:00",LKBONNY1,6.787512,"2015/12/18 00:20:04"
D,METER_DATA,GEN_DUID,1,"2015/12/18 00:25:00",MBAHNTH,4.800001,"2015/12/18 00:20:04"
D,METER_DATA,GEN_DUID,1,"2015/12/18 00:25:00",MTMILLAR,7.560372,"2015/12/18 00:20:04"
D,METER_DATA,GEN_DUID,1,"2015/12/18 00:25:00",PALOONA,0,"2015/12/18 00:20:04"
D,METER_DATA,GEN_DUID,1,"2015/12/18 00:25:00",PIONEER,0,"2015/12/18 00:20:04"
D,METER_DATA,GEN_DUID,1,"2015/12/18 00:25:00",PORTWF,6,"2015/12/18 00:20:04"
D,METER_DATA,GEN_DUID,1,"2015/12/18 00:25:00",REPULSE,28.201399,"2015/12/18 00:20:04"
D,METER_DATA,GEN_DUID,1,"2015/12/18 00:25:00",ROWALLAN,9.1945,"2015/12/18 00:20:04"
D,METER_DATA,GEN_DUID,1,"2015/12/18 00:25:00",RPCG,8.60,"2015/12/18 00:20:04"
D,METER_DATA,GEN_DUID,1,"2015/12/18 00:25:00",RUBICON,0,"2015/12/18 00:20:04"
D,METER_DATA,GEN_DUID,1,"2015/12/18 00:25:00",STARHLWF,7.597785,"2015/12/18 00:20:04"
D,METER_DATA,GEN_DUID,1,"2015/12/18 00:25:00",WAUBRAWF,61.259998,"2015/12/18 00:20:04"
D,METER_DATA,GEN_DUID,1,"2015/12/18 00:25:00",WOOLNTH1,34.560017,"2015/12/18 00:20:04"
D,METER_DATA,GEN_DUID,1,"2015/12/18 00:25:00",WPWF,28,"2015/12/18 00:20:04"
D,METER_DATA,GEN_DUID,1,"2015/12/18 00:25:00",YAMBUKWF,0.90,"2015/12/18 00:20:04"
D,METER_DATA,GEN_DUID,1,"2015/12/18 00:30:00",ANGAS1,0,"2015/12/18 00:25:04"
D,METER_DATA,GEN_DUID,1,"2015/12/18 00:30:00",ANGAS2,0,"2015/12/18 00:25:04"
D,METER_DATA,GEN_DUID,1,"2015/12/18 00:30:00",BUTLERSG,-0.000002,"2015/12/18 00:25:04"
D,METER_DATA,GEN_DUID,1,"2015/12/18 00:30:00",CALL_A_4,0,"2015/12/18 00:25:04"
D,METER_DATA,GEN_DUID,1,"2015/12/18 00:30:00",CAPTL_WF,0,"2015/12/18 00:25:04"
D,METER_DATA,GEN_DUID,1,"2015/12/18 00:30:00",CATHROCK,11.289999,"2015/12/18 00:25:04"
D,METER_DATA,GEN_DUID,1,"2015/12/18 00:30:00",CHALLHWF,1.70,"2015/12/18 00:25:04"
D,METER_DATA,GEN_DUID,1,"2015/12/18 00:30:00",CLOVER,-0.01,"2015/12/18 00:25:04"
D,METER_DATA,GEN_DUID,1,"2015/12/18 00:30:00",CLUNY,16.947941,"2015/12/18 00:25:04"
D,METER_DATA,GEN_DUID,1,"2015/12/18 00:30:00",CNUNDAWF,5.306190,"2015/12/18 00:25:04"
D,METER_DATA,GEN_DUID,1,"2015/12/18 00:30:00",CULLRGWF,0.14,"2015/12/18 00:25:04"
D,METER_DATA,GEN_DUID,1,"2015/12/18 00:30:00",ERGT01,0,"2015/12/18 00:25:04"
D,METER_DATA,GEN_DUID,1,"2015/12/18 00:30:00",GB01,0.194687,"2015/12/18 00:25:04"
D,METER_DATA,GEN_DUID,1,"2015/12/18 00:30:00",GERMCRK,35.400002,"2015/12/18 00:25:04"
D,METER_DATA,GEN_DUID,1,"2015/12/18 00:30:00",INVICTA,0,"2015/12/18 00:25:04"
D,METER_DATA,GEN_DUID,1,"2015/12/18 00:30:00",LKBONNY1,9.913340,"2015/12/18 00:25:04"
D,METER_DATA,GEN_DUID,1,"2015/12/18 00:30:00",MBAHNTH,4.800001,"2015/12/18 00:25:04"
D,METER_DATA,GEN_DUID,1,"2015/12/18 00:30:00",MTMILLAR,6.146523,"2015/12/18 00:25:04"
D,METER_DATA,GEN_DUID,1,"2015/12/18 00:30:00",PALOONA,0,"2015/12/18 00:25:04"
D,METER_DATA,GEN_DUID,1,"2015/12/18 00:30:00",PIONEER,0,"2015/12/18 00:25:04"
D,METER_DATA,GEN_DUID,1,"2015/12/18 00:30:00",PORTWF,5.10,"2015/12/18 00:25:04"
D,METER_DATA,GEN_DUID,1,"2015/12/18 00:30:00",REPULSE,27.267704,"2015/12/18 00:25:04"
D,METER_DATA,GEN_DUID,1,"2015/12/18 00:30:00",ROWALLAN,8.9957,"2015/12/18 00:25:04"
D,METER_DATA,GEN_DUID,1,"2015/12/18 00:30:00",RPCG,8.60,"2015/12/18 00:25:04"
D,METER_DATA,GEN_DUID,1,"2015/12/18 00:30:00",RUBICON,0,"2015/12/18 00:25:04"
D,METER_DATA,GEN_DUID,1,"2015/12/18 00:30:00",STARHLWF,7.997668,"2015/12/18 00:25:04"
D,METER_DATA,GEN_DUID,1,"2015/12/18 00:30:00",WAUBRAWF,60.037998,"2015/12/18 00:25:04"
D,METER_DATA,GEN_DUID,1,"2015/12/18 00:30:00",WOOLNTH1,35.070015,"2015/12/18 00:25:04"
D,METER_DATA,GEN_DUID,1,"2015/12/18 00:30:00",WPWF,24,"2015/12/18 00:25:04"
D,METER_DATA,GEN_DUID,1,"2015/12/18 00:30:00",YAMBUKWF,0,"2015/12/18 00:25:04"
D,METER_DATA,GEN_DUID,1,"2015/12/18 00:35:00",ANGAS1,0,"2015/12/18 00:30:04"
D,METER_DATA,GEN_DUID,1,"2015/12/18 00:35:00",ANGAS2,0,"2015/12/18 00:30:04"
D,METER_DATA,GEN_DUID,1,"2015/12/18 00:35:00",BUTLERSG,-0.000002,"2015/12/18 00:30:04"
D,METER_DATA,GEN_DUID,1,"2015/12/18 00:35:00",CALL_A_4,0,"2015/12/18 00:30:04"
D,METER_DATA,GEN_DUID,1,"2015/12/18 00:35:00",CAPTL_WF,0,"2015/12/18 00:30:04"
D,METER_DATA,GEN_DUID,1,"2015/12/18 00:35:00",CATHROCK,11.19,"2015/12/18 00:30:04"
D,METER_DATA,GEN_DUID,1,"2015/12/18 00:35:00",CHALLHWF,2.60,"2015/12/18 00:30:04"
D,METER_DATA,GEN_DUID,1,"2015/12/18 00:35:00",CLOVER,-0.01,"2015/12/18 00:30:04"
D,METER_DATA,GEN_DUID,1,"2015/12/18 00:35:00",CLUNY,17.248030,"2015/12/18 00:30:04"
D,METER_DATA,GEN_DUID,1,"2015/12/18 00:35:00",CNUNDAWF,6.507591,"2015/12/18 00:30:04"
D,METER_DATA,GEN_DUID,1,"2015/12/18 00:35:00",CULLRGWF,0,"2015/12/18 00:30:04"
D,METER_DATA,GEN_DUID,1,"2015/12/18 00:35:00",ERGT01,0,"2015/12/18 00:30:04"
D,METER_DATA,GEN_DUID,1,"2015/12/18 00:35:00",GB01,0.194687,"2015/12/18 00:30:04"
D,METER_DATA,GEN_DUID,1,"2015/12/18 00:35:00",GERMCRK,35.599998,"2015/12/18 00:30:04"
D,METER_DATA,GEN_DUID,1,"2015/12/18 00:35:00",INVICTA,0,"2015/12/18 00:30:04"
D,METER_DATA,GEN_DUID,1,"2015/12/18 00:35:00",LKBONNY1,10.717124,"2015/12/18 00:30:04"
D,METER_DATA,GEN_DUID,1,"2015/12/18 00:35:00",MBAHNTH,4.800001,"2015/12/18 00:30:04"
D,METER_DATA,GEN_DUID,1,"2015/12/18 00:35:00",MTMILLAR,4.762439,"2015/12/18 00:30:04"
D,METER_DATA,GEN_DUID,1,"2015/12/18 00:35:00",PALOONA,0,"2015/12/18 00:30:04"
D,METER_DATA,GEN_DUID,1,"2015/12/18 00:35:00",PIONEER,0,"2015/12/18 00:30:04"
D,METER_DATA,GEN_DUID,1,"2015/12/18 00:35:00",PORTWF,3.90,"2015/12/18 00:30:04"
D,METER_DATA,GEN_DUID,1,"2015/12/18 00:35:00",REPULSE,27.915575,"2015/12/18 00:30:04"
D,METER_DATA,GEN_DUID,1,"2015/12/18 00:35:00",ROWALLAN,9.0880,"2015/12/18 00:30:04"
D,METER_DATA,GEN_DUID,1,"2015/12/18 00:35:00",RPCG,8.60,"2015/12/18 00:30:04"
D,METER_DATA,GEN_DUID,1,"2015/12/18 00:35:00",RUBICON,0,"2015/12/18 00:30:04"
D,METER_DATA,GEN_DUID,1,"2015/12/18 00:35:00",STARHLWF,8.297581,"2015/12/18 00:30:04"
D,METER_DATA,GEN_DUID,1,"2015/12/18 00:35:00",WAUBRAWF,64.205002,"2015/12/18 00:30:04"
D,METER_DATA,GEN_DUID,1,"2015/12/18 00:35:00",WOOLNTH1,35.810017,"2015/12/18 00:30:04"
D,METER_DATA,GEN_DUID,1,"2015/12/18 00:35:00",WPWF,25,"2015/12/18 00:30:04"
D,METER_DATA,GEN_DUID,1,"2015/12/18 00:35:00",YAMBUKWF,-0.20,"2015/12/18 00:30:04"
D,METER_DATA,GEN_DUID,1,"2015/12/18 00:40:00",ANGAS1,0,"2015/12/18 00:35:05"
D,METER_DATA,GEN_DUID,1,"2015/12/18 00:40:00",ANGAS2,0,"2015/12/18 00:35:05"
D,METER_DATA,GEN_DUID,1,"2015/12/18 00:40:00",BUTLERSG,-0.000002,"2015/12/18 00:35:05"
D,METER_DATA,GEN_DUID,1,"2015/12/18 00:40:00",CALL_A_4,0,"2015/12/18 00:35:05"
D,METER_DATA,GEN_DUID,1,"2015/12/18 00:40:00",CAPTL_WF,0,"2015/12/18 00:35:05"
D,METER_DATA,GEN_DUID,1,"2015/12/18 00:40:00",CATHROCK,8.54,"2015/12/18 00:35:05"
D,METER_DATA,GEN_DUID,1,"2015/12/18 00:40:00",CHALLHWF,3.90,"2015/12/18 00:35:05"
D,METER_DATA,GEN_DUID,1,"2015/12/18 00:40:00",CLOVER,-0.01,"2015/12/18 00:35:05"
D,METER_DATA,GEN_DUID,1,"2015/12/18 00:40:00",CLUNY,17.791050,"2015/12/18 00:35:05"
D,METER_DATA,GEN_DUID,1,"2015/12/18 00:40:00",CNUNDAWF,5.806774,"2015/12/18 00:35:05"
D,METER_DATA,GEN_DUID,1,"2015/12/18 00:40:00",CULLRGWF,0,"2015/12/18 00:35:05"
D,METER_DATA,GEN_DUID,1,"2015/12/18 00:40:00",ERGT01,0,"2015/12/18 00:35:05"
D,METER_DATA,GEN_DUID,1,"2015/12/18 00:40:00",GB01,0.194687,"2015/12/18 00:35:05"
D,METER_DATA,GEN_DUID,1,"2015/12/18 00:40:00",GERMCRK,35.599998,"2015/12/18 00:35:05"
D,METER_DATA,GEN_DUID,1,"2015/12/18 00:40:00",INVICTA,0,"2015/12/18 00:35:05"
D,METER_DATA,GEN_DUID,1,"2015/12/18 00:40:00",LKBONNY1,10.091958,"2015/12/18 00:35:05"
D,METER_DATA,GEN_DUID,1,"2015/12/18 00:40:00",MBAHNTH,4.800001,"2015/12/18 00:35:05"
D,METER_DATA,GEN_DUID,1,"2015/12/18 00:40:00",MTMILLAR,4.107604,"2015/12/18 00:35:05"
D,METER_DATA,GEN_DUID,1,"2015/12/18 00:40:00",PALOONA,0,"2015/12/18 00:35:05"
D,METER_DATA,GEN_DUID,1,"2015/12/18 00:40:00",PIONEER,0,"2015/12/18 00:35:05"
D,METER_DATA,GEN_DUID,1,"2015/12/18 00:40:00",PORTWF,3.90,"2015/12/18 00:35:05"
D,METER_DATA,GEN_DUID,1,"2015/12/18 00:40:00",REPULSE,28.468170,"2015/12/18 00:35:05"
D,METER_DATA,GEN_DUID,1,"2015/12/18 00:40:00",ROWALLAN,9.2868,"2015/12/18 00:35:05"
D,METER_DATA,GEN_DUID,1,"2015/12/18 00:40:00",RPCG,9.80,"2015/12/18 00:35:05"
D,METER_DATA,GEN_DUID,1,"2015/12/18 00:40:00",RUBICON,0,"2015/12/18 00:35:05"
D,METER_DATA,GEN_DUID,1,"2015/12/18 00:40:00",STARHLWF,7.497814,"2015/12/18 00:35:05"
D,METER_DATA,GEN_DUID,1,"2015/12/18 00:40:00",WAUBRAWF,66.582001,"2015/12/18 00:35:05"
D,METER_DATA,GEN_DUID,1,"2015/12/18 00:40:00",WOOLNTH1,33.180016,"2015/12/18 00:35:05"
D,METER_DATA,GEN_DUID,1,"2015/12/18 00:40:00",WPWF,29,"2015/12/18 00:35:05"
D,METER_DATA,GEN_DUID,1,"2015/12/18 00:40:00",YAMBUKWF,0,"2015/12/18 00:35:05"
D,METER_DATA,GEN_DUID,1,"2015/12/18 00:45:00",ANGAS1,0,"2015/12/18 00:40:04"
D,METER_DATA,GEN_DUID,1,"2015/12/18 00:45:00",ANGAS2,0,"2015/12/18 00:40:04"
D,METER_DATA,GEN_DUID,1,"2015/12/18 00:45:00",BUTLERSG,-0.000002,"2015/12/18 00:40:04"
D,METER_DATA,GEN_DUID,1,"2015/12/18 00:45:00",CALL_A_4,0,"2015/12/18 00:40:04"
D,METER_DATA,GEN_DUID,1,"2015/12/18 00:45:00",CAPTL_WF,0,"2015/12/18 00:40:04"
D,METER_DATA,GEN_DUID,1,"2015/12/18 00:45:00",CATHROCK,8.70,"2015/12/18 00:40:04"
D,METER_DATA,GEN_DUID,1,"2015/12/18 00:45:00",CHALLHWF,4.90,"2015/12/18 00:40:04"
D,METER_DATA,GEN_DUID,1,"2015/12/18 00:45:00",CLOVER,-0.01,"2015/12/18 00:40:04"
D,METER_DATA,GEN_DUID,1,"2015/12/18 00:45:00",CLUNY,16.604980,"2015/12/18 00:40:04"
D,METER_DATA,GEN_DUID,1,"2015/12/18 00:45:00",CNUNDAWF,5.806774,"2015/12/18 00:40:04"
D,METER_DATA,GEN_DUID,1,"2015/12/18 00:45:00",CULLRGWF,0,"2015/12/18 00:40:04"
D,METER_DATA,GEN_DUID,1,"2015/12/18 00:45:00",ERGT01,0,"2015/12/18 00:40:04"
D,METER_DATA,GEN_DUID,1,"2015/12/18 00:45:00",GB01,0.194687,"2015/12/18 00:40:04"
D,METER_DATA,GEN_DUID,1,"2015/12/18 00:45:00",GERMCRK,35.700001,"2015/12/18 00:40:04"
D,METER_DATA,GEN_DUID,1,"2015/12/18 00:45:00",INVICTA,0,"2015/12/18 00:40:04"
D,METER_DATA,GEN_DUID,1,"2015/12/18 00:45:00",LKBONNY1,9.556102,"2015/12/18 00:40:04"
D,METER_DATA,GEN_DUID,1,"2015/12/18 00:45:00",MBAHNTH,4.800001,"2015/12/18 00:40:04"
D,METER_DATA,GEN_DUID,1,"2015/12/18 00:45:00",MTMILLAR,3.445327,"2015/12/18 00:40:04"
D,METER_DATA,GEN_DUID,1,"2015/12/18 00:45:00",PALOONA,0,"2015/12/18 00:40:04"
D,METER_DATA,GEN_DUID,1,"2015/12/18 00:45:00",PIONEER,0,"2015/12/18 00:40:04"
D,METER_DATA,GEN_DUID,1,"2015/12/18 00:45:00",PORTWF,4.20,"2015/12/18 00:40:04"
D,METER_DATA,GEN_DUID,1,"2015/12/18 00:45:00",REPULSE,26.734165,"2015/12/18 00:40:04"
D,METER_DATA,GEN_DUID,1,"2015/12/18 00:45:00",ROWALLAN,8.8679,"2015/12/18 00:40:04"
D,METER_DATA,GEN_DUID,1,"2015/12/18 00:45:00",RPCG,8.70,"2015/12/18 00:40:04"
D,METER_DATA,GEN_DUID,1,"2015/12/18 00:45:00",RUBICON,0,"2015/12/18 00:40:04"
D,METER_DATA,GEN_DUID,1,"2015/12/18 00:45:00",STARHLWF,6.598076,"2015/12/18 00:40:04"
D,METER_DATA,GEN_DUID,1,"2015/12/18 00:45:00",WAUBRAWF,70.413002,"2015/12/18 00:40:04"
D,METER_DATA,GEN_DUID,1,"2015/12/18 00:45:00",WOOLNTH1,30.520016,"2015/12/18 00:40:04"
D,METER_DATA,GEN_DUID,1,"2015/12/18 00:45:00",WPWF,32,"2015/12/18 00:40:04"
D,METER_DATA,GEN_DUID,1,"2015/12/18 00:45:00",YAMBUKWF,-0.20,"2015/12/18 00:40:04"
D,METER_DATA,GEN_DUID,1,"2015/12/18 00:50:00",ANGAS1,0,"2015/12/18 00:45:04"
D,METER_DATA,GEN_DUID,1,"2015/12/18 00:50:00",ANGAS2,0,"2015/12/18 00:45:04"
D,METER_DATA,GEN_DUID,1,"2015/12/18 00:50:00",BUTLERSG,-0.000002,"2015/12/18 00:45:04"
D,METER_DATA,GEN_DUID,1,"2015/12/18 00:50:00",CALL_A_4,0,"2015/12/18 00:45:04"
D,METER_DATA,GEN_DUID,1,"2015/12/18 00:50:00",CAPTL_WF,0,"2015/12/18 00:45:04"
D,METER_DATA,GEN_DUID,1,"2015/12/18 00:50:00",CATHROCK,9.379999,"2015/12/18 00:45:04"
D,METER_DATA,GEN_DUID,1,"2015/12/18 00:50:00",CHALLHWF,5.50,"2015/12/18 00:45:04"
D,METER_DATA,GEN_DUID,1,"2015/12/18 00:50:00",CLOVER,-0.01,"2015/12/18 00:45:04"
D,METER_DATA,GEN_DUID,1,"2015/12/18 00:50:00",CLUNY,17.4338,"2015/12/18 00:45:04"
D,METER_DATA,GEN_DUID,1,"2015/12/18 00:50:00",CNUNDAWF,5.306190,"2015/12/18 00:45:04"
D,METER_DATA,GEN_DUID,1,"2015/12/18 00:50:00",CULLRGWF,0,"2015/12/18 00:45:04"
D,METER_DATA,GEN_DUID,1,"2015/12/18 00:50:00",ERGT01,0,"2015/12/18 00:45:04"
D,METER_DATA,GEN_DUID,1,"2015/12/18 00:50:00",GB01,0.194687,"2015/12/18 00:45:04"
D,METER_DATA,GEN_DUID,1,"2015/12/18 00:50:00",GERMCRK,35.599998,"2015/12/18 00:45:04"
D,METER_DATA,GEN_DUID,1,"2015/12/18 00:50:00",INVICTA,0,"2015/12/18 00:45:04"
D,METER_DATA,GEN_DUID,1,"2015/12/18 00:50:00",LKBONNY1,10.359886,"2015/12/18 00:45:04"
D,METER_DATA,GEN_DUID,1,"2015/12/18 00:50:00",MBAHNTH,4.800001,"2015/12/18 00:45:04"
D,METER_DATA,GEN_DUID,1,"2015/12/18 00:50:00",MTMILLAR,3.013731,"2015/12/18 00:45:04"
D,METER_DATA,GEN_DUID,1,"2015/12/18 00:50:00",PALOONA,0,"2015/12/18 00:45:04"
D,METER_DATA,GEN_DUID,1,"2015/12/18 00:50:00",PIONEER,0,"2015/12/18 00:45:04"
D,METER_DATA,GEN_DUID,1,"2015/12/18 00:50:00",PORTWF,3.90,"2015/12/18 00:45:04"
D,METER_DATA,GEN_DUID,1,"2015/12/18 00:50:00",REPULSE,28.220455,"2015/12/18 00:45:04"
D,METER_DATA,GEN_DUID,1,"2015/12/18 00:50:00",ROWALLAN,9.1306,"2015/12/18 00:45:04"
D,METER_DATA,GEN_DUID,1,"2015/12/18 00:50:00",RPCG,8.70,"2015/12/18 00:45:04"
D,METER_DATA,GEN_DUID,1,"2015/12/18 00:50:00",RUBICON,0,"2015/12/18 00:45:04"
D,METER_DATA,GEN_DUID,1,"2015/12/18 00:50:00",STARHLWF,7.197901,"2015/12/18 00:45:04"
D,METER_DATA,GEN_DUID,1,"2015/12/18 00:50:00",WAUBRAWF,74.524002,"2015/12/18 00:45:04"
D,METER_DATA,GEN_DUID,1,"2015/12/18 00:50:00",WOOLNTH1,28.040016,"2015/12/18 00:45:04"
D,METER_DATA,GEN_DUID,1,"2015/12/18 00:50:00",WPWF,33,"2015/12/18 00:45:04"
D,METER_DATA,GEN_DUID,1,"2015/12/18 00:50:00",YAMBUKWF,-0.20,"2015/12/18 00:45:04"
D,METER_DATA,GEN_DUID,1,"2015/12/18 00:55:00",ANGAS1,0,"2015/12/18 00:50:04"
D,METER_DATA,GEN_DUID,1,"2015/12/18 00:55:00",ANGAS2,0,"2015/12/18 00:50:04"
D,METER_DATA,GEN_DUID,1,"2015/12/18 00:55:00",BUTLERSG,-0.000002,"2015/12/18 00:50:04"
D,METER_DATA,GEN_DUID,1,"2015/12/18 00:55:00",CALL_A_4,0,"2015/12/18 00:50:04"
D,METER_DATA,GEN_DUID,1,"2015/12/18 00:55:00",CAPTL_WF,0,"2015/12/18 00:50:04"
D,METER_DATA,GEN_DUID,1,"2015/12/18 00:55:00",CATHROCK,12.139999,"2015/12/18 00:50:04"
D,METER_DATA,GEN_DUID,1,"2015/12/18 00:55:00",CHALLHWF,5.50,"2015/12/18 00:50:04"
D,METER_DATA,GEN_DUID,1,"2015/12/18 00:55:00",CLOVER,0,"2015/12/18 00:50:04"
D,METER_DATA,GEN_DUID,1,"2015/12/18 00:55:00",CLUNY,16.947941,"2015/12/18 00:50:04"
D,METER_DATA,GEN_DUID,1,"2015/12/18 00:55:00",CNUNDAWF,4.905723,"2015/12/18 00:50:04"
D,METER_DATA,GEN_DUID,1,"2015/12/18 00:55:00",CULLRGWF,0,"2015/12/18 00:50:04"
D,METER_DATA,GEN_DUID,1,"2015/12/18 00:55:00",ERGT01,0,"2015/12/18 00:50:04"
D,METER_DATA,GEN_DUID,1,"2015/12/18 00:55:00",GB01,0.194687,"2015/12/18 00:50:04"
D,METER_DATA,GEN_DUID,1,"2015/12/18 00:55:00",GERMCRK,35.599998,"2015/12/18 00:50:04"
D,METER_DATA,GEN_DUID,1,"2015/12/18 00:55:00",INVICTA,0,"2015/12/18 00:50:04"
D,METER_DATA,GEN_DUID,1,"2015/12/18 00:55:00",LKBONNY1,8.573699,"2015/12/18 00:50:04"
D,METER_DATA,GEN_DUID,1,"2015/12/18 00:55:00",MBAHNTH,4.800001,"2015/12/18 00:50:04"
D,METER_DATA,GEN_DUID,1,"2015/12/18 00:55:00",MTMILLAR,2.916994,"2015/12/18 00:50:04"
D,METER_DATA,GEN_DUID,1,"2015/12/18 00:55:00",PALOONA,0,"2015/12/18 00:50:04"
D,METER_DATA,GEN_DUID,1,"2015/12/18 00:55:00",PIONEER,0,"2015/12/18 00:50:04"
D,METER_DATA,GEN_DUID,1,"2015/12/18 00:55:00",PORTWF,3.30,"2015/12/18 00:50:04"
D,METER_DATA,GEN_DUID,1,"2015/12/18 00:55:00",REPULSE,27.267704,"2015/12/18 00:50:04"
D,METER_DATA,GEN_DUID,1,"2015/12/18 00:55:00",ROWALLAN,8.8679,"2015/12/18 00:50:04"
D,METER_DATA,GEN_DUID,1,"2015/12/18 00:55:00",RPCG,8.70,"2015/12/18 00:50:04"
D,METER_DATA,GEN_DUID,1,"2015/12/18 00:55:00",RUBICON,0,"2015/12/18 00:50:04"
D,METER_DATA,GEN_DUID,1,"2015/12/18 00:55:00",STARHLWF,6.798018,"2015/12/18 00:50:04"
D,METER_DATA,GEN_DUID,1,"2015/12/18 00:55:00",WAUBRAWF,79.197998,"2015/12/18 00:50:04"
D,METER_DATA,GEN_DUID,1,"2015/12/18 00:55:00",WOOLNTH1,28.130016,"2015/12/18 00:50:04"
D,METER_DATA,GEN_DUID,1,"2015/12/18 00:55:00",WPWF,35,"2015/12/18 00:50:04"
D,METER_DATA,GEN_DUID,1,"2015/12/18 00:55:00",YAMBUKWF,-0.10,"2015/12/18 00:50:04"
D,METER_DATA,GEN_DUID,1,"2015/12/18 01:00:00",ANGAS1,0,"2015/12/18 00:55:04"
D,METER_DATA,GEN_DUID,1,"2015/12/18 01:00:00",ANGAS2,0,"2015/12/18 00:55:04"
D,METER_DATA,GEN_DUID,1,"2015/12/18 01:00:00",BUTLERSG,-0.000002,"2015/12/18 00:55:04"
D,METER_DATA,GEN_DUID,1,"2015/12/18 01:00:00",CALL_A_4,0,"2015/12/18 00:55:04"
D,METER_DATA,GEN_DUID,1,"2015/12/18 01:00:00",CAPTL_WF,0,"2015/12/18 00:55:04"
D,METER_DATA,GEN_DUID,1,"2015/12/18 01:00:00",CATHROCK,12.679999,"2015/12/18 00:55:04"
D,METER_DATA,GEN_DUID,1,"2015/12/18 01:00:00",CHALLHWF,5.10,"2015/12/18 00:55:04"
D,METER_DATA,GEN_DUID,1,"2015/12/18 01:00:00",CLOVER,-0.01,"2015/12/18 00:55:04"
D,METER_DATA,GEN_DUID,1,"2015/12/18 01:00:00",CLUNY,17.105131,"2015/12/18 00:55:04"
D,METER_DATA,GEN_DUID,1,"2015/12/18 01:00:00",CNUNDAWF,3.704321,"2015/12/18 00:55:04"
D,METER_DATA,GEN_DUID,1,"2015/12/18 01:00:00",CULLRGWF,0,"2015/12/18 00:55:04"
D,METER_DATA,GEN_DUID,1,"2015/12/18 01:00:00",ERGT01,0,"2015/12/18 00:55:04"
D,METER_DATA,GEN_DUID,1,"2015/12/18 01:00:00",GB01,0.194687,"2015/12/18 00:55:04"
D,METER_DATA,GEN_DUID,1,"2015/12/18 01:00:00",GERMCRK,35.299999,"2015/12/18 00:55:04"
D,METER_DATA,GEN_DUID,1,"2015/12/18 01:00:00",INVICTA,0,"2015/12/18 00:55:04"
D,METER_DATA,GEN_DUID,1,"2015/12/18 01:00:00",LKBONNY1,7.769915,"2015/12/18 00:55:04"
D,METER_DATA,GEN_DUID,1,"2015/12/18 01:00:00",MBAHNTH,4.800001,"2015/12/18 00:55:04"
D,METER_DATA,GEN_DUID,1,"2015/12/18 01:00:00",MTMILLAR,3.348590,"2015/12/18 00:55:04"
D,METER_DATA,GEN_DUID,1,"2015/12/18 01:00:00",PALOONA,0,"2015/12/18 00:55:04"
D,METER_DATA,GEN_DUID,1,"2015/12/18 01:00:00",PIONEER,0,"2015/12/18 00:55:04"
D,METER_DATA,GEN_DUID,1,"2015/12/18 01:00:00",PORTWF,3,"2015/12/18 00:55:04"
D,METER_DATA,GEN_DUID,1,"2015/12/18 01:00:00",REPULSE,27.667860,"2015/12/18 00:55:04"
D,METER_DATA,GEN_DUID,1,"2015/12/18 01:00:00",ROWALLAN,9.0170,"2015/12/18 00:55:04"
D,METER_DATA,GEN_DUID,1,"2015/12/18 01:00:00",RPCG,8.70,"2015/12/18 00:55:04"
D,METER_DATA,GEN_DUID,1,"2015/12/18 01:00:00",RUBICON,0,"2015/12/18 00:55:04"
D,METER_DATA,GEN_DUID,1,"2015/12/18 01:00:00",STARHLWF,5.398426,"2015/12/18 00:55:04"
D,METER_DATA,GEN_DUID,1,"2015/12/18 01:00:00",WAUBRAWF,81.740997,"2015/12/18 00:55:04"
D,METER_DATA,GEN_DUID,1,"2015/12/18 01:00:00",WOOLNTH1,26.550014,"2015/12/18 00:55:04"
D,METER_DATA,GEN_DUID,1,"2015/12/18 01:00:00",WPWF,40,"2015/12/18 00:55:04"
D,METER_DATA,GEN_DUID,1,"2015/12/18 01:00:00",YAMBUKWF,-0.30,"2015/12/18 00:55:04"
D,METER_DATA,GEN_DUID,1,"2015/12/18 01:05:00",ANGAS1,0,"2015/12/18 01:00:05"
D,METER_DATA,GEN_DUID,1,"2015/12/18 01:05:00",ANGAS2,0,"2015/12/18 01:00:05"
D,METER_DATA,GEN_DUID,1,"2015/12/18 01:05:00",BUTLERSG,-0.000002,"2015/12/18 01:00:05"
D,METER_DATA,GEN_DUID,1,"2015/12/18 01:05:00",CALL_A_4,0,"2015/12/18 01:00:05"
D,METER_DATA,GEN_DUID,1,"2015/12/18 01:05:00",CAPTL_WF,0,"2015/12/18 01:00:05"
D,METER_DATA,GEN_DUID,1,"2015/12/18 01:05:00",CATHROCK,8.969999,"2015/12/18 01:00:05"
D,METER_DATA,GEN_DUID,1,"2015/12/18 01:05:00",CHALLHWF,4.20,"2015/12/18 01:00:05"
D,METER_DATA,GEN_DUID,1,"2015/12/18 01:05:00",CLOVER,-0.01,"2015/12/18 01:00:05"
D,METER_DATA,GEN_DUID,1,"2015/12/18 01:05:00",CLUNY,16.705009,"2015/12/18 01:00:05"
D,METER_DATA,GEN_DUID,1,"2015/12/18 01:05:00",CNUNDAWF,3.704321,"2015/12/18 01:00:05"
D,METER_DATA,GEN_DUID,1,"2015/12/18 01:05:00",CULLRGWF,0,"2015/12/18 01:00:05"
D,METER_DATA,GEN_DUID,1,"2015/12/18 01:05:00",ERGT01,0,"2015/12/18 01:00:05"
D,METER_DATA,GEN_DUID,1,"2015/12/18 01:05:00",GB01,0.194687,"2015/12/18 01:00:05"
D,METER_DATA,GEN_DUID,1,"2015/12/18 01:05:00",GERMCRK,35.700001,"2015/12/18 01:00:05"
D,METER_DATA,GEN_DUID,1,"2015/12/18 01:05:00",INVICTA,0,"2015/12/18 01:00:05"
D,METER_DATA,GEN_DUID,1,"2015/12/18 01:05:00",LKBONNY1,7.501987,"2015/12/18 01:00:05"
D,METER_DATA,GEN_DUID,1,"2015/12/18 01:05:00",MBAHNTH,4.800001,"2015/12/18 01:00:05"
D,METER_DATA,GEN_DUID,1,"2015/12/18 01:05:00",MTMILLAR,3.787627,"2015/12/18 01:00:05"
D,METER_DATA,GEN_DUID,1,"2015/12/18 01:05:00",PALOONA,0,"2015/12/18 01:00:05"
D,METER_DATA,GEN_DUID,1,"2015/12/18 01:05:00",PIONEER,0,"2015/12/18 01:00:05"
D,METER_DATA,GEN_DUID,1,"2015/12/18 01:05:00",PORTWF,3.30,"2015/12/18 01:00:05"
D,METER_DATA,GEN_DUID,1,"2015/12/18 01:05:00",REPULSE,27.019989,"2015/12/18 01:00:05"
D,METER_DATA,GEN_DUID,1,"2015/12/18 01:05:00",ROWALLAN,8.8892,"2015/12/18 01:00:05"
D,METER_DATA,GEN_DUID,1,"2015/12/18 01:05:00",RPCG,8.70,"2015/12/18 01:00:05"
D,METER_DATA,GEN_DUID,1,"2015/12/18 01:05:00",RUBICON,0,"2015/12/18 01:00:05"
D,METER_DATA,GEN_DUID,1,"2015/12/18 01:05:00",STARHLWF,4.798601,"2015/12/18 01:00:05"
D,METER_DATA,GEN_DUID,1,"2015/12/18 01:05:00",WAUBRAWF,80.740997,"2015/12/18 01:00:05"
D,METER_DATA,GEN_DUID,1,"2015/12/18 01:05:00",WOOLNTH1,26.500015,"2015/12/18 01:00:05"
D,METER_DATA,GEN_DUID,1,"2015/12/18 01:05:00",WPWF,46,"2015/12/18 01:00:05"
D,METER_DATA,GEN_DUID,1,"2015/12/18 01:05:00",YAMBUKWF,-0.30,"2015/12/18 01:00:05"
D,METER_DATA,GEN_DUID,1,"2015/12/18 01:10:00",ANGAS1,0,"2015/12/18 01:05:05"
D,METER_DATA,GEN_DUID,1,"2015/12/18 01:10:00",ANGAS2,0,"2015/12/18 01:05:05"
D,METER_DATA,GEN_DUID,1,"2015/12/18 01:10:00",BUTLERSG,-0.000002,"2015/12/18 01:05:05"
D,METER_DATA,GEN_DUID,1,"2015/12/18 01:10:00",CALL_A_4,0,"2015/12/18 01:05:05"
D,METER_DATA,GEN_DUID,1,"2015/12/18 01:10:00",CAPTL_WF,0,"2015/12/18 01:05:05"
D,METER_DATA,GEN_DUID,1,"2015/12/18 01:10:00",CATHROCK,10.41,"2015/12/18 01:05:05"
D,METER_DATA,GEN_DUID,1,"2015/12/18 01:10:00",CHALLHWF,2.80,"2015/12/18 01:05:05"
D,METER_DATA,GEN_DUID,1,"2015/12/18 01:10:00",CLOVER,-0.01,"2015/12/18 01:05:05"
D,METER_DATA,GEN_DUID,1,"2015/12/18 01:10:00",CLUNY,17.205160,"2015/12/18 01:05:05"
D,METER_DATA,GEN_DUID,1,"2015/12/18 01:10:00",CNUNDAWF,3.804438,"2015/12/18 01:05:05"
D,METER_DATA,GEN_DUID,1,"2015/12/18 01:10:00",CULLRGWF,0,"2015/12/18 01:05:05"
D,METER_DATA,GEN_DUID,1,"2015/12/18 01:10:00",ERGT01,0,"2015/12/18 01:05:05"
D,METER_DATA,GEN_DUID,1,"2015/12/18 01:10:00",GB01,0.191425,"2015/12/18 01:05:05"
D,METER_DATA,GEN_DUID,1,"2015/12/18 01:10:00",GERMCRK,35.599998,"2015/12/18 01:05:05"
D,METER_DATA,GEN_DUID,1,"2015/12/18 01:10:00",INVICTA,0,"2015/12/18 01:05:05"
D,METER_DATA,GEN_DUID,1,"2015/12/18 01:10:00",LKBONNY1,8.305771,"2015/12/18 01:05:05"
D,METER_DATA,GEN_DUID,1,"2015/12/18 01:10:00",MBAHNTH,4.800001,"2015/12/18 01:05:05"
D,METER_DATA,GEN_DUID,1,"2015/12/18 01:10:00",MTMILLAR,3.862041,"2015/12/18 01:05:05"
D,METER_DATA,GEN_DUID,1,"2015/12/18 01:10:00",PALOONA,0,"2015/12/18 01:05:05"
D,METER_DATA,GEN_DUID,1,"2015/12/18 01:10:00",PIONEER,0,"2015/12/18 01:05:05"
D,METER_DATA,GEN_DUID,1,"2015/12/18 01:10:00",PORTWF,4,"2015/12/18 01:05:05"
D,METER_DATA,GEN_DUID,1,"2015/12/18 01:10:00",REPULSE,27.820299,"2015/12/18 01:05:05"
D,METER_DATA,GEN_DUID,1,"2015/12/18 01:10:00",ROWALLAN,9.1945,"2015/12/18 01:05:05"
D,METER_DATA,GEN_DUID,1,"2015/12/18 01:10:00",RPCG,8.70,"2015/12/18 01:05:05"
D,METER_DATA,GEN_DUID,1,"2015/12/18 01:10:00",RUBICON,0,"2015/12/18 01:05:05"
D,METER_DATA,GEN_DUID,1,"2015/12/18 01:10:00",STARHLWF,4.698630,"2015/12/18 01:05:05"
D,METER_DATA,GEN_DUID,1,"2015/12/18 01:10:00",WAUBRAWF,82.592003,"2015/12/18 01:05:05"
D,METER_DATA,GEN_DUID,1,"2015/12/18 01:10:00",WOOLNTH1,26.090015,"2015/12/18 01:05:05"
D,METER_DATA,GEN_DUID,1,"2015/12/18 01:10:00",WPWF,49,"2015/12/18 01:05:05"
D,METER_DATA,GEN_DUID,1,"2015/12/18 01:10:00",YAMBUKWF,-0.20,"2015/12/18 01:05:05"
D,METER_DATA,GEN_DUID,1,"2015/12/18 01:15:00",ANGAS1,0,"2015/12/18 01:10:04"
D,METER_DATA,GEN_DUID,1,"2015/12/18 01:15:00",ANGAS2,0,"2015/12/18 01:10:04"
D,METER_DATA,GEN_DUID,1,"2015/12/18 01:15:00",BUTLERSG,-0.000002,"2015/12/18 01:10:04"
D,METER_DATA,GEN_DUID,1,"2015/12/18 01:15:00",CALL_A_4,0,"2015/12/18 01:10:04"
D,METER_DATA,GEN_DUID,1,"2015/12/18 01:15:00",CAPTL_WF,0,"2015/12/18 01:10:04"
D,METER_DATA,GEN_DUID,1,"2015/12/18 01:15:00",CATHROCK,9.95,"2015/12/18 01:10:04"
D,METER_DATA,GEN_DUID,1,"2015/12/18 01:15:00",CHALLHWF,2.90,"2015/12/18 01:10:04"
D,METER_DATA,GEN_DUID,1,"2015/12/18 01:15:00",CLOVER,-0.01,"2015/12/18 01:10:04"
D,METER_DATA,GEN_DUID,1,"2015/12/18 01:15:00",CLUNY,11.7178,"2015/12/18 01:10:04"
D,METER_DATA,GEN_DUID,1,"2015/12/18 01:15:00",CNUNDAWF,5.005839,"2015/12/18 01:10:04"
D,METER_DATA,GEN_DUID,1,"2015/12/18 01:15:00",CULLRGWF,0,"2015/12/18 01:10:04"
D,METER_DATA,GEN_DUID,1,"2015/12/18 01:15:00",ERGT01,0,"2015/12/18 01:10:04"
D,METER_DATA,GEN_DUID,1,"2015/12/18 01:15:00",GB01,0.191425,"2015/12/18 01:10:04"
D,METER_DATA,GEN_DUID,1,"2015/12/18 01:15:00",GERMCRK,35.700001,"2015/12/18 01:10:04"
D,METER_DATA,GEN_DUID,1,"2015/12/18 01:15:00",INVICTA,0,"2015/12/18 01:10:04"
D,METER_DATA,GEN_DUID,1,"2015/12/18 01:15:00",LKBONNY1,7.144749,"2015/12/18 01:10:04"
D,METER_DATA,GEN_DUID,1,"2015/12/18 01:15:00",MBAHNTH,4.800001,"2015/12/18 01:10:04"
D,METER_DATA,GEN_DUID,1,"2015/12/18 01:15:00",MTMILLAR,4.412698,"2015/12/18 01:10:04"
D,METER_DATA,GEN_DUID,1,"2015/12/18 01:15:00",PALOONA,0,"2015/12/18 01:10:04"
D,METER_DATA,GEN_DUID,1,"2015/12/18 01:15:00",PIONEER,0,"2015/12/18 01:10:04"
D,METER_DATA,GEN_DUID,1,"2015/12/18 01:15:00",PORTWF,4.60,"2015/12/18 01:10:04"
D,METER_DATA,GEN_DUID,1,"2015/12/18 01:15:00",REPULSE,21.856085,"2015/12/18 01:10:04"
D,METER_DATA,GEN_DUID,1,"2015/12/18 01:15:00",ROWALLAN,9.1448,"2015/12/18 01:10:04"
D,METER_DATA,GEN_DUID,1,"2015/12/18 01:15:00",RPCG,8.60,"2015/12/18 01:10:04"
D,METER_DATA,GEN_DUID,1,"2015/12/18 01:15:00",RUBICON,0,"2015/12/18 01:10:04"
D,METER_DATA,GEN_DUID,1,"2015/12/18 01:15:00",STARHLWF,5.398426,"2015/12/18 01:10:04"
D,METER_DATA,GEN_DUID,1,"2015/12/18 01:15:00",WAUBRAWF,81.852997,"2015/12/18 01:10:04"
D,METER_DATA,GEN_DUID,1,"2015/12/18 01:15:00",WOOLNTH1,27.580017,"2015/12/18 01:10:04"
D,METER_DATA,GEN_DUID,1,"2015/12/18 01:15:00",WPWF,51,"2015/12/18 01:10:04"
D,METER_DATA,GEN_DUID,1,"2015/12/18 01:15:00",YAMBUKWF,-0.20,"2015/12/18 01:10:04"
D,METER_DATA,GEN_DUID,1,"2015/12/18 01:20:00",ANGAS1,0,"2015/12/18 01:15:04"
D,METER_DATA,GEN_DUID,1,"2015/12/18 01:20:00",ANGAS2,0,"2015/12/18 01:15:04"
D,METER_DATA,GEN_DUID,1,"2015/12/18 01:20:00",BUTLERSG,-0.000002,"2015/12/18 01:15:04"
D,METER_DATA,GEN_DUID,1,"2015/12/18 01:20:00",CALL_A_4,0,"2015/12/18 01:15:04"
D,METER_DATA,GEN_DUID,1,"2015/12/18 01:20:00",CAPTL_WF,0,"2015/12/18 01:15:04"
D,METER_DATA,GEN_DUID,1,"2015/12/18 01:20:00",CATHROCK,10.53,"2015/12/18 01:15:04"
D,METER_DATA,GEN_DUID,1,"2015/12/18 01:20:00",CHALLHWF,2.90,"2015/12/18 01:15:04"
D,METER_DATA,GEN_DUID,1,"2015/12/18 01:20:00",CLOVER,-0.01,"2015/12/18 01:15:04"
D,METER_DATA,GEN_DUID,1,"2015/12/18 01:20:00",CLUNY,1.886280,"2015/12/18 01:15:04"
D,METER_DATA,GEN_DUID,1,"2015/12/18 01:20:00",CNUNDAWF,5.306190,"2015/12/18 01:15:04"
D,METER_DATA,GEN_DUID,1,"2015/12/18 01:20:00",CULLRGWF,0,"2015/12/18 01:15:04"
D,METER_DATA,GEN_DUID,1,"2015/12/18 01:20:00",ERGT01,0,"2015/12/18 01:15:04"
D,METER_DATA,GEN_DUID,1,"2015/12/18 01:20:00",GB01,0.191425,"2015/12/18 01:15:04"
D,METER_DATA,GEN_DUID,1,"2015/12/18 01:20:00",GERMCRK,35.799999,"2015/12/18 01:15:04"
D,METER_DATA,GEN_DUID,1,"2015/12/18 01:20:00",INVICTA,0,"2015/12/18 01:15:04"
D,METER_DATA,GEN_DUID,1,"2015/12/18 01:20:00",LKBONNY1,7.591296,"2015/12/18 01:15:04"
D,METER_DATA,GEN_DUID,1,"2015/12/18 01:20:00",MBAHNTH,4.800001,"2015/12/18 01:15:04"
D,METER_DATA,GEN_DUID,1,"2015/12/18 01:20:00",MTMILLAR,4.137369,"2015/12/18 01:15:04"
D,METER_DATA,GEN_DUID,1,"2015/12/18 01:20:00",PALOONA,0,"2015/12/18 01:15:04"
D,METER_DATA,GEN_DUID,1,"2015/12/18 01:20:00",PIONEER,0,"2015/12/18 01:15:04"
D,METER_DATA,GEN_DUID,1,"2015/12/18 01:20:00",PORTWF,5.20,"2015/12/18 01:15:04"
D,METER_DATA,GEN_DUID,1,"2015/12/18 01:20:00",REPULSE,5.945160,"2015/12/18 01:15:04"
D,METER_DATA,GEN_DUID,1,"2015/12/18 01:20:00",ROWALLAN,9.2016,"2015/12/18 01:15:04"
D,METER_DATA,GEN_DUID,1,"2015/12/18 01:20:00",RPCG,9.70,"2015/12/18 01:15:04"
D,METER_DATA,GEN_DUID,1,"2015/12/18 01:20:00",RUBICON,0,"2015/12/18 01:15:04"
D,METER_DATA,GEN_DUID,1,"2015/12/18 01:20:00",STARHLWF,6.198193,"2015/12/18 01:15:04"
D,METER_DATA,GEN_DUID,1,"2015/12/18 01:20:00",WAUBRAWF,83.123001,"2015/12/18 01:15:04"
D,METER_DATA,GEN_DUID,1,"2015/12/18 01:20:00",WOOLNTH1,27.670013,"2015/12/18 01:15:04"
D,METER_DATA,GEN_DUID,1,"2015/12/18 01:20:00",WPWF,48,"2015/12/18 01:15:04"
D,METER_DATA,GEN_DUID,1,"2015/12/18 01:20:00",YAMBUKWF,-0.20,"2015/12/18 01:15:04"
D,METER_DATA,GEN_DUID,1,"2015/12/18 01:25:00",ANGAS1,0,"2015/12/18 01:20:04"
D,METER_DATA,GEN_DUID,1,"2015/12/18 01:25:00",ANGAS2,0,"2015/12/18 01:20:04"
D,METER_DATA,GEN_DUID,1,"2015/12/18 01:25:00",BUTLERSG,-0.000002,"2015/12/18 01:20:04"
D,METER_DATA,GEN_DUID,1,"2015/12/18 01:25:00",CALL_A_4,0,"2015/12/18 01:20:04"
D,METER_DATA,GEN_DUID,1,"2015/12/18 01:25:00",CAPTL_WF,0,"2015/12/18 01:20:04"
D,METER_DATA,GEN_DUID,1,"2015/12/18 01:25:00",CATHROCK,10.879999,"2015/12/18 01:20:04"
D,METER_DATA,GEN_DUID,1,"2015/12/18 01:25:00",CHALLHWF,3.30,"2015/12/18 01:20:04"
D,METER_DATA,GEN_DUID,1,"2015/12/18 01:25:00",CLOVER,-0.01,"2015/12/18 01:20:04"
D,METER_DATA,GEN_DUID,1,"2015/12/18 01:25:00",CLUNY,2.300690,"2015/12/18 01:20:04"
D,METER_DATA,GEN_DUID,1,"2015/12/18 01:25:00",CNUNDAWF,4.605372,"2015/12/18 01:20:04"
D,METER_DATA,GEN_DUID,1,"2015/12/18 01:25:00",CULLRGWF,0,"2015/12/18 01:20:04"
D,METER_DATA,GEN_DUID,1,"2015/12/18 01:25:00",ERGT01,0,"2015/12/18 01:20:04"
D,METER_DATA,GEN_DUID,1,"2015/12/18 01:25:00",GB01,0.191425,"2015/12/18 01:20:04"
D,METER_DATA,GEN_DUID,1,"2015/12/18 01:25:00",GERMCRK,35.599998,"2015/12/18 01:20:04"
D,METER_DATA,GEN_DUID,1,"2015/12/18 01:25:00",INVICTA,0,"2015/12/18 01:20:04"
D,METER_DATA,GEN_DUID,1,"2015/12/18 01:25:00",LKBONNY1,7.412677,"2015/12/18 01:20:04"
D,METER_DATA,GEN_DUID,1,"2015/12/18 01:25:00",MBAHNTH,4.800001,"2015/12/18 01:20:04"
D,METER_DATA,GEN_DUID,1,"2015/12/18 01:25:00",MTMILLAR,4.152252,"2015/12/18 01:20:04"
D,METER_DATA,GEN_DUID,1,"2015/12/18 01:25:00",PALOONA,0,"2015/12/18 01:20:04"
D,METER_DATA,GEN_DUID,1,"2015/12/18 01:25:00",PIONEER,0,"2015/12/18 01:20:04"
D,METER_DATA,GEN_DUID,1,"2015/12/18 01:25:00",PORTWF,6.70,"2015/12/18 01:20:04"
D,METER_DATA,GEN_DUID,1,"2015/12/18 01:25:00",REPULSE,3.277460,"2015/12/18 01:20:04"
D,METER_DATA,GEN_DUID,1,"2015/12/18 01:25:00",ROWALLAN,8.846601,"2015/12/18 01:20:04"
D,METER_DATA,GEN_DUID,1,"2015/12/18 01:25:00",RPCG,7.50,"2015/12/18 01:20:04"
D,METER_DATA,GEN_DUID,1,"2015/12/18 01:25:00",RUBICON,0,"2015/12/18 01:20:04"
D,METER_DATA,GEN_DUID,1,"2015/12/18 01:25:00",STARHLWF,5.198484,"2015/12/18 01:20:04"
D,METER_DATA,GEN_DUID,1,"2015/12/18 01:25:00",WAUBRAWF,83.629997,"2015/12/18 01:20:04"
D,METER_DATA,GEN_DUID,1,"2015/12/18 01:25:00",WOOLNTH1,29.660015,"2015/12/18 01:20:04"
D,METER_DATA,GEN_DUID,1,"2015/12/18 01:25:00",WPWF,49,"2015/12/18 01:20:04"
D,METER_DATA,GEN_DUID,1,"2015/12/18 01:25:00",YAMBUKWF,-0.20,"2015/12/18 01:20:04"
D,METER_DATA,GEN_DUID,1,"2015/12/18 01:30:00",ANGAS1,0,"2015/12/18 01:25:04"
D,METER_DATA,GEN_DUID,1,"2015/12/18 01:30:00",ANGAS2,0,"2015/12/18 01:25:04"
D,METER_DATA,GEN_DUID,1,"2015/12/18 01:30:00",BUTLERSG,-0.000002,"2015/12/18 01:25:04"
D,METER_DATA,GEN_DUID,1,"2015/12/18 01:30:00",CALL_A_4,0,"2015/12/18 01:25:04"
D,METER_DATA,GEN_DUID,1,"2015/12/18 01:30:00",CAPTL_WF,0,"2015/12/18 01:25:04"
D,METER_DATA,GEN_DUID,1,"2015/12/18 01:30:00",CATHROCK,11.73,"2015/12/18 01:25:04"
D,METER_DATA,GEN_DUID,1,"2015/12/18 01:30:00",CHALLHWF,3.20,"2015/12/18 01:25:04"
D,METER_DATA,GEN_DUID,1,"2015/12/18 01:30:00",CLOVER,-0.01,"2015/12/18 01:25:04"
D,METER_DATA,GEN_DUID,1,"2015/12/18 01:30:00",CLUNY,2.486460,"2015/12/18 01:25:04"
D,METER_DATA,GEN_DUID,1,"2015/12/18 01:30:00",CNUNDAWF,4.605372,"2015/12/18 01:25:04"
D,METER_DATA,GEN_DUID,1,"2015/12/18 01:30:00",CULLRGWF,0.15,"2015/12/18 01:25:04"
D,METER_DATA,GEN_DUID,1,"2015/12/18 01:30:00",ERGT01,0,"2015/12/18 01:25:04"
D,METER_DATA,GEN_DUID,1,"2015/12/18 01:30:00",GB01,0.191425,"2015/12/18 01:25:04"
D,METER_DATA,GEN_DUID,1,"2015/12/18 01:30:00",GERMCRK,35.700001,"2015/12/18 01:25:04"
D,METER_DATA,GEN_DUID,1,"2015/12/18 01:30:00",INVICTA,0,"2015/12/18 01:25:04"
D,METER_DATA,GEN_DUID,1,"2015/12/18 01:30:00",LKBONNY1,6.787512,"2015/12/18 01:25:04"
D,METER_DATA,GEN_DUID,1,"2015/12/18 01:30:00",MBAHNTH,4.800001,"2015/12/18 01:25:04"
D,METER_DATA,GEN_DUID,1,"2015/12/18 01:30:00",MTMILLAR,4.048073,"2015/12/18 01:25:04"
D,METER_DATA,GEN_DUID,1,"2015/12/18 01:30:00",PALOONA,0,"2015/12/18 01:25:04"
D,METER_DATA,GEN_DUID,1,"2015/12/18 01:30:00",PIONEER,0,"2015/12/18 01:25:04"
D,METER_DATA,GEN_DUID,1,"2015/12/18 01:30:00",PORTWF,7,"2015/12/18 01:25:04"
D,METER_DATA,GEN_DUID,1,"2015/12/18 01:30:00",REPULSE,4.039660,"2015/12/18 01:25:04"
D,METER_DATA,GEN_DUID,1,"2015/12/18 01:30:00",ROWALLAN,8.9247,"2015/12/18 01:25:04"
D,METER_DATA,GEN_DUID,1,"2015/12/18 01:30:00",RPCG,7.50,"2015/12/18 01:25:04"
D,METER_DATA,GEN_DUID,1,"2015/12/18 01:30:00",RUBICON,0,"2015/12/18 01:25:04"
D,METER_DATA,GEN_DUID,1,"2015/12/18 01:30:00",STARHLWF,4.898571,"2015/12/18 01:25:04"
D,METER_DATA,GEN_DUID,1,"2015/12/18 01:30:00",WAUBRAWF,86.299004,"2015/12/18 01:25:04"
D,METER_DATA,GEN_DUID,1,"2015/12/18 01:30:00",WOOLNTH1,26.650017,"2015/12/18 01:25:04"
D,METER_DATA,GEN_DUID,1,"2015/12/18 01:30:00",WPWF,41,"2015/12/18 01:25:04"
D,METER_DATA,GEN_DUID,1,"2015/12/18 01:30:00",YAMBUKWF,-0.20,"2015/12/18 01:25:04"
D,METER_DATA,GEN_DUID,1,"2015/12/18 01:35:00",ANGAS1,0,"2015/12/18 01:30:05"
D,METER_DATA,GEN_DUID,1,"2015/12/18 01:35:00",ANGAS2,0,"2015/12/18 01:30:05"
D,METER_DATA,GEN_DUID,1,"2015/12/18 01:35:00",BUTLERSG,-0.000002,"2015/12/18 01:30:05"
D,METER_DATA,GEN_DUID,1,"2015/12/18 01:35:00",CALL_A_4,0,"2015/12/18 01:30:05"
D,METER_DATA,GEN_DUID,1,"2015/12/18 01:35:00",CAPTL_WF,0,"2015/12/18 01:30:05"
D,METER_DATA,GEN_DUID,1,"2015/12/18 01:35:00",CATHROCK,10.57,"2015/12/18 01:30:05"
D,METER_DATA,GEN_DUID,1,"2015/12/18 01:35:00",CHALLHWF,3.40,"2015/12/18 01:30:05"
D,METER_DATA,GEN_DUID,1,"2015/12/18 01:35:00",CLOVER,-0.01,"2015/12/18 01:30:05"
D,METER_DATA,GEN_DUID,1,"2015/12/18 01:35:00",CLUNY,2.272110,"2015/12/18 01:30:05"
D,METER_DATA,GEN_DUID,1,"2015/12/18 01:35:00",CNUNDAWF,4.605372,"2015/12/18 01:30:05"
D,METER_DATA,GEN_DUID,1,"2015/12/18 01:35:00",CULLRGWF,0.06,"2015/12/18 01:30:05"
D,METER_DATA,GEN_DUID,1,"2015/12/18 01:35:00",ERGT01,0,"2015/12/18 01:30:05"
D,METER_DATA,GEN_DUID,1,"2015/12/18 01:35:00",GB01,0.191425,"2015/12/18 01:30:05"
D,METER_DATA,GEN_DUID,1,"2015/12/18 01:35:00",GERMCRK,35.799999,"2015/12/18 01:30:05"
D,METER_DATA,GEN_DUID,1,"2015/12/18 01:35:00",INVICTA,0,"2015/12/18 01:30:05"
D,METER_DATA,GEN_DUID,1,"2015/12/18 01:35:00",LKBONNY1,7.412677,"2015/12/18 01:30:05"
D,METER_DATA,GEN_DUID,1,"2015/12/18 01:35:00",MBAHNTH,4.800001,"2015/12/18 01:30:05"
D,METER_DATA,GEN_DUID,1,"2015/12/18 01:35:00",MTMILLAR,4.799646,"2015/12/18 01:30:05"
D,METER_DATA,GEN_DUID,1,"2015/12/18 01:35:00",PALOONA,0,"2015/12/18 01:30:05"
D,METER_DATA,GEN_DUID,1,"2015/12/18 01:35:00",PIONEER,0,"2015/12/18 01:30:05"
D,METER_DATA,GEN_DUID,1,"2015/12/18 01:35:00",PORTWF,7,"2015/12/18 01:30:05"
D,METER_DATA,GEN_DUID,1,"2015/12/18 01:35:00",REPULSE,4.039660,"2015/12/18 01:30:05"
D,METER_DATA,GEN_DUID,1,"2015/12/18 01:35:00",ROWALLAN,8.8892,"2015/12/18 01:30:05"
D,METER_DATA,GEN_DUID,1,"2015/12/18 01:35:00",RPCG,8.60,"2015/12/18 01:30:05"
D,METER_DATA,GEN_DUID,1,"2015/12/18 01:35:00",RUBICON,0,"2015/12/18 01:30:05"
D,METER_DATA,GEN_DUID,1,"2015/12/18 01:35:00",STARHLWF,4.798601,"2015/12/18 01:30:05"
D,METER_DATA,GEN_DUID,1,"2015/12/18 01:35:00",WAUBRAWF,89.6660,"2015/12/18 01:30:05"
D,METER_DATA,GEN_DUID,1,"2015/12/18 01:35:00",WOOLNTH1,28.630016,"2015/12/18 01:30:05"
D,METER_DATA,GEN_DUID,1,"2015/12/18 01:35:00",WPWF,37,"2015/12/18 01:30:05"
D,METER_DATA,GEN_DUID,1,"2015/12/18 01:35:00",YAMBUKWF,-0.20,"2015/12/18 01:30:05"
D,METER_DATA,GEN_DUID,1,"2015/12/18 01:40:00",ANGAS1,0,"2015/12/18 01:35:04"
D,METER_DATA,GEN_DUID,1,"2015/12/18 01:40:00",ANGAS2,0,"2015/12/18 01:35:04"
D,METER_DATA,GEN_DUID,1,"2015/12/18 01:40:00",BUTLERSG,-0.000002,"2015/12/18 01:35:04"
D,METER_DATA,GEN_DUID,1,"2015/12/18 01:40:00",CALL_A_4,0,"2015/12/18 01:35:04"
D,METER_DATA,GEN_DUID,1,"2015/12/18 01:40:00",CAPTL_WF,0,"2015/12/18 01:35:04"
D,METER_DATA,GEN_DUID,1,"2015/12/18 01:40:00",CATHROCK,13.039999,"2015/12/18 01:35:04"
D,METER_DATA,GEN_DUID,1,"2015/12/18 01:40:00",CHALLHWF,3.70,"2015/12/18 01:35:04"
D,METER_DATA,GEN_DUID,1,"2015/12/18 01:40:00",CLOVER,-0.01,"2015/12/18 01:35:04"
D,METER_DATA,GEN_DUID,1,"2015/12/18 01:40:00",CLUNY,2.243530,"2015/12/18 01:35:04"
D,METER_DATA,GEN_DUID,1,"2015/12/18 01:40:00",CNUNDAWF,4.104788,"2015/12/18 01:35:04"
D,METER_DATA,GEN_DUID,1,"2015/12/18 01:40:00",CULLRGWF,0.24,"2015/12/18 01:35:04"
D,METER_DATA,GEN_DUID,1,"2015/12/18 01:40:00",ERGT01,0,"2015/12/18 01:35:04"
D,METER_DATA,GEN_DUID,1,"2015/12/18 01:40:00",GB01,0.191425,"2015/12/18 01:35:04"
D,METER_DATA,GEN_DUID,1,"2015/12/18 01:40:00",GERMCRK,35.900002,"2015/12/18 01:35:04"
D,METER_DATA,GEN_DUID,1,"2015/12/18 01:40:00",INVICTA,0,"2015/12/18 01:35:04"
D,METER_DATA,GEN_DUID,1,"2015/12/18 01:40:00",LKBONNY1,7.859224,"2015/12/18 01:35:04"
D,METER_DATA,GEN_DUID,1,"2015/12/18 01:40:00",MBAHNTH,4.800001,"2015/12/18 01:35:04"
D,METER_DATA,GEN_DUID,1,"2015/12/18 01:40:00",MTMILLAR,5.625631,"2015/12/18 01:35:04"
D,METER_DATA,GEN_DUID,1,"2015/12/18 01:40:00",PALOONA,0,"2015/12/18 01:35:04"
D,METER_DATA,GEN_DUID,1,"2015/12/18 01:40:00",PIONEER,0,"2015/12/18 01:35:04"
D,METER_DATA,GEN_DUID,1,"2015/12/18 01:40:00",PORTWF,6.60,"2015/12/18 01:35:04"
D,METER_DATA,GEN_DUID,1,"2015/12/18 01:40:00",REPULSE,3.963440,"2015/12/18 01:35:04"
D,METER_DATA,GEN_DUID,1,"2015/12/18 01:40:00",ROWALLAN,8.9602,"2015/12/18 01:35:04"
D,METER_DATA,GEN_DUID,1,"2015/12/18 01:40:00",RPCG,8.60,"2015/12/18 01:35:04"
D,METER_DATA,GEN_DUID,1,"2015/12/18 01:40:00",RUBICON,0,"2015/12/18 01:35:04"
D,METER_DATA,GEN_DUID,1,"2015/12/18 01:40:00",STARHLWF,4.298747,"2015/12/18 01:35:04"
D,METER_DATA,GEN_DUID,1,"2015/12/18 01:40:00",WAUBRAWF,89.433998,"2015/12/18 01:35:04"
D,METER_DATA,GEN_DUID,1,"2015/12/18 01:40:00",WOOLNTH1,32.440018,"2015/12/18 01:35:04"
D,METER_DATA,GEN_DUID,1,"2015/12/18 01:40:00",WPWF,38,"2015/12/18 01:35:04"
D,METER_DATA,GEN_DUID,1,"2015/12/18 01:40:00",YAMBUKWF,-0.20,"2015/12/18 01:35:04"
D,METER_DATA,GEN_DUID,1,"2015/12/18 01:45:00",ANGAS1,0,"2015/12/18 01:40:04"
D,METER_DATA,GEN_DUID,1,"2015/12/18 01:45:00",ANGAS2,0,"2015/12/18 01:40:04"
D,METER_DATA,GEN_DUID,1,"2015/12/18 01:45:00",BUTLERSG,-0.000002,"2015/12/18 01:40:04"
D,METER_DATA,GEN_DUID,1,"2015/12/18 01:45:00",CALL_A_4,0,"2015/12/18 01:40:04"
D,METER_DATA,GEN_DUID,1,"2015/12/18 01:45:00",CAPTL_WF,0,"2015/12/18 01:40:04"
D,METER_DATA,GEN_DUID,1,"2015/12/18 01:45:00",CATHROCK,12.139999,"2015/12/18 01:40:04"
D,METER_DATA,GEN_DUID,1,"2015/12/18 01:45:00",CHALLHWF,4.40,"2015/12/18 01:40:04"
D,METER_DATA,GEN_DUID,1,"2015/12/18 01:45:00",CLOVER,-0.01,"2015/12/18 01:40:04"
D,METER_DATA,GEN_DUID,1,"2015/12/18 01:45:00",CLUNY,2.400720,"2015/12/18 01:40:04"
D,METER_DATA,GEN_DUID,1,"2015/12/18 01:45:00",CNUNDAWF,5.206073,"2015/12/18 01:40:04"
D,METER_DATA,GEN_DUID,1,"2015/12/18 01:45:00",CULLRGWF,0.17,"2015/12/18 01:40:04"
D,METER_DATA,GEN_DUID,1,"2015/12/18 01:45:00",ERGT01,0,"2015/12/18 01:40:04"
D,METER_DATA,GEN_DUID,1,"2015/12/18 01:45:00",GB01,0.191425,"2015/12/18 01:40:04"
D,METER_DATA,GEN_DUID,1,"2015/12/18 01:45:00",GERMCRK,35.200001,"2015/12/18 01:40:04"
D,METER_DATA,GEN_DUID,1,"2015/12/18 01:45:00",INVICTA,0,"2015/12/18 01:40:04"
D,METER_DATA,GEN_DUID,1,"2015/12/18 01:45:00",LKBONNY1,6.876821,"2015/12/18 01:40:04"
D,METER_DATA,GEN_DUID,1,"2015/12/18 01:45:00",MBAHNTH,4.800001,"2015/12/18 01:40:04"
D,METER_DATA,GEN_DUID,1,"2015/12/18 01:45:00",MTMILLAR,5.610749,"2015/12/18 01:40:04"
D,METER_DATA,GEN_DUID,1,"2015/12/18 01:45:00",PALOONA,0,"2015/12/18 01:40:04"
D,METER_DATA,GEN_DUID,1,"2015/12/18 01:45:00",PIONEER,0,"2015/12/18 01:40:04"
D,METER_DATA,GEN_DUID,1,"2015/12/18 01:45:00",PORTWF,6.60,"2015/12/18 01:40:04"
D,METER_DATA,GEN_DUID,1,"2015/12/18 01:45:00",REPULSE,4.1921,"2015/12/18 01:40:04"
D,METER_DATA,GEN_DUID,1,"2015/12/18 01:45:00",ROWALLAN,9.038301,"2015/12/18 01:40:04"
D,METER_DATA,GEN_DUID,1,"2015/12/18 01:45:00",RPCG,8.50,"2015/12/18 01:40:04"
D,METER_DATA,GEN_DUID,1,"2015/12/18 01:45:00",RUBICON,0,"2015/12/18 01:40:04"
D,METER_DATA,GEN_DUID,1,"2015/12/18 01:45:00",STARHLWF,4.298747,"2015/12/18 01:40:04"
D,METER_DATA,GEN_DUID,1,"2015/12/18 01:45:00",WAUBRAWF,88.990997,"2015/12/18 01:40:04"
D,METER_DATA,GEN_DUID,1,"2015/12/18 01:45:00",WOOLNTH1,30.680016,"2015/12/18 01:40:04"
D,METER_DATA,GEN_DUID,1,"2015/12/18 01:45:00",WPWF,39,"2015/12/18 01:40:04"
D,METER_DATA,GEN_DUID,1,"2015/12/18 01:45:00",YAMBUKWF,-0.10,"2015/12/18 01:40:04"
D,METER_DATA,GEN_DUID,1,"2015/12/18 01:50:00",ANGAS1,0,"2015/12/18 01:45:04"
D,METER_DATA,GEN_DUID,1,"2015/12/18 01:50:00",ANGAS2,0,"2015/12/18 01:45:04"
D,METER_DATA,GEN_DUID,1,"2015/12/18 01:50:00",BUTLERSG,-0.000002,"2015/12/18 01:45:04"
D,METER_DATA,GEN_DUID,1,"2015/12/18 01:50:00",CALL_A_4,0,"2015/12/18 01:45:04"
D,METER_DATA,GEN_DUID,1,"2015/12/18 01:50:00",CAPTL_WF,0,"2015/12/18 01:45:04"
D,METER_DATA,GEN_DUID,1,"2015/12/18 01:50:00",CATHROCK,10.129999,"2015/12/18 01:45:04"
D,METER_DATA,GEN_DUID,1,"2015/12/18 01:50:00",CHALLHWF,5.30,"2015/12/18 01:45:04"
D,METER_DATA,GEN_DUID,1,"2015/12/18 01:50:00",CLOVER,-0.01,"2015/12/18 01:45:04"
D,METER_DATA,GEN_DUID,1,"2015/12/18 01:50:00",CLUNY,2.400720,"2015/12/18 01:45:04"
D,METER_DATA,GEN_DUID,1,"2015/12/18 01:50:00",CNUNDAWF,5.806774,"2015/12/18 01:45:04"
D,METER_DATA,GEN_DUID,1,"2015/12/18 01:50:00",CULLRGWF,0.01,"2015/12/18 01:45:04"
D,METER_DATA,GEN_DUID,1,"2015/12/18 01:50:00",ERGT01,0,"2015/12/18 01:45:04"
D,METER_DATA,GEN_DUID,1,"2015/12/18 01:50:00",GB01,0.191425,"2015/12/18 01:45:04"
D,METER_DATA,GEN_DUID,1,"2015/12/18 01:50:00",GERMCRK,35.900002,"2015/12/18 01:45:04"
D,METER_DATA,GEN_DUID,1,"2015/12/18 01:50:00",INVICTA,0,"2015/12/18 01:45:04"
D,METER_DATA,GEN_DUID,1,"2015/12/18 01:50:00",LKBONNY1,7.859224,"2015/12/18 01:45:04"
D,METER_DATA,GEN_DUID,1,"2015/12/18 01:50:00",MBAHNTH,4.800001,"2015/12/18 01:45:04"
D,METER_DATA,GEN_DUID,1,"2015/12/18 01:50:00",MTMILLAR,6.712063,"2015/12/18 01:45:04"
D,METER_DATA,GEN_DUID,1,"2015/12/18 01:50:00",PALOONA,0,"2015/12/18 01:45:04"
D,METER_DATA,GEN_DUID,1,"2015/12/18 01:50:00",PIONEER,0,"2015/12/18 01:45:04"
D,METER_DATA,GEN_DUID,1,"2015/12/18 01:50:00",PORTWF,6.60,"2015/12/18 01:45:04"
D,METER_DATA,GEN_DUID,1,"2015/12/18 01:50:00",REPULSE,4.173045,"2015/12/18 01:45:04"
D,METER_DATA,GEN_DUID,1,"2015/12/18 01:50:00",ROWALLAN,9.0809,"2015/12/18 01:45:04"
D,METER_DATA,GEN_DUID,1,"2015/12/18 01:50:00",RPCG,8.50,"2015/12/18 01:45:04"
D,METER_DATA,GEN_DUID,1,"2015/12/18 01:50:00",RUBICON,0,"2015/12/18 01:45:04"
D,METER_DATA,GEN_DUID,1,"2015/12/18 01:50:00",STARHLWF,4.298747,"2015/12/18 01:45:04"
D,METER_DATA,GEN_DUID,1,"2015/12/18 01:50:00",WAUBRAWF,89.813004,"2015/12/18 01:45:04"
D,METER_DATA,GEN_DUID,1,"2015/12/18 01:50:00",WOOLNTH1,30.340015,"2015/12/18 01:45:04"
D,METER_DATA,GEN_DUID,1,"2015/12/18 01:50:00",WPWF,36,"2015/12/18 01:45:04"
D,METER_DATA,GEN_DUID,1,"2015/12/18 01:50:00",YAMBUKWF,0,"2015/12/18 01:45:04"
D,METER_DATA,GEN_DUID,1,"2015/12/18 01:55:00",ANGAS1,0,"2015/12/18 01:50:04"
D,METER_DATA,GEN_DUID,1,"2015/12/18 01:55:00",ANGAS2,0,"2015/12/18 01:50:04"
D,METER_DATA,GEN_DUID,1,"2015/12/18 01:55:00",BUTLERSG,-0.000002,"2015/12/18 01:50:04"
D,METER_DATA,GEN_DUID,1,"2015/12/18 01:55:00",CALL_A_4,0,"2015/12/18 01:50:04"
D,METER_DATA,GEN_DUID,1,"2015/12/18 01:55:00",CAPTL_WF,0,"2015/12/18 01:50:04"
D,METER_DATA,GEN_DUID,1,"2015/12/18 01:55:00",CATHROCK,6.309999,"2015/12/18 01:50:04"
D,METER_DATA,GEN_DUID,1,"2015/12/18 01:55:00",CHALLHWF,5.40,"2015/12/18 01:50:04"
D,METER_DATA,GEN_DUID,1,"2015/12/18 01:55:00",CLOVER,0,"2015/12/18 01:50:04"
D,METER_DATA,GEN_DUID,1,"2015/12/18 01:55:00",CLUNY,2.186370,"2015/12/18 01:50:04"
D,METER_DATA,GEN_DUID,1,"2015/12/18 01:55:00",CNUNDAWF,7.008175,"2015/12/18 01:50:04"
D,METER_DATA,GEN_DUID,1,"2015/12/18 01:55:00",CULLRGWF,0,"2015/12/18 01:50:04"
D,METER_DATA,GEN_DUID,1,"2015/12/18 01:55:00",ERGT01,0,"2015/12/18 01:50:04"
D,METER_DATA,GEN_DUID,1,"2015/12/18 01:55:00",GB01,0.189026,"2015/12/18 01:50:04"
D,METER_DATA,GEN_DUID,1,"2015/12/18 01:55:00",GERMCRK,35.400002,"2015/12/18 01:50:04"
D,METER_DATA,GEN_DUID,1,"2015/12/18 01:55:00",INVICTA,0,"2015/12/18 01:50:04"
D,METER_DATA,GEN_DUID,1,"2015/12/18 01:55:00",LKBONNY1,8.395081,"2015/12/18 01:50:04"
D,METER_DATA,GEN_DUID,1,"2015/12/18 01:55:00",MBAHNTH,4.800001,"2015/12/18 01:50:04"
D,METER_DATA,GEN_DUID,1,"2015/12/18 01:55:00",MTMILLAR,7.106452,"2015/12/18 01:50:04"
D,METER_DATA,GEN_DUID,1,"2015/12/18 01:55:00",PALOONA,0,"2015/12/18 01:50:04"
D,METER_DATA,GEN_DUID,1,"2015/12/18 01:55:00",PIONEER,0,"2015/12/18 01:50:04"
D,METER_DATA,GEN_DUID,1,"2015/12/18 01:55:00",PORTWF,4.60,"2015/12/18 01:50:04"
D,METER_DATA,GEN_DUID,1,"2015/12/18 01:55:00",REPULSE,3.696670,"2015/12/18 01:50:04"
D,METER_DATA,GEN_DUID,1,"2015/12/18 01:55:00",ROWALLAN,8.846601,"2015/12/18 01:50:04"
D,METER_DATA,GEN_DUID,1,"2015/12/18 01:55:00",RPCG,8.50,"2015/12/18 01:50:04"
D,METER_DATA,GEN_DUID,1,"2015/12/18 01:55:00",RUBICON,0,"2015/12/18 01:50:04"
D,METER_DATA,GEN_DUID,1,"2015/12/18 01:55:00",STARHLWF,3.898863,"2015/12/18 01:50:04"
D,METER_DATA,GEN_DUID,1,"2015/12/18 01:55:00",WAUBRAWF,90.033997,"2015/12/18 01:50:04"
D,METER_DATA,GEN_DUID,1,"2015/12/18 01:55:00",WOOLNTH1,28.490015,"2015/12/18 01:50:04"
D,METER_DATA,GEN_DUID,1,"2015/12/18 01:55:00",WPWF,38,"2015/12/18 01:50:04"
D,METER_DATA,GEN_DUID,1,"2015/12/18 01:55:00",YAMBUKWF,0.10,"2015/12/18 01:50:04"
D,METER_DATA,GEN_DUID,1,"2015/12/18 02:00:00",ANGAS1,0,"2015/12/18 01:55:05"
D,METER_DATA,GEN_DUID,1,"2015/12/18 02:00:00",ANGAS2,0,"2015/12/18 01:55:05"
D,METER_DATA,GEN_DUID,1,"2015/12/18 02:00:00",BUTLERSG,-0.000002,"2015/12/18 01:55:05"
D,METER_DATA,GEN_DUID,1,"2015/12/18 02:00:00",CALL_A_4,0,"2015/12/18 01:55:05"
D,METER_DATA,GEN_DUID,1,"2015/12/18 02:00:00",CAPTL_WF,0,"2015/12/18 01:55:05"
D,METER_DATA,GEN_DUID,1,"2015/12/18 02:00:00",CATHROCK,4.98,"2015/12/18 01:55:05"
D,METER_DATA,GEN_DUID,1,"2015/12/18 02:00:00",CHALLHWF,6.30,"2015/12/18 01:55:05"
D,METER_DATA,GEN_DUID,1,"2015/12/18 02:00:00",CLOVER,-0.01,"2015/12/18 01:55:05"
D,METER_DATA,GEN_DUID,1,"2015/12/18 02:00:00",CLUNY,2.314980,"2015/12/18 01:55:05"
D,METER_DATA,GEN_DUID,1,"2015/12/18 02:00:00",CNUNDAWF,8.109460,"2015/12/18 01:55:05"
D,METER_DATA,GEN_DUID,1,"2015/12/18 02:00:00",CULLRGWF,0,"2015/12/18 01:55:05"
D,METER_DATA,GEN_DUID,1,"2015/12/18 02:00:00",ERGT01,0,"2015/12/18 01:55:05"
D,METER_DATA,GEN_DUID,1,"2015/12/18 02:00:00",GB01,0.189026,"2015/12/18 01:55:05"
D,METER_DATA,GEN_DUID,1,"2015/12/18 02:00:00",GERMCRK,35.900002,"2015/12/18 01:55:05"
D,METER_DATA,GEN_DUID,1,"2015/12/18 02:00:00",INVICTA,0,"2015/12/18 01:55:05"
D,METER_DATA,GEN_DUID,1,"2015/12/18 02:00:00",LKBONNY1,9.734720,"2015/12/18 01:55:05"
D,METER_DATA,GEN_DUID,1,"2015/12/18 02:00:00",MBAHNTH,4.800001,"2015/12/18 01:55:05"
D,METER_DATA,GEN_DUID,1,"2015/12/18 02:00:00",MTMILLAR,6.421852,"2015/12/18 01:55:05"
D,METER_DATA,GEN_DUID,1,"2015/12/18 02:00:00",PALOONA,0,"2015/12/18 01:55:05"
D,METER_DATA,GEN_DUID,1,"2015/12/18 02:00:00",PIONEER,0,"2015/12/18 01:55:05"
D,METER_DATA,GEN_DUID,1,"2015/12/18 02:00:00",PORTWF,3.90,"2015/12/18 01:55:05"
D,METER_DATA,GEN_DUID,1,"2015/12/18 02:00:00",REPULSE,4.020605,"2015/12/18 01:55:05"
D,METER_DATA,GEN_DUID,1,"2015/12/18 02:00:00",ROWALLAN,8.9815,"2015/12/18 01:55:05"
D,METER_DATA,GEN_DUID,1,"2015/12/18 02:00:00",RPCG,9.60,"2015/12/18 01:55:05"
D,METER_DATA,GEN_DUID,1,"2015/12/18 02:00:00",RUBICON,0,"2015/12/18 01:55:05"
D,METER_DATA,GEN_DUID,1,"2015/12/18 02:00:00",STARHLWF,3.099096,"2015/12/18 01:55:05"
D,METER_DATA,GEN_DUID,1,"2015/12/18 02:00:00",WAUBRAWF,92.105003,"2015/12/18 01:55:05"
D,METER_DATA,GEN_DUID,1,"2015/12/18 02:00:00",WOOLNTH1,27.550014,"2015/12/18 01:55:05"
D,METER_DATA,GEN_DUID,1,"2015/12/18 02:00:00",WPWF,35,"2015/12/18 01:55:05"
D,METER_DATA,GEN_DUID,1,"2015/12/18 02:00:00",YAMBUKWF,-0.10,"2015/12/18 01:55:05"
D,METER_DATA,GEN_DUID,1,"2015/12/18 02:05:00",ANGAS1,0,"2015/12/18 02:00:04"
D,METER_DATA,GEN_DUID,1,"2015/12/18 02:05:00",ANGAS2,0,"2015/12/18 02:00:04"
D,METER_DATA,GEN_DUID,1,"2015/12/18 02:05:00",BUTLERSG,-0.000002,"2015/12/18 02:00:04"
D,METER_DATA,GEN_DUID,1,"2015/12/18 02:05:00",CALL_A_4,0,"2015/12/18 02:00:04"
D,METER_DATA,GEN_DUID,1,"2015/12/18 02:05:00",CAPTL_WF,0,"2015/12/18 02:00:04"
D,METER_DATA,GEN_DUID,1,"2015/12/18 02:05:00",CATHROCK,3.74,"2015/12/18 02:00:04"
D,METER_DATA,GEN_DUID,1,"2015/12/18 02:05:00",CHALLHWF,6.40,"2015/12/18 02:00:04"
D,METER_DATA,GEN_DUID,1,"2015/12/18 02:05:00",CLOVER,-0.01,"2015/12/18 02:00:04"
D,METER_DATA,GEN_DUID,1,"2015/12/18 02:05:00",CLUNY,2.372140,"2015/12/18 02:00:04"
D,METER_DATA,GEN_DUID,1,"2015/12/18 02:05:00",CNUNDAWF,8.610044,"2015/12/18 02:00:04"
D,METER_DATA,GEN_DUID,1,"2015/12/18 02:05:00",CULLRGWF,0,"2015/12/18 02:00:04"
D,METER_DATA,GEN_DUID,1,"2015/12/18 02:05:00",ERGT01,0,"2015/12/18 02:00:04"
D,METER_DATA,GEN_DUID,1,"2015/12/18 02:05:00",GB01,0.189026,"2015/12/18 02:00:04"
D,METER_DATA,GEN_DUID,1,"2015/12/18 02:05:00",GERMCRK,35.900002,"2015/12/18 02:00:04"
D,METER_DATA,GEN_DUID,1,"2015/12/18 02:05:00",INVICTA,0,"2015/12/18 02:00:04"
D,METER_DATA,GEN_DUID,1,"2015/12/18 02:05:00",LKBONNY1,11.699527,"2015/12/18 02:00:04"
D,METER_DATA,GEN_DUID,1,"2015/12/18 02:05:00",MBAHNTH,4.800001,"2015/12/18 02:00:04"
D,METER_DATA,GEN_DUID,1,"2015/12/18 02:05:00",MTMILLAR,6.533472,"2015/12/18 02:00:04"
D,METER_DATA,GEN_DUID,1,"2015/12/18 02:05:00",PALOONA,0,"2015/12/18 02:00:04"
D,METER_DATA,GEN_DUID,1,"2015/12/18 02:05:00",PIONEER,0,"2015/12/18 02:00:04"
D,METER_DATA,GEN_DUID,1,"2015/12/18 02:05:00",PORTWF,3,"2015/12/18 02:00:04"
D,METER_DATA,GEN_DUID,1,"2015/12/18 02:05:00",REPULSE,4.1921,"2015/12/18 02:00:04"
D,METER_DATA,GEN_DUID,1,"2015/12/18 02:05:00",ROWALLAN,9.0170,"2015/12/18 02:00:04"
D,METER_DATA,GEN_DUID,1,"2015/12/18 02:05:00",RPCG,9.40,"2015/12/18 02:00:04"
D,METER_DATA,GEN_DUID,1,"2015/12/18 02:05:00",RUBICON,0,"2015/12/18 02:00:04"
D,METER_DATA,GEN_DUID,1,"2015/12/18 02:05:00",STARHLWF,2.599242,"2015/12/18 02:00:04"
D,METER_DATA,GEN_DUID,1,"2015/12/18 02:05:00",WAUBRAWF,92.397003,"2015/12/18 02:00:04"
D,METER_DATA,GEN_DUID,1,"2015/12/18 02:05:00",WOOLNTH1,28.530014,"2015/12/18 02:00:04"
D,METER_DATA,GEN_DUID,1,"2015/12/18 02:05:00",WPWF,36,"2015/12/18 02:00:04"
D,METER_DATA,GEN_DUID,1,"2015/12/18 02:05:00",YAMBUKWF,-0.10,"2015/12/18 02:00:04"
D,METER_DATA,GEN_DUID,1,"2015/12/18 02:10:00",ANGAS1,0,"2015/12/18 02:05:04"
D,METER_DATA,GEN_DUID,1,"2015/12/18 02:10:00",ANGAS2,0,"2015/12/18 02:05:04"
D,METER_DATA,GEN_DUID,1,"2015/12/18 02:10:00",BUTLERSG,-0.000002,"2015/12/18 02:05:04"
D,METER_DATA,GEN_DUID,1,"2015/12/18 02:10:00",CALL_A_4,0,"2015/12/18 02:05:04"
D,METER_DATA,GEN_DUID,1,"2015/12/18 02:10:00",CAPTL_WF,0,"2015/12/18 02:05:04"
D,METER_DATA,GEN_DUID,1,"2015/12/18 02:10:00",CATHROCK,2.78,"2015/12/18 02:05:04"
D,METER_DATA,GEN_DUID,1,"2015/12/18 02:10:00",CHALLHWF,6.10,"2015/12/18 02:05:04"
D,METER_DATA,GEN_DUID,1,"2015/12/18 02:10:00",CLOVER,-0.02,"2015/12/18 02:05:04"
D,METER_DATA,GEN_DUID,1,"2015/12/18 02:10:00",CLUNY,2.314980,"2015/12/18 02:05:04"
D,METER_DATA,GEN_DUID,1,"2015/12/18 02:10:00",CNUNDAWF,8.810278,"2015/12/18 02:05:04"
D,METER_DATA,GEN_DUID,1,"2015/12/18 02:10:00",CULLRGWF,0,"2015/12/18 02:05:04"
D,METER_DATA,GEN_DUID,1,"2015/12/18 02:10:00",ERGT01,0,"2015/12/18 02:05:04"
D,METER_DATA,GEN_DUID,1,"2015/12/18 02:10:00",GB01,0.189026,"2015/12/18 02:05:04"
D,METER_DATA,GEN_DUID,1,"2015/12/18 02:10:00",GERMCRK,35.799999,"2015/12/18 02:05:04"
D,METER_DATA,GEN_DUID,1,"2015/12/18 02:10:00",INVICTA,0,"2015/12/18 02:05:04"
D,METER_DATA,GEN_DUID,1,"2015/12/18 02:10:00",LKBONNY1,11.967455,"2015/12/18 02:05:04"
D,METER_DATA,GEN_DUID,1,"2015/12/18 02:10:00",MBAHNTH,4.800001,"2015/12/18 02:05:04"
D,METER_DATA,GEN_DUID,1,"2015/12/18 02:10:00",MTMILLAR,6.250701,"2015/12/18 02:05:04"
D,METER_DATA,GEN_DUID,1,"2015/12/18 02:10:00",PALOONA,0,"2015/12/18 02:05:04"
D,METER_DATA,GEN_DUID,1,"2015/12/18 02:10:00",PIONEER,0,"2015/12/18 02:05:04"
D,METER_DATA,GEN_DUID,1,"2015/12/18 02:10:00",PORTWF,3.30,"2015/12/18 02:05:04"
D,METER_DATA,GEN_DUID,1,"2015/12/18 02:10:00",REPULSE,3.982495,"2015/12/18 02:05:04"
D,METER_DATA,GEN_DUID,1,"2015/12/18 02:10:00",ROWALLAN,8.9389,"2015/12/18 02:05:04"
D,METER_DATA,GEN_DUID,1,"2015/12/18 02:10:00",RPCG,8.20,"2015/12/18 02:05:04"
D,METER_DATA,GEN_DUID,1,"2015/12/18 02:10:00",RUBICON,0,"2015/12/18 02:05:04"
D,METER_DATA,GEN_DUID,1,"2015/12/18 02:10:00",STARHLWF,1.799475,"2015/12/18 02:05:04"
D,METER_DATA,GEN_DUID,1,"2015/12/18 02:10:00",WAUBRAWF,97.228996,"2015/12/18 02:05:04"
D,METER_DATA,GEN_DUID,1,"2015/12/18 02:10:00",WOOLNTH1,28.920017,"2015/12/18 02:05:04"
D,METER_DATA,GEN_DUID,1,"2015/12/18 02:10:00",WPWF,40,"2015/12/18 02:05:04"
D,METER_DATA,GEN_DUID,1,"2015/12/18 02:10:00",YAMBUKWF,-0.20,"2015/12/18 02:05:04"
D,METER_DATA,GEN_DUID,1,"2015/12/18 02:15:00",ANGAS1,0,"2015/12/18 02:10:04"
D,METER_DATA,GEN_DUID,1,"2015/12/18 02:15:00",ANGAS2,0,"2015/12/18 02:10:04"
D,METER_DATA,GEN_DUID,1,"2015/12/18 02:15:00",BUTLERSG,-0.000002,"2015/12/18 02:10:04"
D,METER_DATA,GEN_DUID,1,"2015/12/18 02:15:00",CALL_A_4,0,"2015/12/18 02:10:04"
D,METER_DATA,GEN_DUID,1,"2015/12/18 02:15:00",CAPTL_WF,0,"2015/12/18 02:10:04"
D,METER_DATA,GEN_DUID,1,"2015/12/18 02:15:00",CATHROCK,1.71,"2015/12/18 02:10:04"
D,METER_DATA,GEN_DUID,1,"2015/12/18 02:15:00",CHALLHWF,7.30,"2015/12/18 02:10:04"
D,METER_DATA,GEN_DUID,1,"2015/12/18 02:15:00",CLOVER,-0.01,"2015/12/18 02:10:04"
D,METER_DATA,GEN_DUID,1,"2015/12/18 02:15:00",CLUNY,2.257820,"2015/12/18 02:10:04"
D,METER_DATA,GEN_DUID,1,"2015/12/18 02:15:00",CNUNDAWF,9.110628,"2015/12/18 02:10:04"
D,METER_DATA,GEN_DUID,1,"2015/12/18 02:15:00",CULLRGWF,0,"2015/12/18 02:10:04"
D,METER_DATA,GEN_DUID,1,"2015/12/18 02:15:00",ERGT01,0,"2015/12/18 02:10:04"
D,METER_DATA,GEN_DUID,1,"2015/12/18 02:15:00",GB01,0.189026,"2015/12/18 02:10:04"
D,METER_DATA,GEN_DUID,1,"2015/12/18 02:15:00",GERMCRK,35.50,"2015/12/18 02:10:04"
D,METER_DATA,GEN_DUID,1,"2015/12/18 02:15:00",INVICTA,0,"2015/12/18 02:10:04"
D,METER_DATA,GEN_DUID,1,"2015/12/18 02:15:00",LKBONNY1,11.163671,"2015/12/18 02:10:04"
D,METER_DATA,GEN_DUID,1,"2015/12/18 02:15:00",MBAHNTH,4.800001,"2015/12/18 02:10:04"
D,METER_DATA,GEN_DUID,1,"2015/12/18 02:15:00",MTMILLAR,5.685162,"2015/12/18 02:10:04"
D,METER_DATA,GEN_DUID,1,"2015/12/18 02:15:00",PALOONA,0,"2015/12/18 02:10:04"
D,METER_DATA,GEN_DUID,1,"2015/12/18 02:15:00",PIONEER,0,"2015/12/18 02:10:04"
D,METER_DATA,GEN_DUID,1,"2015/12/18 02:15:00",PORTWF,3,"2015/12/18 02:10:04"
D,METER_DATA,GEN_DUID,1,"2015/12/18 02:15:00",REPULSE,3.791945,"2015/12/18 02:10:04"
D,METER_DATA,GEN_DUID,1,"2015/12/18 02:15:00",ROWALLAN,8.9886,"2015/12/18 02:10:04"
D,METER_DATA,GEN_DUID,1,"2015/12/18 02:15:00",RPCG,9.40,"2015/12/18 02:10:04"
D,METER_DATA,GEN_DUID,1,"2015/12/18 02:15:00",RUBICON,0,"2015/12/18 02:10:04"
D,METER_DATA,GEN_DUID,1,"2015/12/18 02:15:00",STARHLWF,1.799475,"2015/12/18 02:10:04"
D,METER_DATA,GEN_DUID,1,"2015/12/18 02:15:00",WAUBRAWF,101.734001,"2015/12/18 02:10:04"
D,METER_DATA,GEN_DUID,1,"2015/12/18 02:15:00",WOOLNTH1,29.230015,"2015/12/18 02:10:04"
D,METER_DATA,GEN_DUID,1,"2015/12/18 02:15:00",WPWF,41,"2015/12/18 02:10:04"
D,METER_DATA,GEN_DUID,1,"2015/12/18 02:15:00",YAMBUKWF,-0.20,"2015/12/18 02:10:04"
D,METER_DATA,GEN_DUID,1,"2015/12/18 02:20:00",ANGAS1,0,"2015/12/18 02:15:04"
D,METER_DATA,GEN_DUID,1,"2015/12/18 02:20:00",ANGAS2,0,"2015/12/18 02:15:04"
D,METER_DATA,GEN_DUID,1,"2015/12/18 02:20:00",BUTLERSG,-0.000002,"2015/12/18 02:15:04"
D,METER_DATA,GEN_DUID,1,"2015/12/18 02:20:00",CALL_A_4,0,"2015/12/18 02:15:04"
D,METER_DATA,GEN_DUID,1,"2015/12/18 02:20:00",CAPTL_WF,0,"2015/12/18 02:15:04"
D,METER_DATA,GEN_DUID,1,"2015/12/18 02:20:00",CATHROCK,1.94,"2015/12/18 02:15:04"
D,METER_DATA,GEN_DUID,1,"2015/12/18 02:20:00",CHALLHWF,7.60,"2015/12/18 02:15:04"
D,METER_DATA,GEN_DUID,1,"2015/12/18 02:20:00",CLOVER,-0.01,"2015/12/18 02:15:04"
D,METER_DATA,GEN_DUID,1,"2015/12/18 02:20:00",CLUNY,2.443590,"2015/12/18 02:15:04"
D,METER_DATA,GEN_DUID,1,"2015/12/18 02:20:00",CNUNDAWF,10.412146,"2015/12/18 02:15:04"
D,METER_DATA,GEN_DUID,1,"2015/12/18 02:20:00",CULLRGWF,0.11,"2015/12/18 02:15:04"
D,METER_DATA,GEN_DUID,1,"2015/12/18 02:20:00",ERGT01,0,"2015/12/18 02:15:04"
D,METER_DATA,GEN_DUID,1,"2015/12/18 02:20:00",GB01,0.189026,"2015/12/18 02:15:04"
D,METER_DATA,GEN_DUID,1,"2015/12/18 02:20:00",GERMCRK,35.50,"2015/12/18 02:15:04"
D,METER_DATA,GEN_DUID,1,"2015/12/18 02:20:00",INVICTA,0,"2015/12/18 02:15:04"
D,METER_DATA,GEN_DUID,1,"2015/12/18 02:20:00",LKBONNY1,11.967455,"2015/12/18 02:15:04"
D,METER_DATA,GEN_DUID,1,"2015/12/18 02:20:00",MBAHNTH,4.800001,"2015/12/18 02:15:04"
D,METER_DATA,GEN_DUID,1,"2015/12/18 02:20:00",MTMILLAR,5.759575,"2015/12/18 02:15:04"
D,METER_DATA,GEN_DUID,1,"2015/12/18 02:20:00",PALOONA,0,"2015/12/18 02:15:04"
D,METER_DATA,GEN_DUID,1,"2015/12/18 02:20:00",PIONEER,0,"2015/12/18 02:15:04"
D,METER_DATA,GEN_DUID,1,"2015/12/18 02:20:00",PORTWF,2.70,"2015/12/18 02:15:04"
D,METER_DATA,GEN_DUID,1,"2015/12/18 02:20:00",REPULSE,4.115880,"2015/12/18 02:15:04"
D,METER_DATA,GEN_DUID,1,"2015/12/18 02:20:00",ROWALLAN,9.1377,"2015/12/18 02:15:04"
D,METER_DATA,GEN_DUID,1,"2015/12/18 02:20:00",RPCG,9.40,"2015/12/18 02:15:04"
D,METER_DATA,GEN_DUID,1,"2015/12/18 02:20:00",RUBICON,0,"2015/12/18 02:15:04"
D,METER_DATA,GEN_DUID,1,"2015/12/18 02:20:00",STARHLWF,1.799475,"2015/12/18 02:15:04"
D,METER_DATA,GEN_DUID,1,"2015/12/18 02:20:00",WAUBRAWF,100.785004,"2015/12/18 02:15:04"
D,METER_DATA,GEN_DUID,1,"2015/12/18 02:20:00",WOOLNTH1,28.470016,"2015/12/18 02:15:04"
D,METER_DATA,GEN_DUID,1,"2015/12/18 02:20:00",WPWF,35,"2015/12/18 02:15:04"
D,METER_DATA,GEN_DUID,1,"2015/12/18 02:20:00",YAMBUKWF,-0.10,"2015/12/18 02:15:04"
D,METER_DATA,GEN_DUID,1,"2015/12/18 02:25:00",ANGAS1,0,"2015/12/18 02:20:04"
D,METER_DATA,GEN_DUID,1,"2015/12/18 02:25:00",ANGAS2,0,"2015/12/18 02:20:04"
D,METER_DATA,GEN_DUID,1,"2015/12/18 02:25:00",BUTLERSG,-0.000002,"2015/12/18 02:20:04"
D,METER_DATA,GEN_DUID,1,"2015/12/18 02:25:00",CALL_A_4,0,"2015/12/18 02:20:04"
D,METER_DATA,GEN_DUID,1,"2015/12/18 02:25:00",CAPTL_WF,0,"2015/12/18 02:20:04"
D,METER_DATA,GEN_DUID,1,"2015/12/18 02:25:00",CATHROCK,0,"2015/12/18 02:20:04"
D,METER_DATA,GEN_DUID,1,"2015/12/18 02:25:00",CHALLHWF,7.70,"2015/12/18 02:20:04"
D,METER_DATA,GEN_DUID,1,"2015/12/18 02:25:00",CLOVER,0,"2015/12/18 02:20:04"
D,METER_DATA,GEN_DUID,1,"2015/12/18 02:25:00",CLUNY,2.114920,"2015/12/18 02:20:04"
D,METER_DATA,GEN_DUID,1,"2015/12/18 02:25:00",CNUNDAWF,8.810278,"2015/12/18 02:20:04"
D,METER_DATA,GEN_DUID,1,"2015/12/18 02:25:00",CULLRGWF,0.17,"2015/12/18 02:20:04"
D,METER_DATA,GEN_DUID,1,"2015/12/18 02:25:00",ERGT01,0,"2015/12/18 02:20:04"
D,METER_DATA,GEN_DUID,1,"2015/12/18 02:25:00",GB01,0.189026,"2015/12/18 02:20:04"
D,METER_DATA,GEN_DUID,1,"2015/12/18 02:25:00",GERMCRK,35.599998,"2015/12/18 02:20:04"
D,METER_DATA,GEN_DUID,1,"2015/12/18 02:25:00",INVICTA,0,"2015/12/18 02:20:04"
D,METER_DATA,GEN_DUID,1,"2015/12/18 02:25:00",LKBONNY1,11.520907,"2015/12/18 02:20:04"
D,METER_DATA,GEN_DUID,1,"2015/12/18 02:25:00",MBAHNTH,4.800001,"2015/12/18 02:20:04"
D,METER_DATA,GEN_DUID,1,"2015/12/18 02:25:00",MTMILLAR,5.558660,"2015/12/18 02:20:04"
D,METER_DATA,GEN_DUID,1,"2015/12/18 02:25:00",PALOONA,0,"2015/12/18 02:20:04"
D,METER_DATA,GEN_DUID,1,"2015/12/18 02:25:00",PIONEER,0,"2015/12/18 02:20:04"
D,METER_DATA,GEN_DUID,1,"2015/12/18 02:25:00",PORTWF,2.70,"2015/12/18 02:20:04"
D,METER_DATA,GEN_DUID,1,"2015/12/18 02:25:00",REPULSE,3.658560,"2015/12/18 02:20:04"
D,METER_DATA,GEN_DUID,1,"2015/12/18 02:25:00",ROWALLAN,8.8679,"2015/12/18 02:20:04"
D,METER_DATA,GEN_DUID,1,"2015/12/18 02:25:00",RPCG,9.40,"2015/12/18 02:20:04"
D,METER_DATA,GEN_DUID,1,"2015/12/18 02:25:00",RUBICON,0,"2015/12/18 02:20:04"
D,METER_DATA,GEN_DUID,1,"2015/12/18 02:25:00",STARHLWF,2.099388,"2015/12/18 02:20:04"
D,METER_DATA,GEN_DUID,1,"2015/12/18 02:25:00",WAUBRAWF,102.219002,"2015/12/18 02:20:04"
D,METER_DATA,GEN_DUID,1,"2015/12/18 02:25:00",WOOLNTH1,27.090015,"2015/12/18 02:20:04"
D,METER_DATA,GEN_DUID,1,"2015/12/18 02:25:00",WPWF,40,"2015/12/18 02:20:04"
D,METER_DATA,GEN_DUID,1,"2015/12/18 02:25:00",YAMBUKWF,-0.20,"2015/12/18 02:20:04"
D,METER_DATA,GEN_DUID,1,"2015/12/18 02:30:00",ANGAS1,0,"2015/12/18 02:25:04"
D,METER_DATA,GEN_DUID,1,"2015/12/18 02:30:00",ANGAS2,0,"2015/12/18 02:25:04"
D,METER_DATA,GEN_DUID,1,"2015/12/18 02:30:00",BUTLERSG,-0.000002,"2015/12/18 02:25:04"
D,METER_DATA,GEN_DUID,1,"2015/12/18 02:30:00",CALL_A_4,0,"2015/12/18 02:25:04"
D,METER_DATA,GEN_DUID,1,"2015/12/18 02:30:00",CAPTL_WF,0,"2015/12/18 02:25:04"
D,METER_DATA,GEN_DUID,1,"2015/12/18 02:30:00",CATHROCK,1.96,"2015/12/18 02:25:04"
D,METER_DATA,GEN_DUID,1,"2015/12/18 02:30:00",CHALLHWF,8.50,"2015/12/18 02:25:04"
D,METER_DATA,GEN_DUID,1,"2015/12/18 02:30:00",CLOVER,0,"2015/12/18 02:25:04"
D,METER_DATA,GEN_DUID,1,"2015/12/18 02:30:00",CLUNY,2.357850,"2015/12/18 02:25:04"
D,METER_DATA,GEN_DUID,1,"2015/12/18 02:30:00",CNUNDAWF,8.309694,"2015/12/18 02:25:04"
D,METER_DATA,GEN_DUID,1,"2015/12/18 02:30:00",CULLRGWF,0.25,"2015/12/18 02:25:04"
D,METER_DATA,GEN_DUID,1,"2015/12/18 02:30:00",ERGT01,0,"2015/12/18 02:25:04"
D,METER_DATA,GEN_DUID,1,"2015/12/18 02:30:00",GB01,0.189026,"2015/12/18 02:25:04"
D,METER_DATA,GEN_DUID,1,"2015/12/18 02:30:00",GERMCRK,35.400002,"2015/12/18 02:25:04"
D,METER_DATA,GEN_DUID,1,"2015/12/18 02:30:00",INVICTA,0,"2015/12/18 02:25:04"
D,METER_DATA,GEN_DUID,1,"2015/12/18 02:30:00",LKBONNY1,13.039167,"2015/12/18 02:25:04"
D,METER_DATA,GEN_DUID,1,"2015/12/18 02:30:00",MBAHNTH,4.800001,"2015/12/18 02:25:04"
D,METER_DATA,GEN_DUID,1,"2015/12/18 02:30:00",MTMILLAR,5.848871,"2015/12/18 02:25:04"
D,METER_DATA,GEN_DUID,1,"2015/12/18 02:30:00",PALOONA,0,"2015/12/18 02:25:04"
D,METER_DATA,GEN_DUID,1,"2015/12/18 02:30:00",PIONEER,0,"2015/12/18 02:25:04"
D,METER_DATA,GEN_DUID,1,"2015/12/18 02:30:00",PORTWF,4.20,"2015/12/18 02:25:04"
D,METER_DATA,GEN_DUID,1,"2015/12/18 02:30:00",REPULSE,4.287375,"2015/12/18 02:25:04"
D,METER_DATA,GEN_DUID,1,"2015/12/18 02:30:00",ROWALLAN,9.0738,"2015/12/18 02:25:04"
D,METER_DATA,GEN_DUID,1,"2015/12/18 02:30:00",RPCG,9.40,"2015/12/18 02:25:04"
D,METER_DATA,GEN_DUID,1,"2015/12/18 02:30:00",RUBICON,0,"2015/12/18 02:25:04"
D,METER_DATA,GEN_DUID,1,"2015/12/18 02:30:00",STARHLWF,2.099388,"2015/12/18 02:25:04"
D,METER_DATA,GEN_DUID,1,"2015/12/18 02:30:00",WAUBRAWF,100.624001,"2015/12/18 02:25:04"
D,METER_DATA,GEN_DUID,1,"2015/12/18 02:30:00",WOOLNTH1,27.800014,"2015/12/18 02:25:04"
D,METER_DATA,GEN_DUID,1,"2015/12/18 02:30:00",WPWF,43,"2015/12/18 02:25:04"
D,METER_DATA,GEN_DUID,1,"2015/12/18 02:30:00",YAMBUKWF,-0.20,"2015/12/18 02:25:04"
D,METER_DATA,GEN_DUID,1,"2015/12/18 02:35:00",ANGAS1,0,"2015/12/18 02:30:04"
D,METER_DATA,GEN_DUID,1,"2015/12/18 02:35:00",ANGAS2,0,"2015/12/18 02:30:04"
D,METER_DATA,GEN_DUID,1,"2015/12/18 02:35:00",BUTLERSG,-0.000002,"2015/12/18 02:30:04"
D,METER_DATA,GEN_DUID,1,"2015/12/18 02:35:00",CALL_A_4,0,"2015/12/18 02:30:04"
D,METER_DATA,GEN_DUID,1,"2015/12/18 02:35:00",CAPTL_WF,0,"2015/12/18 02:30:04"
D,METER_DATA,GEN_DUID,1,"2015/12/18 02:35:00",CATHROCK,1.73,"2015/12/18 02:30:04"
D,METER_DATA,GEN_DUID,1,"2015/12/18 02:35:00",CHALLHWF,9.799999,"2015/12/18 02:30:04"
D,METER_DATA,GEN_DUID,1,"2015/12/18 02:35:00",CLOVER,-0.01,"2015/12/18 02:30:04"
D,METER_DATA,GEN_DUID,1,"2015/12/18 02:35:00",CLUNY,2.200660,"2015/12/18 02:30:04"
D,METER_DATA,GEN_DUID,1,"2015/12/18 02:35:00",CNUNDAWF,7.008176,"2015/12/18 02:30:04"
D,METER_DATA,GEN_DUID,1,"2015/12/18 02:35:00",CULLRGWF,0.09,"2015/12/18 02:30:04"
D,METER_DATA,GEN_DUID,1,"2015/12/18 02:35:00",ERGT01,0,"2015/12/18 02:30:04"
D,METER_DATA,GEN_DUID,1,"2015/12/18 02:35:00",GB01,0.189026,"2015/12/18 02:30:04"
D,METER_DATA,GEN_DUID,1,"2015/12/18 02:35:00",GERMCRK,35.50,"2015/12/18 02:30:04"
D,METER_DATA,GEN_DUID,1,"2015/12/18 02:35:00",INVICTA,0,"2015/12/18 02:30:04"
D,METER_DATA,GEN_DUID,1,"2015/12/18 02:35:00",LKBONNY1,11.252980,"2015/12/18 02:30:04"
D,METER_DATA,GEN_DUID,1,"2015/12/18 02:35:00",MBAHNTH,4.800001,"2015/12/18 02:30:04"
D,METER_DATA,GEN_DUID,1,"2015/12/18 02:35:00",MTMILLAR,5.514012,"2015/12/18 02:30:04"
D,METER_DATA,GEN_DUID,1,"2015/12/18 02:35:00",PALOONA,0,"2015/12/18 02:30:04"
D,METER_DATA,GEN_DUID,1,"2015/12/18 02:35:00",PIONEER,0,"2015/12/18 02:30:04"
D,METER_DATA,GEN_DUID,1,"2015/12/18 02:35:00",PORTWF,4.20,"2015/12/18 02:30:04"
D,METER_DATA,GEN_DUID,1,"2015/12/18 02:35:00",REPULSE,3.791945,"2015/12/18 02:30:04"
D,METER_DATA,GEN_DUID,1,"2015/12/18 02:35:00",ROWALLAN,8.9602,"2015/12/18 02:30:04"
D,METER_DATA,GEN_DUID,1,"2015/12/18 02:35:00",RPCG,9.40,"2015/12/18 02:30:04"
D,METER_DATA,GEN_DUID,1,"2015/12/18 02:35:00",RUBICON,0,"2015/12/18 02:30:04"
D,METER_DATA,GEN_DUID,1,"2015/12/18 02:35:00",STARHLWF,1.699504,"2015/12/18 02:30:04"
D,METER_DATA,GEN_DUID,1,"2015/12/18 02:35:00",WAUBRAWF,97.8480,"2015/12/18 02:30:04"
D,METER_DATA,GEN_DUID,1,"2015/12/18 02:35:00",WOOLNTH1,25.210016,"2015/12/18 02:30:04"
D,METER_DATA,GEN_DUID,1,"2015/12/18 02:35:00",WPWF,44,"2015/12/18 02:30:04"
D,METER_DATA,GEN_DUID,1,"2015/12/18 02:35:00",YAMBUKWF,-0.20,"2015/12/18 02:30:04"
D,METER_DATA,GEN_DUID,1,"2015/12/18 02:40:00",ANGAS1,0,"2015/12/18 02:35:04"
D,METER_DATA,GEN_DUID,1,"2015/12/18 02:40:00",ANGAS2,0,"2015/12/18 02:35:04"
D,METER_DATA,GEN_DUID,1,"2015/12/18 02:40:00",BUTLERSG,-0.000002,"2015/12/18 02:35:04"
D,METER_DATA,GEN_DUID,1,"2015/12/18 02:40:00",CALL_A_4,0,"2015/12/18 02:35:04"
D,METER_DATA,GEN_DUID,1,"2015/12/18 02:40:00",CAPTL_WF,0,"2015/12/18 02:35:04"
D,METER_DATA,GEN_DUID,1,"2015/12/18 02:40:00",CATHROCK,1.76,"2015/12/18 02:35:04"
D,METER_DATA,GEN_DUID,1,"2015/12/18 02:40:00",CHALLHWF,10.20,"2015/12/18 02:35:04"
D,METER_DATA,GEN_DUID,1,"2015/12/18 02:40:00",CLOVER,-0.01,"2015/12/18 02:35:04"
D,METER_DATA,GEN_DUID,1,"2015/12/18 02:40:00",CLUNY,2.443590,"2015/12/18 02:35:04"
D,METER_DATA,GEN_DUID,1,"2015/12/18 02:40:00",CNUNDAWF,6.107124,"2015/12/18 02:35:04"
D,METER_DATA,GEN_DUID,1,"2015/12/18 02:40:00",CULLRGWF,-0.01,"2015/12/18 02:35:04"
D,METER_DATA,GEN_DUID,1,"2015/12/18 02:40:00",ERGT01,0,"2015/12/18 02:35:04"
D,METER_DATA,GEN_DUID,1,"2015/12/18 02:40:00",GB01,0.187889,"2015/12/18 02:35:04"
D,METER_DATA,GEN_DUID,1,"2015/12/18 02:40:00",GERMCRK,35.599998,"2015/12/18 02:35:04"
D,METER_DATA,GEN_DUID,1,"2015/12/18 02:40:00",INVICTA,0,"2015/12/18 02:35:04"
D,METER_DATA,GEN_DUID,1,"2015/12/18 02:40:00",LKBONNY1,7.948534,"2015/12/18 02:35:04"
D,METER_DATA,GEN_DUID,1,"2015/12/18 02:40:00",MBAHNTH,4.800001,"2015/12/18 02:35:04"
D,METER_DATA,GEN_DUID,1,"2015/12/18 02:40:00",MTMILLAR,4.650820,"2015/12/18 02:35:04"
D,METER_DATA,GEN_DUID,1,"2015/12/18 02:40:00",PALOONA,0,"2015/12/18 02:35:04"
D,METER_DATA,GEN_DUID,1,"2015/12/18 02:40:00",PIONEER,0,"2015/12/18 02:35:04"
D,METER_DATA,GEN_DUID,1,"2015/12/18 02:40:00",PORTWF,3.90,"2015/12/18 02:35:04"
D,METER_DATA,GEN_DUID,1,"2015/12/18 02:40:00",REPULSE,4.287375,"2015/12/18 02:35:04"
D,METER_DATA,GEN_DUID,1,"2015/12/18 02:40:00",ROWALLAN,9.1093,"2015/12/18 02:35:04"
D,METER_DATA,GEN_DUID,1,"2015/12/18 02:40:00",RPCG,9.40,"2015/12/18 02:35:04"
D,METER_DATA,GEN_DUID,1,"2015/12/18 02:40:00",RUBICON,0,"2015/12/18 02:35:04"
D,METER_DATA,GEN_DUID,1,"2015/12/18 02:40:00",STARHLWF,1.699504,"2015/12/18 02:35:04"
D,METER_DATA,GEN_DUID,1,"2015/12/18 02:40:00",WAUBRAWF,96.912003,"2015/12/18 02:35:04"
D,METER_DATA,GEN_DUID,1,"2015/12/18 02:40:00",WOOLNTH1,26.670015,"2015/12/18 02:35:04"
D,METER_DATA,GEN_DUID,1,"2015/12/18 02:40:00",WPWF,45,"2015/12/18 02:35:04"
D,METER_DATA,GEN_DUID,1,"2015/12/18 02:40:00",YAMBUKWF,-0.20,"2015/12/18 02:35:04"
D,METER_DATA,GEN_DUID,1,"2015/12/18 02:45:00",ANGAS1,0,"2015/12/18 02:40:04"
D,METER_DATA,GEN_DUID,1,"2015/12/18 02:45:00",ANGAS2,0,"2015/12/18 02:40:04"
D,METER_DATA,GEN_DUID,1,"2015/12/18 02:45:00",BUTLERSG,-0.000002,"2015/12/18 02:40:04"
D,METER_DATA,GEN_DUID,1,"2015/12/18 02:45:00",CALL_A_4,0,"2015/12/18 02:40:04"
D,METER_DATA,GEN_DUID,1,"2015/12/18 02:45:00",CAPTL_WF,0,"2015/12/18 02:40:04"
D,METER_DATA,GEN_DUID,1,"2015/12/18 02:45:00",CATHROCK,4.56,"2015/12/18 02:40:04"
D,METER_DATA,GEN_DUID,1,"2015/12/18 02:45:00",CHALLHWF,12.60,"2015/12/18 02:40:04"
D,METER_DATA,GEN_DUID,1,"2015/12/18 02:45:00",CLOVER,-0.01,"2015/12/18 02:40:04"
D,METER_DATA,GEN_DUID,1,"2015/12/18 02:45:00",CLUNY,2.257820,"2015/12/18 02:40:04"
D,METER_DATA,GEN_DUID,1,"2015/12/18 02:45:00",CNUNDAWF,6.007008,"2015/12/18 02:40:04"
D,METER_DATA,GEN_DUID,1,"2015/12/18 02:45:00",CULLRGWF,0.01,"2015/12/18 02:40:04"
D,METER_DATA,GEN_DUID,1,"2015/12/18 02:45:00",ERGT01,0,"2015/12/18 02:40:04"
D,METER_DATA,GEN_DUID,1,"2015/12/18 02:45:00",GB01,0.187889,"2015/12/18 02:40:04"
D,METER_DATA,GEN_DUID,1,"2015/12/18 02:45:00",GERMCRK,35,"2015/12/18 02:40:04"
D,METER_DATA,GEN_DUID,1,"2015/12/18 02:45:00",INVICTA,0,"2015/12/18 02:40:04"
D,METER_DATA,GEN_DUID,1,"2015/12/18 02:45:00",LKBONNY1,6.430274,"2015/12/18 02:40:04"
D,METER_DATA,GEN_DUID,1,"2015/12/18 02:45:00",MBAHNTH,4.800001,"2015/12/18 02:40:04"
D,METER_DATA,GEN_DUID,1,"2015/12/18 02:45:00",MTMILLAR,4.740115,"2015/12/18 02:40:04"
D,METER_DATA,GEN_DUID,1,"2015/12/18 02:45:00",PALOONA,0,"2015/12/18 02:40:04"
D,METER_DATA,GEN_DUID,1,"2015/12/18 02:45:00",PIONEER,0,"2015/12/18 02:40:04"
D,METER_DATA,GEN_DUID,1,"2015/12/18 02:45:00",PORTWF,3.60,"2015/12/18 02:40:04"
D,METER_DATA,GEN_DUID,1,"2015/12/18 02:45:00",REPULSE,3.849110,"2015/12/18 02:40:04"
D,METER_DATA,GEN_DUID,1,"2015/12/18 02:45:00",ROWALLAN,8.8892,"2015/12/18 02:40:04"
D,METER_DATA,GEN_DUID,1,"2015/12/18 02:45:00",RPCG,9.40,"2015/12/18 02:40:04"
D,METER_DATA,GEN_DUID,1,"2015/12/18 02:45:00",RUBICON,0,"2015/12/18 02:40:04"
D,METER_DATA,GEN_DUID,1,"2015/12/18 02:45:00",STARHLWF,1.699504,"2015/12/18 02:40:04"
D,METER_DATA,GEN_DUID,1,"2015/12/18 02:45:00",WAUBRAWF,97.163002,"2015/12/18 02:40:04"
D,METER_DATA,GEN_DUID,1,"2015/12/18 02:45:00",WOOLNTH1,24.620016,"2015/12/18 02:40:04"
D,METER_DATA,GEN_DUID,1,"2015/12/18 02:45:00",WPWF,45,"2015/12/18 02:40:04"
D,METER_DATA,GEN_DUID,1,"2015/12/18 02:45:00",YAMBUKWF,-0.20,"2015/12/18 02:40:04"
D,METER_DATA,GEN_DUID,1,"2015/12/18 02:50:00",ANGAS1,0,"2015/12/18 02:45:04"
D,METER_DATA,GEN_DUID,1,"2015/12/18 02:50:00",ANGAS2,0,"2015/12/18 02:45:04"
D,METER_DATA,GEN_DUID,1,"2015/12/18 02:50:00",BUTLERSG,-0.000002,"2015/12/18 02:45:04"
D,METER_DATA,GEN_DUID,1,"2015/12/18 02:50:00",CALL_A_4,0,"2015/12/18 02:45:04"
D,METER_DATA,GEN_DUID,1,"2015/12/18 02:50:00",CAPTL_WF,0,"2015/12/18 02:45:04"
D,METER_DATA,GEN_DUID,1,"2015/12/18 02:50:00",CATHROCK,6.27,"2015/12/18 02:45:04"
D,METER_DATA,GEN_DUID,1,"2015/12/18 02:50:00",CHALLHWF,13.50,"2015/12/18 02:45:04"
D,METER_DATA,GEN_DUID,1,"2015/12/18 02:50:00",CLOVER,-0.01,"2015/12/18 02:45:04"
D,METER_DATA,GEN_DUID,1,"2015/12/18 02:50:00",CLUNY,2.400720,"2015/12/18 02:45:04"
D,METER_DATA,GEN_DUID,1,"2015/12/18 02:50:00",CNUNDAWF,6.807942,"2015/12/18 02:45:04"
D,METER_DATA,GEN_DUID,1,"2015/12/18 02:50:00",CULLRGWF,0.06,"2015/12/18 02:45:04"
D,METER_DATA,GEN_DUID,1,"2015/12/18 02:50:00",ERGT01,0,"2015/12/18 02:45:04"
D,METER_DATA,GEN_DUID,1,"2015/12/18 02:50:00",GB01,0.187889,"2015/12/18 02:45:04"
D,METER_DATA,GEN_DUID,1,"2015/12/18 02:50:00",GERMCRK,35.599998,"2015/12/18 02:45:04"
D,METER_DATA,GEN_DUID,1,"2015/12/18 02:50:00",INVICTA,0,"2015/12/18 02:45:04"
D,METER_DATA,GEN_DUID,1,"2015/12/18 02:50:00",LKBONNY1,7.591296,"2015/12/18 02:45:04"
D,METER_DATA,GEN_DUID,1,"2015/12/18 02:50:00",MBAHNTH,4.800001,"2015/12/18 02:45:04"
D,METER_DATA,GEN_DUID,1,"2015/12/18 02:50:00",MTMILLAR,4.851735,"2015/12/18 02:45:04"
D,METER_DATA,GEN_DUID,1,"2015/12/18 02:50:00",PALOONA,0,"2015/12/18 02:45:04"
D,METER_DATA,GEN_DUID,1,"2015/12/18 02:50:00",PIONEER,0,"2015/12/18 02:45:04"
D,METER_DATA,GEN_DUID,1,"2015/12/18 02:50:00",PORTWF,3.60,"2015/12/18 02:45:04"
D,METER_DATA,GEN_DUID,1,"2015/12/18 02:50:00",REPULSE,4.173045,"2015/12/18 02:45:04"
D,METER_DATA,GEN_DUID,1,"2015/12/18 02:50:00",ROWALLAN,9.038301,"2015/12/18 02:45:04"
D,METER_DATA,GEN_DUID,1,"2015/12/18 02:50:00",RPCG,10.50,"2015/12/18 02:45:04"
D,METER_DATA,GEN_DUID,1,"2015/12/18 02:50:00",RUBICON,0,"2015/12/18 02:45:04"
D,METER_DATA,GEN_DUID,1,"2015/12/18 02:50:00",STARHLWF,2.099388,"2015/12/18 02:45:04"
D,METER_DATA,GEN_DUID,1,"2015/12/18 02:50:00",WAUBRAWF,100.509003,"2015/12/18 02:45:04"
D,METER_DATA,GEN_DUID,1,"2015/12/18 02:50:00",WOOLNTH1,22.930016,"2015/12/18 02:45:04"
D,METER_DATA,GEN_DUID,1,"2015/12/18 02:50:00",WPWF,47,"2015/12/18 02:45:04"
D,METER_DATA,GEN_DUID,1,"2015/12/18 02:50:00",YAMBUKWF,-0.20,"2015/12/18 02:45:04"
D,METER_DATA,GEN_DUID,1,"2015/12/18 02:55:00",ANGAS1,0,"2015/12/18 02:50:04"
D,METER_DATA,GEN_DUID,1,"2015/12/18 02:55:00",ANGAS2,0,"2015/12/18 02:50:04"
D,METER_DATA,GEN_DUID,1,"2015/12/18 02:55:00",BUTLERSG,-0.000002,"2015/12/18 02:50:04"
D,METER_DATA,GEN_DUID,1,"2015/12/18 02:55:00",CALL_A_4,0,"2015/12/18 02:50:04"
D,METER_DATA,GEN_DUID,1,"2015/12/18 02:55:00",CAPTL_WF,0,"2015/12/18 02:50:04"
D,METER_DATA,GEN_DUID,1,"2015/12/18 02:55:00",CATHROCK,6.559999,"2015/12/18 02:50:04"
D,METER_DATA,GEN_DUID,1,"2015/12/18 02:55:00",CHALLHWF,14,"2015/12/18 02:50:04"
D,METER_DATA,GEN_DUID,1,"2015/12/18 02:55:00",CLOVER,-0.02,"2015/12/18 02:50:04"
D,METER_DATA,GEN_DUID,1,"2015/12/18 02:55:00",CLUNY,2.386430,"2015/12/18 02:50:04"
D,METER_DATA,GEN_DUID,1,"2015/12/18 02:55:00",CNUNDAWF,6.007008,"2015/12/18 02:50:04"
D,METER_DATA,GEN_DUID,1,"2015/12/18 02:55:00",CULLRGWF,0.02,"2015/12/18 02:50:04"
D,METER_DATA,GEN_DUID,1,"2015/12/18 02:55:00",ERGT01,0,"2015/12/18 02:50:04"
D,METER_DATA,GEN_DUID,1,"2015/12/18 02:55:00",GB01,0.187889,"2015/12/18 02:50:04"
D,METER_DATA,GEN_DUID,1,"2015/12/18 02:55:00",GERMCRK,35.200001,"2015/12/18 02:50:04"
D,METER_DATA,GEN_DUID,1,"2015/12/18 02:55:00",INVICTA,0,"2015/12/18 02:50:04"
D,METER_DATA,GEN_DUID,1,"2015/12/18 02:55:00",LKBONNY1,7.591296,"2015/12/18 02:50:04"
D,METER_DATA,GEN_DUID,1,"2015/12/18 02:55:00",MBAHNTH,4.800001,"2015/12/18 02:50:04"
D,METER_DATA,GEN_DUID,1,"2015/12/18 02:55:00",MTMILLAR,5.342862,"2015/12/18 02:50:04"
D,METER_DATA,GEN_DUID,1,"2015/12/18 02:55:00",PALOONA,0,"2015/12/18 02:50:04"
D,METER_DATA,GEN_DUID,1,"2015/12/18 02:55:00",PIONEER,0,"2015/12/18 02:50:04"
D,METER_DATA,GEN_DUID,1,"2015/12/18 02:55:00",PORTWF,4.10,"2015/12/18 02:50:04"
D,METER_DATA,GEN_DUID,1,"2015/12/18 02:55:00",REPULSE,4.096825,"2015/12/18 02:50:04"
D,METER_DATA,GEN_DUID,1,"2015/12/18 02:55:00",ROWALLAN,9.0596,"2015/12/18 02:50:04"
D,METER_DATA,GEN_DUID,1,"2015/12/18 02:55:00",RPCG,10.50,"2015/12/18 02:50:04"
D,METER_DATA,GEN_DUID,1,"2015/12/18 02:55:00",RUBICON,0,"2015/12/18 02:50:04"
D,METER_DATA,GEN_DUID,1,"2015/12/18 02:55:00",STARHLWF,1.499563,"2015/12/18 02:50:04"
D,METER_DATA,GEN_DUID,1,"2015/12/18 02:55:00",WAUBRAWF,102.6110,"2015/12/18 02:50:04"
D,METER_DATA,GEN_DUID,1,"2015/12/18 02:55:00",WOOLNTH1,22.500015,"2015/12/18 02:50:04"
D,METER_DATA,GEN_DUID,1,"2015/12/18 02:55:00",WPWF,45,"2015/12/18 02:50:04"
D,METER_DATA,GEN_DUID,1,"2015/12/18 02:55:00",YAMBUKWF,-0.20,"2015/12/18 02:50:04"
D,METER_DATA,GEN_DUID,1,"2015/12/18 03:00:00",ANGAS1,0,"2015/12/18 02:55:04"
D,METER_DATA,GEN_DUID,1,"2015/12/18 03:00:00",ANGAS2,0,"2015/12/18 02:55:04"
D,METER_DATA,GEN_DUID,1,"2015/12/18 03:00:00",BUTLERSG,-0.000002,"2015/12/18 02:55:04"
D,METER_DATA,GEN_DUID,1,"2015/12/18 03:00:00",CALL_A_4,0,"2015/12/18 02:55:04"
D,METER_DATA,GEN_DUID,1,"2015/12/18 03:00:00",CAPTL_WF,0,"2015/12/18 02:55:04"
D,METER_DATA,GEN_DUID,1,"2015/12/18 03:00:00",CATHROCK,6.30,"2015/12/18 02:55:04"
D,METER_DATA,GEN_DUID,1,"2015/12/18 03:00:00",CHALLHWF,16.10,"2015/12/18 02:55:04"
D,METER_DATA,GEN_DUID,1,"2015/12/18 03:00:00",CLOVER,-0.01,"2015/12/18 02:55:04"
D,METER_DATA,GEN_DUID,1,"2015/12/18 03:00:00",CLUNY,2.372140,"2015/12/18 02:55:04"
D,METER_DATA,GEN_DUID,1,"2015/12/18 03:00:00",CNUNDAWF,5.406307,"2015/12/18 02:55:04"
D,METER_DATA,GEN_DUID,1,"2015/12/18 03:00:00",CULLRGWF,-0.02,"2015/12/18 02:55:04"
D,METER_DATA,GEN_DUID,1,"2015/12/18 03:00:00",ERGT01,0,"2015/12/18 02:55:04"
D,METER_DATA,GEN_DUID,1,"2015/12/18 03:00:00",GB01,0.187889,"2015/12/18 02:55:04"
D,METER_DATA,GEN_DUID,1,"2015/12/18 03:00:00",GERMCRK,35.799999,"2015/12/18 02:55:04"
D,METER_DATA,GEN_DUID,1,"2015/12/18 03:00:00",INVICTA,0,"2015/12/18 02:55:04"
D,METER_DATA,GEN_DUID,1,"2015/12/18 03:00:00",LKBONNY1,4.912015,"2015/12/18 02:55:04"
D,METER_DATA,GEN_DUID,1,"2015/12/18 03:00:00",MBAHNTH,4.800001,"2015/12/18 02:55:04"
D,METER_DATA,GEN_DUID,1,"2015/12/18 03:00:00",MTMILLAR,5.484247,"2015/12/18 02:55:04"
D,METER_DATA,GEN_DUID,1,"2015/12/18 03:00:00",PALOONA,0,"2015/12/18 02:55:04"
D,METER_DATA,GEN_DUID,1,"2015/12/18 03:00:00",PIONEER,0,"2015/12/18 02:55:04"
D,METER_DATA,GEN_DUID,1,"2015/12/18 03:00:00",PORTWF,6.50,"2015/12/18 02:55:04"
D,METER_DATA,GEN_DUID,1,"2015/12/18 03:00:00",REPULSE,4.211155,"2015/12/18 02:55:04"
D,METER_DATA,GEN_DUID,1,"2015/12/18 03:00:00",ROWALLAN,9.0951,"2015/12/18 02:55:04"
D,METER_DATA,GEN_DUID,1,"2015/12/18 03:00:00",RPCG,9.30,"2015/12/18 02:55:04"
D,METER_DATA,GEN_DUID,1,"2015/12/18 03:00:00",RUBICON,0,"2015/12/18 02:55:04"
D,METER_DATA,GEN_DUID,1,"2015/12/18 03:00:00",STARHLWF,1.499563,"2015/12/18 02:55:04"
D,METER_DATA,GEN_DUID,1,"2015/12/18 03:00:00",WAUBRAWF,101.794998,"2015/12/18 02:55:04"
D,METER_DATA,GEN_DUID,1,"2015/12/18 03:00:00",WOOLNTH1,21.280016,"2015/12/18 02:55:04"
D,METER_DATA,GEN_DUID,1,"2015/12/18 03:00:00",WPWF,47,"2015/12/18 02:55:04"
D,METER_DATA,GEN_DUID,1,"2015/12/18 03:00:00",YAMBUKWF,-0.10,"2015/12/18 02:55:04"
D,METER_DATA,GEN_DUID,1,"2015/12/18 03:05:00",ANGAS1,0,"2015/12/18 03:00:04"
D,METER_DATA,GEN_DUID,1,"2015/12/18 03:05:00",ANGAS2,0,"2015/12/18 03:00:04"
D,METER_DATA,GEN_DUID,1,"2015/12/18 03:05:00",BUTLERSG,-0.000002,"2015/12/18 03:00:04"
D,METER_DATA,GEN_DUID,1,"2015/12/18 03:05:00",CALL_A_4,0,"2015/12/18 03:00:04"
D,METER_DATA,GEN_DUID,1,"2015/12/18 03:05:00",CAPTL_WF,0,"2015/12/18 03:00:04"
D,METER_DATA,GEN_DUID,1,"2015/12/18 03:05:00",CATHROCK,8.049999,"2015/12/18 03:00:04"
D,METER_DATA,GEN_DUID,1,"2015/12/18 03:05:00",CHALLHWF,18.299999,"2015/12/18 03:00:04"
D,METER_DATA,GEN_DUID,1,"2015/12/18 03:05:00",CLOVER,-0.01,"2015/12/18 03:00:04"
D,METER_DATA,GEN_DUID,1,"2015/12/18 03:05:00",CLUNY,2.1435,"2015/12/18 03:00:04"
D,METER_DATA,GEN_DUID,1,"2015/12/18 03:05:00",CNUNDAWF,4.505256,"2015/12/18 03:00:04"
D,METER_DATA,GEN_DUID,1,"2015/12/18 03:05:00",CULLRGWF,-0.04,"2015/12/18 03:00:04"
D,METER_DATA,GEN_DUID,1,"2015/12/18 03:05:00",ERGT01,0,"2015/12/18 03:00:04"
D,METER_DATA,GEN_DUID,1,"2015/12/18 03:05:00",GB01,0.187889,"2015/12/18 03:00:04"
D,METER_DATA,GEN_DUID,1,"2015/12/18 03:05:00",GERMCRK,35.099998,"2015/12/18 03:00:04"
D,METER_DATA,GEN_DUID,1,"2015/12/18 03:05:00",INVICTA,0,"2015/12/18 03:00:04"
D,METER_DATA,GEN_DUID,1,"2015/12/18 03:05:00",LKBONNY1,5.537180,"2015/12/18 03:00:04"
D,METER_DATA,GEN_DUID,1,"2015/12/18 03:05:00",MBAHNTH,4.800001,"2015/12/18 03:00:04"
D,METER_DATA,GEN_DUID,1,"2015/12/18 03:05:00",MTMILLAR,5.476805,"2015/12/18 03:00:04"
D,METER_DATA,GEN_DUID,1,"2015/12/18 03:05:00",PALOONA,0,"2015/12/18 03:00:04"
D,METER_DATA,GEN_DUID,1,"2015/12/18 03:05:00",PIONEER,0,"2015/12/18 03:00:04"
D,METER_DATA,GEN_DUID,1,"2015/12/18 03:05:00",PORTWF,11.30,"2015/12/18 03:00:04"
D,METER_DATA,GEN_DUID,1,"2015/12/18 03:05:00",REPULSE,3.791945,"2015/12/18 03:00:04"
D,METER_DATA,GEN_DUID,1,"2015/12/18 03:05:00",ROWALLAN,8.9815,"2015/12/18 03:00:04"
D,METER_DATA,GEN_DUID,1,"2015/12/18 03:05:00",RPCG,9.30,"2015/12/18 03:00:04"
D,METER_DATA,GEN_DUID,1,"2015/12/18 03:05:00",RUBICON,0,"2015/12/18 03:00:04"
D,METER_DATA,GEN_DUID,1,"2015/12/18 03:05:00",STARHLWF,1.299621,"2015/12/18 03:00:04"
D,METER_DATA,GEN_DUID,1,"2015/12/18 03:05:00",WAUBRAWF,102.4860,"2015/12/18 03:00:04"
D,METER_DATA,GEN_DUID,1,"2015/12/18 03:05:00",WOOLNTH1,23.290016,"2015/12/18 03:00:04"
D,METER_DATA,GEN_DUID,1,"2015/12/18 03:05:00",WPWF,45,"2015/12/18 03:00:04"
D,METER_DATA,GEN_DUID,1,"2015/12/18 03:05:00",YAMBUKWF,-0.20,"2015/12/18 03:00:04"
D,METER_DATA,GEN_DUID,1,"2015/12/18 03:10:00",ANGAS1,0,"2015/12/18 03:05:04"
D,METER_DATA,GEN_DUID,1,"2015/12/18 03:10:00",ANGAS2,0,"2015/12/18 03:05:04"
D,METER_DATA,GEN_DUID,1,"2015/12/18 03:10:00",BUTLERSG,-0.000002,"2015/12/18 03:05:04"
D,METER_DATA,GEN_DUID,1,"2015/12/18 03:10:00",CALL_A_4,0,"2015/12/18 03:05:04"
D,METER_DATA,GEN_DUID,1,"2015/12/18 03:10:00",CAPTL_WF,0,"2015/12/18 03:05:04"
D,METER_DATA,GEN_DUID,1,"2015/12/18 03:10:00",CATHROCK,6.03,"2015/12/18 03:05:04"
D,METER_DATA,GEN_DUID,1,"2015/12/18 03:10:00",CHALLHWF,19.799999,"2015/12/18 03:05:04"
D,METER_DATA,GEN_DUID,1,"2015/12/18 03:10:00",CLOVER,-0.01,"2015/12/18 03:05:04"
D,METER_DATA,GEN_DUID,1,"2015/12/18 03:10:00",CLUNY,2.4293,"2015/12/18 03:05:04"
D,METER_DATA,GEN_DUID,1,"2015/12/18 03:10:00",CNUNDAWF,4.204905,"2015/12/18 03:05:04"
D,METER_DATA,GEN_DUID,1,"2015/12/18 03:10:00",CULLRGWF,-0.03,"2015/12/18 03:05:04"
D,METER_DATA,GEN_DUID,1,"2015/12/18 03:10:00",ERGT01,0,"2015/12/18 03:05:04"
D,METER_DATA,GEN_DUID,1,"2015/12/18 03:10:00",GB01,0.187889,"2015/12/18 03:05:04"
D,METER_DATA,GEN_DUID,1,"2015/12/18 03:10:00",GERMCRK,35.50,"2015/12/18 03:05:04"
D,METER_DATA,GEN_DUID,1,"2015/12/18 03:10:00",INVICTA,0,"2015/12/18 03:05:04"
D,METER_DATA,GEN_DUID,1,"2015/12/18 03:10:00",LKBONNY1,5.179943,"2015/12/18 03:05:04"
D,METER_DATA,GEN_DUID,1,"2015/12/18 03:10:00",MBAHNTH,4.800001,"2015/12/18 03:05:04"
D,METER_DATA,GEN_DUID,1,"2015/12/18 03:10:00",MTMILLAR,5.380068,"2015/12/18 03:05:04"
D,METER_DATA,GEN_DUID,1,"2015/12/18 03:10:00",PALOONA,0,"2015/12/18 03:05:04"
D,METER_DATA,GEN_DUID,1,"2015/12/18 03:10:00",PIONEER,0,"2015/12/18 03:05:04"
D,METER_DATA,GEN_DUID,1,"2015/12/18 03:10:00",PORTWF,16.299999,"2015/12/18 03:05:04"
D,METER_DATA,GEN_DUID,1,"2015/12/18 03:10:00",REPULSE,4.268320,"2015/12/18 03:05:04"
D,METER_DATA,GEN_DUID,1,"2015/12/18 03:10:00",ROWALLAN,9.102201,"2015/12/18 03:05:04"
D,METER_DATA,GEN_DUID,1,"2015/12/18 03:10:00",RPCG,9.20,"2015/12/18 03:05:04"
D,METER_DATA,GEN_DUID,1,"2015/12/18 03:10:00",RUBICON,0,"2015/12/18 03:05:04"
D,METER_DATA,GEN_DUID,1,"2015/12/18 03:10:00",STARHLWF,1.599534,"2015/12/18 03:05:04"
D,METER_DATA,GEN_DUID,1,"2015/12/18 03:10:00",WAUBRAWF,100.379997,"2015/12/18 03:05:04"
D,METER_DATA,GEN_DUID,1,"2015/12/18 03:10:00",WOOLNTH1,21.520016,"2015/12/18 03:05:04"
D,METER_DATA,GEN_DUID,1,"2015/12/18 03:10:00",WPWF,44,"2015/12/18 03:05:04"
D,METER_DATA,GEN_DUID,1,"2015/12/18 03:10:00",YAMBUKWF,0,"2015/12/18 03:05:04"
D,METER_DATA,GEN_DUID,1,"2015/12/18 03:15:00",ANGAS1,0,"2015/12/18 03:10:04"
D,METER_DATA,GEN_DUID,1,"2015/12/18 03:15:00",ANGAS2,0,"2015/12/18 03:10:04"
D,METER_DATA,GEN_DUID,1,"2015/12/18 03:15:00",BUTLERSG,-0.000002,"2015/12/18 03:10:04"
D,METER_DATA,GEN_DUID,1,"2015/12/18 03:15:00",CALL_A_4,0,"2015/12/18 03:10:04"
D,METER_DATA,GEN_DUID,1,"2015/12/18 03:15:00",CAPTL_WF,0,"2015/12/18 03:10:04"
D,METER_DATA,GEN_DUID,1,"2015/12/18 03:15:00",CATHROCK,3.61,"2015/12/18 03:10:04"
D,METER_DATA,GEN_DUID,1,"2015/12/18 03:15:00",CHALLHWF,20.900002,"2015/12/18 03:10:04"
D,METER_DATA,GEN_DUID,1,"2015/12/18 03:15:00",CLOVER,0,"2015/12/18 03:10:04"
D,METER_DATA,GEN_DUID,1,"2015/12/18 03:15:00",CLUNY,2.172080,"2015/12/18 03:10:04"
D,METER_DATA,GEN_DUID,1,"2015/12/18 03:15:00",CNUNDAWF,3.403971,"2015/12/18 03:10:04"
D,METER_DATA,GEN_DUID,1,"2015/12/18 03:15:00",CULLRGWF,0,"2015/12/18 03:10:04"
D,METER_DATA,GEN_DUID,1,"2015/12/18 03:15:00",ERGT01,0,"2015/12/18 03:10:04"
D,METER_DATA,GEN_DUID,1,"2015/12/18 03:15:00",GB01,0.187889,"2015/12/18 03:10:04"
D,METER_DATA,GEN_DUID,1,"2015/12/18 03:15:00",GERMCRK,35.599998,"2015/12/18 03:10:04"
D,METER_DATA,GEN_DUID,1,"2015/12/18 03:15:00",INVICTA,0,"2015/12/18 03:10:04"
D,METER_DATA,GEN_DUID,1,"2015/12/18 03:15:00",LKBONNY1,4.733396,"2015/12/18 03:10:04"
D,METER_DATA,GEN_DUID,1,"2015/12/18 03:15:00",MBAHNTH,4.800001,"2015/12/18 03:10:04"
D,METER_DATA,GEN_DUID,1,"2015/12/18 03:15:00",MTMILLAR,5.722369,"2015/12/18 03:10:04"
D,METER_DATA,GEN_DUID,1,"2015/12/18 03:15:00",PALOONA,0,"2015/12/18 03:10:04"
D,METER_DATA,GEN_DUID,1,"2015/12/18 03:15:00",PIONEER,0,"2015/12/18 03:10:04"
D,METER_DATA,GEN_DUID,1,"2015/12/18 03:15:00",PORTWF,17.50,"2015/12/18 03:10:04"
D,METER_DATA,GEN_DUID,1,"2015/12/18 03:15:00",REPULSE,3.791945,"2015/12/18 03:10:04"
D,METER_DATA,GEN_DUID,1,"2015/12/18 03:15:00",ROWALLAN,8.9531,"2015/12/18 03:10:04"
D,METER_DATA,GEN_DUID,1,"2015/12/18 03:15:00",RPCG,9.20,"2015/12/18 03:10:04"
D,METER_DATA,GEN_DUID,1,"2015/12/18 03:15:00",RUBICON,0,"2015/12/18 03:10:04"
D,METER_DATA,GEN_DUID,1,"2015/12/18 03:15:00",STARHLWF,1.999417,"2015/12/18 03:10:04"
D,METER_DATA,GEN_DUID,1,"2015/12/18 03:15:00",WAUBRAWF,100.009003,"2015/12/18 03:10:04"
D,METER_DATA,GEN_DUID,1,"2015/12/18 03:15:00",WOOLNTH1,20.570015,"2015/12/18 03:10:04"
D,METER_DATA,GEN_DUID,1,"2015/12/18 03:15:00",WPWF,41,"2015/12/18 03:10:04"
D,METER_DATA,GEN_DUID,1,"2015/12/18 03:15:00",YAMBUKWF,0.20,"2015/12/18 03:10:04"
D,METER_DATA,GEN_DUID,1,"2015/12/18 03:20:00",ANGAS1,0,"2015/12/18 03:15:04"
D,METER_DATA,GEN_DUID,1,"2015/12/18 03:20:00",ANGAS2,0,"2015/12/18 03:15:04"
D,METER_DATA,GEN_DUID,1,"2015/12/18 03:20:00",BUTLERSG,-0.000002,"2015/12/18 03:15:04"
D,METER_DATA,GEN_DUID,1,"2015/12/18 03:20:00",CALL_A_4,0,"2015/12/18 03:15:04"
D,METER_DATA,GEN_DUID,1,"2015/12/18 03:20:00",CAPTL_WF,0,"2015/12/18 03:15:04"
D,METER_DATA,GEN_DUID,1,"2015/12/18 03:20:00",CATHROCK,4.72,"2015/12/18 03:15:04"
D,METER_DATA,GEN_DUID,1,"2015/12/18 03:20:00",CHALLHWF,19.700001,"2015/12/18 03:15:04"
D,METER_DATA,GEN_DUID,1,"2015/12/18 03:20:00",CLOVER,-0.01,"2015/12/18 03:15:04"
D,METER_DATA,GEN_DUID,1,"2015/12/18 03:20:00",CLUNY,2.586490,"2015/12/18 03:15:04"
D,METER_DATA,GEN_DUID,1,"2015/12/18 03:20:00",CNUNDAWF,2.502920,"2015/12/18 03:15:04"
D,METER_DATA,GEN_DUID,1,"2015/12/18 03:20:00",CULLRGWF,0,"2015/12/18 03:15:04"
D,METER_DATA,GEN_DUID,1,"2015/12/18 03:20:00",ERGT01,0,"2015/12/18 03:15:04"
D,METER_DATA,GEN_DUID,1,"2015/12/18 03:20:00",GB01,0.187889,"2015/12/18 03:15:04"
D,METER_DATA,GEN_DUID,1,"2015/12/18 03:20:00",GERMCRK,35.400002,"2015/12/18 03:15:04"
D,METER_DATA,GEN_DUID,1,"2015/12/18 03:20:00",INVICTA,0,"2015/12/18 03:15:04"
D,METER_DATA,GEN_DUID,1,"2015/12/18 03:20:00",LKBONNY1,4.465468,"2015/12/18 03:15:04"
D,METER_DATA,GEN_DUID,1,"2015/12/18 03:20:00",MBAHNTH,4.800001,"2015/12/18 03:15:04"
D,METER_DATA,GEN_DUID,1,"2015/12/18 03:20:00",MTMILLAR,5.394951,"2015/12/18 03:15:04"
D,METER_DATA,GEN_DUID,1,"2015/12/18 03:20:00",PALOONA,0,"2015/12/18 03:15:04"
D,METER_DATA,GEN_DUID,1,"2015/12/18 03:20:00",PIONEER,0,"2015/12/18 03:15:04"
D,METER_DATA,GEN_DUID,1,"2015/12/18 03:20:00",PORTWF,16.50,"2015/12/18 03:15:04"
D,METER_DATA,GEN_DUID,1,"2015/12/18 03:20:00",REPULSE,4.496980,"2015/12/18 03:15:04"
D,METER_DATA,GEN_DUID,1,"2015/12/18 03:20:00",ROWALLAN,9.1803,"2015/12/18 03:15:04"
D,METER_DATA,GEN_DUID,1,"2015/12/18 03:20:00",RPCG,9.20,"2015/12/18 03:15:04"
D,METER_DATA,GEN_DUID,1,"2015/12/18 03:20:00",RUBICON,0,"2015/12/18 03:15:04"
D,METER_DATA,GEN_DUID,1,"2015/12/18 03:20:00",STARHLWF,2.3993,"2015/12/18 03:15:04"
D,METER_DATA,GEN_DUID,1,"2015/12/18 03:20:00",WAUBRAWF,94.811996,"2015/12/18 03:15:04"
D,METER_DATA,GEN_DUID,1,"2015/12/18 03:20:00",WOOLNTH1,18.930016,"2015/12/18 03:15:04"
D,METER_DATA,GEN_DUID,1,"2015/12/18 03:20:00",WPWF,40,"2015/12/18 03:15:04"
D,METER_DATA,GEN_DUID,1,"2015/12/18 03:20:00",YAMBUKWF,0,"2015/12/18 03:15:04"
D,METER_DATA,GEN_DUID,1,"2015/12/18 03:25:00",ANGAS1,0,"2015/12/18 03:20:04"
D,METER_DATA,GEN_DUID,1,"2015/12/18 03:25:00",ANGAS2,0,"2015/12/18 03:20:04"
D,METER_DATA,GEN_DUID,1,"2015/12/18 03:25:00",BUTLERSG,-0.000002,"2015/12/18 03:20:04"
D,METER_DATA,GEN_DUID,1,"2015/12/18 03:25:00",CALL_A_4,0,"2015/12/18 03:20:04"
D,METER_DATA,GEN_DUID,1,"2015/12/18 03:25:00",CAPTL_WF,0,"2015/12/18 03:20:04"
D,METER_DATA,GEN_DUID,1,"2015/12/18 03:25:00",CATHROCK,4.13,"2015/12/18 03:20:04"
D,METER_DATA,GEN_DUID,1,"2015/12/18 03:25:00",CHALLHWF,19.700001,"2015/12/18 03:20:04"
D,METER_DATA,GEN_DUID,1,"2015/12/18 03:25:00",CLOVER,0,"2015/12/18 03:20:04"
D,METER_DATA,GEN_DUID,1,"2015/12/18 03:25:00",CLUNY,2.329270,"2015/12/18 03:20:04"
D,METER_DATA,GEN_DUID,1,"2015/12/18 03:25:00",CNUNDAWF,2.903387,"2015/12/18 03:20:04"
D,METER_DATA,GEN_DUID,1,"2015/12/18 03:25:00",CULLRGWF,-0.06,"2015/12/18 03:20:04"
D,METER_DATA,GEN_DUID,1,"2015/12/18 03:25:00",ERGT01,0,"2015/12/18 03:20:04"
D,METER_DATA,GEN_DUID,1,"2015/12/18 03:25:00",GB01,0.187096,"2015/12/18 03:20:04"
D,METER_DATA,GEN_DUID,1,"2015/12/18 03:25:00",GERMCRK,35.599998,"2015/12/18 03:20:04"
D,METER_DATA,GEN_DUID,1,"2015/12/18 03:25:00",INVICTA,0,"2015/12/18 03:20:04"
D,METER_DATA,GEN_DUID,1,"2015/12/18 03:25:00",LKBONNY1,3.929612,"2015/12/18 03:20:04"
D,METER_DATA,GEN_DUID,1,"2015/12/18 03:25:00",MBAHNTH,4.800001,"2015/12/18 03:20:04"
D,METER_DATA,GEN_DUID,1,"2015/12/18 03:25:00",MTMILLAR,4.338284,"2015/12/18 03:20:04"
D,METER_DATA,GEN_DUID,1,"2015/12/18 03:25:00",PALOONA,0,"2015/12/18 03:20:04"
D,METER_DATA,GEN_DUID,1,"2015/12/18 03:25:00",PIONEER,0,"2015/12/18 03:20:04"
D,METER_DATA,GEN_DUID,1,"2015/12/18 03:25:00",PORTWF,16.200001,"2015/12/18 03:20:04"
D,METER_DATA,GEN_DUID,1,"2015/12/18 03:25:00",REPULSE,4.096825,"2015/12/18 03:20:04"
D,METER_DATA,GEN_DUID,1,"2015/12/18 03:25:00",ROWALLAN,9.0525,"2015/12/18 03:20:04"
D,METER_DATA,GEN_DUID,1,"2015/12/18 03:25:00",RPCG,9.20,"2015/12/18 03:20:04"
D,METER_DATA,GEN_DUID,1,"2015/12/18 03:25:00",RUBICON,0,"2015/12/18 03:20:04"
D,METER_DATA,GEN_DUID,1,"2015/12/18 03:25:00",STARHLWF,2.799184,"2015/12/18 03:20:04"
D,METER_DATA,GEN_DUID,1,"2015/12/18 03:25:00",WAUBRAWF,93.036003,"2015/12/18 03:20:04"
D,METER_DATA,GEN_DUID,1,"2015/12/18 03:25:00",WOOLNTH1,18.040016,"2015/12/18 03:20:04"
D,METER_DATA,GEN_DUID,1,"2015/12/18 03:25:00",WPWF,37,"2015/12/18 03:20:04"
D,METER_DATA,GEN_DUID,1,"2015/12/18 03:25:00",YAMBUKWF,0,"2015/12/18 03:20:04"
D,METER_DATA,GEN_DUID,1,"2015/12/18 03:30:00",ANGAS1,0,"2015/12/18 03:25:04"
D,METER_DATA,GEN_DUID,1,"2015/12/18 03:30:00",ANGAS2,0,"2015/12/18 03:25:04"
D,METER_DATA,GEN_DUID,1,"2015/12/18 03:30:00",BUTLERSG,-0.000002,"2015/12/18 03:25:04"
D,METER_DATA,GEN_DUID,1,"2015/12/18 03:30:00",CALL_A_4,0,"2015/12/18 03:25:04"
D,METER_DATA,GEN_DUID,1,"2015/12/18 03:30:00",CAPTL_WF,0,"2015/12/18 03:25:04"
D,METER_DATA,GEN_DUID,1,"2015/12/18 03:30:00",CATHROCK,4.41,"2015/12/18 03:25:04"
D,METER_DATA,GEN_DUID,1,"2015/12/18 03:30:00",CHALLHWF,21.599998,"2015/12/18 03:25:04"
D,METER_DATA,GEN_DUID,1,"2015/12/18 03:30:00",CLOVER,-0.01,"2015/12/18 03:25:04"
D,METER_DATA,GEN_DUID,1,"2015/12/18 03:30:00",CLUNY,2.386430,"2015/12/18 03:25:04"
D,METER_DATA,GEN_DUID,1,"2015/12/18 03:30:00",CNUNDAWF,3.203737,"2015/12/18 03:25:04"
D,METER_DATA,GEN_DUID,1,"2015/12/18 03:30:00",CULLRGWF,0.02,"2015/12/18 03:25:04"
D,METER_DATA,GEN_DUID,1,"2015/12/18 03:30:00",ERGT01,0,"2015/12/18 03:25:04"
D,METER_DATA,GEN_DUID,1,"2015/12/18 03:30:00",GB01,0.187096,"2015/12/18 03:25:04"
D,METER_DATA,GEN_DUID,1,"2015/12/18 03:30:00",GERMCRK,35.799999,"2015/12/18 03:25:04"
D,METER_DATA,GEN_DUID,1,"2015/12/18 03:30:00",INVICTA,0,"2015/12/18 03:25:04"
D,METER_DATA,GEN_DUID,1,"2015/12/18 03:30:00",LKBONNY1,4.108231,"2015/12/18 03:25:04"
D,METER_DATA,GEN_DUID,1,"2015/12/18 03:30:00",MBAHNTH,4.800001,"2015/12/18 03:25:04"
D,METER_DATA,GEN_DUID,1,"2015/12/18 03:30:00",MTMILLAR,4.695467,"2015/12/18 03:25:04"
D,METER_DATA,GEN_DUID,1,"2015/12/18 03:30:00",PALOONA,0,"2015/12/18 03:25:04"
D,METER_DATA,GEN_DUID,1,"2015/12/18 03:30:00",PIONEER,0,"2015/12/18 03:25:04"
D,METER_DATA,GEN_DUID,1,"2015/12/18 03:30:00",PORTWF,16.200001,"2015/12/18 03:25:04"
D,METER_DATA,GEN_DUID,1,"2015/12/18 03:30:00",REPULSE,4.173045,"2015/12/18 03:25:04"
D,METER_DATA,GEN_DUID,1,"2015/12/18 03:30:00",ROWALLAN,9.0454,"2015/12/18 03:25:04"
D,METER_DATA,GEN_DUID,1,"2015/12/18 03:30:00",RPCG,8,"2015/12/18 03:25:04"
D,METER_DATA,GEN_DUID,1,"2015/12/18 03:30:00",RUBICON,0,"2015/12/18 03:25:04"
D,METER_DATA,GEN_DUID,1,"2015/12/18 03:30:00",STARHLWF,3.199067,"2015/12/18 03:25:04"
D,METER_DATA,GEN_DUID,1,"2015/12/18 03:30:00",WAUBRAWF,91.345001,"2015/12/18 03:25:04"
D,METER_DATA,GEN_DUID,1,"2015/12/18 03:30:00",WOOLNTH1,18.560015,"2015/12/18 03:25:04"
D,METER_DATA,GEN_DUID,1,"2015/12/18 03:30:00",WPWF,39,"2015/12/18 03:25:04"
D,METER_DATA,GEN_DUID,1,"2015/12/18 03:30:00",YAMBUKWF,0,"2015/12/18 03:25:04"
D,METER_DATA,GEN_DUID,1,"2015/12/18 03:35:00",ANGAS1,0,"2015/12/18 03:30:04"
D,METER_DATA,GEN_DUID,1,"2015/12/18 03:35:00",ANGAS2,0,"2015/12/18 03:30:04"
D,METER_DATA,GEN_DUID,1,"2015/12/18 03:35:00",BUTLERSG,-0.000002,"2015/12/18 03:30:04"
D,METER_DATA,GEN_DUID,1,"2015/12/18 03:35:00",CALL_A_4,0,"2015/12/18 03:30:04"
D,METER_DATA,GEN_DUID,1,"2015/12/18 03:35:00",CAPTL_WF,0,"2015/12/18 03:30:04"
D,METER_DATA,GEN_DUID,1,"2015/12/18 03:35:00",CATHROCK,5.65,"2015/12/18 03:30:04"
D,METER_DATA,GEN_DUID,1,"2015/12/18 03:35:00",CHALLHWF,23.299999,"2015/12/18 03:30:04"
D,METER_DATA,GEN_DUID,1,"2015/12/18 03:35:00",CLOVER,-0.01,"2015/12/18 03:30:04"
D,METER_DATA,GEN_DUID,1,"2015/12/18 03:35:00",CLUNY,2.200660,"2015/12/18 03:30:04"
D,METER_DATA,GEN_DUID,1,"2015/12/18 03:35:00",CNUNDAWF,2.402803,"2015/12/18 03:30:04"
D,METER_DATA,GEN_DUID,1,"2015/12/18 03:35:00",CULLRGWF,0.01,"2015/12/18 03:30:04"
D,METER_DATA,GEN_DUID,1,"2015/12/18 03:35:00",ERGT01,0,"2015/12/18 03:30:04"
D,METER_DATA,GEN_DUID,1,"2015/12/18 03:35:00",GB01,0.187096,"2015/12/18 03:30:04"
D,METER_DATA,GEN_DUID,1,"2015/12/18 03:35:00",GERMCRK,36,"2015/12/18 03:30:04"
D,METER_DATA,GEN_DUID,1,"2015/12/18 03:35:00",INVICTA,0,"2015/12/18 03:30:04"
D,METER_DATA,GEN_DUID,1,"2015/12/18 03:35:00",LKBONNY1,4.376159,"2015/12/18 03:30:04"
D,METER_DATA,GEN_DUID,1,"2015/12/18 03:35:00",MBAHNTH,4.800001,"2015/12/18 03:30:04"
D,METER_DATA,GEN_DUID,1,"2015/12/18 03:35:00",MTMILLAR,4.546641,"2015/12/18 03:30:04"
D,METER_DATA,GEN_DUID,1,"2015/12/18 03:35:00",PALOONA,0,"2015/12/18 03:30:04"
D,METER_DATA,GEN_DUID,1,"2015/12/18 03:35:00",PIONEER,0,"2015/12/18 03:30:04"
D,METER_DATA,GEN_DUID,1,"2015/12/18 03:35:00",PORTWF,19.799999,"2015/12/18 03:30:04"
D,METER_DATA,GEN_DUID,1,"2015/12/18 03:35:00",REPULSE,3.753835,"2015/12/18 03:30:04"
D,METER_DATA,GEN_DUID,1,"2015/12/18 03:35:00",ROWALLAN,8.8324,"2015/12/18 03:30:04"
D,METER_DATA,GEN_DUID,1,"2015/12/18 03:35:00",RPCG,9.10,"2015/12/18 03:30:04"
D,METER_DATA,GEN_DUID,1,"2015/12/18 03:35:00",RUBICON,0,"2015/12/18 03:30:04"
D,METER_DATA,GEN_DUID,1,"2015/12/18 03:35:00",STARHLWF,3.099096,"2015/12/18 03:30:04"
D,METER_DATA,GEN_DUID,1,"2015/12/18 03:35:00",WAUBRAWF,91.519997,"2015/12/18 03:30:04"
D,METER_DATA,GEN_DUID,1,"2015/12/18 03:35:00",WOOLNTH1,18.810017,"2015/12/18 03:30:04"
D,METER_DATA,GEN_DUID,1,"2015/12/18 03:35:00",WPWF,39,"2015/12/18 03:30:04"
D,METER_DATA,GEN_DUID,1,"2015/12/18 03:35:00",YAMBUKWF,-0.10,"2015/12/18 03:30:04"
D,METER_DATA,GEN_DUID,1,"2015/12/18 03:40:00",ANGAS1,0,"2015/12/18 03:35:04"
D,METER_DATA,GEN_DUID,1,"2015/12/18 03:40:00",ANGAS2,0,"2015/12/18 03:35:04"
D,METER_DATA,GEN_DUID,1,"2015/12/18 03:40:00",BUTLERSG,-0.000002,"2015/12/18 03:35:04"
D,METER_DATA,GEN_DUID,1,"2015/12/18 03:40:00",CALL_A_4,0,"2015/12/18 03:35:04"
D,METER_DATA,GEN_DUID,1,"2015/12/18 03:40:00",CAPTL_WF,0,"2015/12/18 03:35:04"
D,METER_DATA,GEN_DUID,1,"2015/12/18 03:40:00",CATHROCK,3.71,"2015/12/18 03:35:04"
D,METER_DATA,GEN_DUID,1,"2015/12/18 03:40:00",CHALLHWF,28.299999,"2015/12/18 03:35:04"
D,METER_DATA,GEN_DUID,1,"2015/12/18 03:40:00",CLOVER,-0.01,"2015/12/18 03:35:04"
D,METER_DATA,GEN_DUID,1,"2015/12/18 03:40:00",CLUNY,2.4293,"2015/12/18 03:35:04"
D,METER_DATA,GEN_DUID,1,"2015/12/18 03:40:00",CNUNDAWF,2.803270,"2015/12/18 03:35:04"
D,METER_DATA,GEN_DUID,1,"2015/12/18 03:40:00",CULLRGWF,-0.01,"2015/12/18 03:35:04"
D,METER_DATA,GEN_DUID,1,"2015/12/18 03:40:00",ERGT01,0,"2015/12/18 03:35:04"
D,METER_DATA,GEN_DUID,1,"2015/12/18 03:40:00",GB01,0.187096,"2015/12/18 03:35:04"
D,METER_DATA,GEN_DUID,1,"2015/12/18 03:40:00",GERMCRK,35.900002,"2015/12/18 03:35:04"
D,METER_DATA,GEN_DUID,1,"2015/12/18 03:40:00",INVICTA,0,"2015/12/18 03:35:04"
D,METER_DATA,GEN_DUID,1,"2015/12/18 03:40:00",LKBONNY1,5.001324,"2015/12/18 03:35:04"
D,METER_DATA,GEN_DUID,1,"2015/12/18 03:40:00",MBAHNTH,4.800001,"2015/12/18 03:35:04"
D,METER_DATA,GEN_DUID,1,"2015/12/18 03:40:00",MTMILLAR,4.397815,"2015/12/18 03:35:04"
D,METER_DATA,GEN_DUID,1,"2015/12/18 03:40:00",PALOONA,0,"2015/12/18 03:35:04"
D,METER_DATA,GEN_DUID,1,"2015/12/18 03:40:00",PIONEER,0,"2015/12/18 03:35:04"
D,METER_DATA,GEN_DUID,1,"2015/12/18 03:40:00",PORTWF,22.200001,"2015/12/18 03:35:04"
D,METER_DATA,GEN_DUID,1,"2015/12/18 03:40:00",REPULSE,4.268320,"2015/12/18 03:35:04"
D,METER_DATA,GEN_DUID,1,"2015/12/18 03:40:00",ROWALLAN,9.038301,"2015/12/18 03:35:04"
D,METER_DATA,GEN_DUID,1,"2015/12/18 03:40:00",RPCG,9.10,"2015/12/18 03:35:04"
D,METER_DATA,GEN_DUID,1,"2015/12/18 03:40:00",RUBICON,0,"2015/12/18 03:35:04"
D,METER_DATA,GEN_DUID,1,"2015/12/18 03:40:00",STARHLWF,2.3993,"2015/12/18 03:35:04"
D,METER_DATA,GEN_DUID,1,"2015/12/18 03:40:00",WAUBRAWF,88.764999,"2015/12/18 03:35:04"
D,METER_DATA,GEN_DUID,1,"2015/12/18 03:40:00",WOOLNTH1,16.550014,"2015/12/18 03:35:04"
D,METER_DATA,GEN_DUID,1,"2015/12/18 03:40:00",WPWF,43,"2015/12/18 03:35:04"
D,METER_DATA,GEN_DUID,1,"2015/12/18 03:40:00",YAMBUKWF,-0.10,"2015/12/18 03:35:04"
D,METER_DATA,GEN_DUID,1,"2015/12/18 03:45:00",ANGAS1,0,"2015/12/18 03:40:04"
D,METER_DATA,GEN_DUID,1,"2015/12/18 03:45:00",ANGAS2,0,"2015/12/18 03:40:04"
D,METER_DATA,GEN_DUID,1,"2015/12/18 03:45:00",BUTLERSG,-0.000002,"2015/12/18 03:40:04"
D,METER_DATA,GEN_DUID,1,"2015/12/18 03:45:00",CALL_A_4,0,"2015/12/18 03:40:04"
D,METER_DATA,GEN_DUID,1,"2015/12/18 03:45:00",CAPTL_WF,0,"2015/12/18 03:40:04"
D,METER_DATA,GEN_DUID,1,"2015/12/18 03:45:00",CATHROCK,4.61,"2015/12/18 03:40:04"
D,METER_DATA,GEN_DUID,1,"2015/12/18 03:45:00",CHALLHWF,28.599998,"2015/12/18 03:40:04"
D,METER_DATA,GEN_DUID,1,"2015/12/18 03:45:00",CLOVER,-0.01,"2015/12/18 03:40:04"
D,METER_DATA,GEN_DUID,1,"2015/12/18 03:45:00",CLUNY,2.272110,"2015/12/18 03:40:04"
D,METER_DATA,GEN_DUID,1,"2015/12/18 03:45:00",CNUNDAWF,3.904555,"2015/12/18 03:40:04"
D,METER_DATA,GEN_DUID,1,"2015/12/18 03:45:00",CULLRGWF,-0.02,"2015/12/18 03:40:04"
D,METER_DATA,GEN_DUID,1,"2015/12/18 03:45:00",ERGT01,0,"2015/12/18 03:40:04"
D,METER_DATA,GEN_DUID,1,"2015/12/18 03:45:00",GB01,0.187096,"2015/12/18 03:40:04"
D,METER_DATA,GEN_DUID,1,"2015/12/18 03:45:00",GERMCRK,35.900002,"2015/12/18 03:40:04"
D,METER_DATA,GEN_DUID,1,"2015/12/18 03:45:00",INVICTA,0,"2015/12/18 03:40:04"
D,METER_DATA,GEN_DUID,1,"2015/12/18 03:45:00",LKBONNY1,4.286849,"2015/12/18 03:40:04"
D,METER_DATA,GEN_DUID,1,"2015/12/18 03:45:00",MBAHNTH,4.800001,"2015/12/18 03:40:04"
D,METER_DATA,GEN_DUID,1,"2015/12/18 03:45:00",MTMILLAR,3.958778,"2015/12/18 03:40:04"
D,METER_DATA,GEN_DUID,1,"2015/12/18 03:45:00",PALOONA,0,"2015/12/18 03:40:04"
D,METER_DATA,GEN_DUID,1,"2015/12/18 03:45:00",PIONEER,0,"2015/12/18 03:40:04"
D,METER_DATA,GEN_DUID,1,"2015/12/18 03:45:00",PORTWF,25,"2015/12/18 03:40:04"
D,METER_DATA,GEN_DUID,1,"2015/12/18 03:45:00",REPULSE,3.963440,"2015/12/18 03:40:04"
D,METER_DATA,GEN_DUID,1,"2015/12/18 03:45:00",ROWALLAN,8.9034,"2015/12/18 03:40:04"
D,METER_DATA,GEN_DUID,1,"2015/12/18 03:45:00",RPCG,9.10,"2015/12/18 03:40:04"
D,METER_DATA,GEN_DUID,1,"2015/12/18 03:45:00",RUBICON,0,"2015/12/18 03:40:04"
D,METER_DATA,GEN_DUID,1,"2015/12/18 03:45:00",STARHLWF,1.599534,"2015/12/18 03:40:04"
D,METER_DATA,GEN_DUID,1,"2015/12/18 03:45:00",WAUBRAWF,87.466003,"2015/12/18 03:40:04"
D,METER_DATA,GEN_DUID,1,"2015/12/18 03:45:00",WOOLNTH1,15.420015,"2015/12/18 03:40:04"
D,METER_DATA,GEN_DUID,1,"2015/12/18 03:45:00",WPWF,40,"2015/12/18 03:40:04"
D,METER_DATA,GEN_DUID,1,"2015/12/18 03:45:00",YAMBUKWF,-0.10,"2015/12/18 03:40:04"
D,METER_DATA,GEN_DUID,1,"2015/12/18 03:50:00",ANGAS1,0,"2015/12/18 03:45:05"
D,METER_DATA,GEN_DUID,1,"2015/12/18 03:50:00",ANGAS2,0,"2015/12/18 03:45:05"
D,METER_DATA,GEN_DUID,1,"2015/12/18 03:50:00",BUTLERSG,-0.000002,"2015/12/18 03:45:05"
D,METER_DATA,GEN_DUID,1,"2015/12/18 03:50:00",CALL_A_4,0,"2015/12/18 03:45:05"
D,METER_DATA,GEN_DUID,1,"2015/12/18 03:50:00",CAPTL_WF,0,"2015/12/18 03:45:05"
D,METER_DATA,GEN_DUID,1,"2015/12/18 03:50:00",CATHROCK,3.70,"2015/12/18 03:45:05"
D,METER_DATA,GEN_DUID,1,"2015/12/18 03:50:00",CHALLHWF,29.400002,"2015/12/18 03:45:05"
D,METER_DATA,GEN_DUID,1,"2015/12/18 03:50:00",CLOVER,-0.01,"2015/12/18 03:45:05"
D,METER_DATA,GEN_DUID,1,"2015/12/18 03:50:00",CLUNY,2.300690,"2015/12/18 03:45:05"
D,METER_DATA,GEN_DUID,1,"2015/12/18 03:50:00",CNUNDAWF,4.004672,"2015/12/18 03:45:05"
D,METER_DATA,GEN_DUID,1,"2015/12/18 03:50:00",CULLRGWF,0,"2015/12/18 03:45:05"
D,METER_DATA,GEN_DUID,1,"2015/12/18 03:50:00",ERGT01,0,"2015/12/18 03:45:05"
D,METER_DATA,GEN_DUID,1,"2015/12/18 03:50:00",GB01,0.187096,"2015/12/18 03:45:05"
D,METER_DATA,GEN_DUID,1,"2015/12/18 03:50:00",GERMCRK,35.799999,"2015/12/18 03:45:05"
D,METER_DATA,GEN_DUID,1,"2015/12/18 03:50:00",INVICTA,0,"2015/12/18 03:45:05"
D,METER_DATA,GEN_DUID,1,"2015/12/18 03:50:00",LKBONNY1,5.090634,"2015/12/18 03:45:05"
D,METER_DATA,GEN_DUID,1,"2015/12/18 03:50:00",MBAHNTH,4.800001,"2015/12/18 03:45:05"
D,METER_DATA,GEN_DUID,1,"2015/12/18 03:50:00",MTMILLAR,3.222088,"2015/12/18 03:45:05"
D,METER_DATA,GEN_DUID,1,"2015/12/18 03:50:00",PALOONA,0,"2015/12/18 03:45:05"
D,METER_DATA,GEN_DUID,1,"2015/12/18 03:50:00",PIONEER,0,"2015/12/18 03:45:05"
D,METER_DATA,GEN_DUID,1,"2015/12/18 03:50:00",PORTWF,27.40,"2015/12/18 03:45:05"
D,METER_DATA,GEN_DUID,1,"2015/12/18 03:50:00",REPULSE,3.906275,"2015/12/18 03:45:05"
D,METER_DATA,GEN_DUID,1,"2015/12/18 03:50:00",ROWALLAN,8.9602,"2015/12/18 03:45:05"
D,METER_DATA,GEN_DUID,1,"2015/12/18 03:50:00",RPCG,9.10,"2015/12/18 03:45:05"
D,METER_DATA,GEN_DUID,1,"2015/12/18 03:50:00",RUBICON,0,"2015/12/18 03:45:05"
D,METER_DATA,GEN_DUID,1,"2015/12/18 03:50:00",STARHLWF,2.099388,"2015/12/18 03:45:05"
D,METER_DATA,GEN_DUID,1,"2015/12/18 03:50:00",WAUBRAWF,85.267998,"2015/12/18 03:45:05"
D,METER_DATA,GEN_DUID,1,"2015/12/18 03:50:00",WOOLNTH1,14.660015,"2015/12/18 03:45:05"
D,METER_DATA,GEN_DUID,1,"2015/12/18 03:50:00",WPWF,40,"2015/12/18 03:45:05"
D,METER_DATA,GEN_DUID,1,"2015/12/18 03:50:00",YAMBUKWF,-0.10,"2015/12/18 03:45:05"
D,METER_DATA,GEN_DUID,1,"2015/12/18 03:55:00",ANGAS1,0,"2015/12/18 03:50:04"
D,METER_DATA,GEN_DUID,1,"2015/12/18 03:55:00",ANGAS2,0,"2015/12/18 03:50:04"
D,METER_DATA,GEN_DUID,1,"2015/12/18 03:55:00",BUTLERSG,-0.000002,"2015/12/18 03:50:04"
D,METER_DATA,GEN_DUID,1,"2015/12/18 03:55:00",CALL_A_4,0,"2015/12/18 03:50:04"
D,METER_DATA,GEN_DUID,1,"2015/12/18 03:55:00",CAPTL_WF,0,"2015/12/18 03:50:04"
D,METER_DATA,GEN_DUID,1,"2015/12/18 03:55:00",CATHROCK,6.25,"2015/12/18 03:50:04"
D,METER_DATA,GEN_DUID,1,"2015/12/18 03:55:00",CHALLHWF,31,"2015/12/18 03:50:04"
D,METER_DATA,GEN_DUID,1,"2015/12/18 03:55:00",CLOVER,0,"2015/12/18 03:50:04"
D,METER_DATA,GEN_DUID,1,"2015/12/18 03:55:00",CLUNY,2.100630,"2015/12/18 03:50:04"
D,METER_DATA,GEN_DUID,1,"2015/12/18 03:55:00",CNUNDAWF,4.305022,"2015/12/18 03:50:04"
D,METER_DATA,GEN_DUID,1,"2015/12/18 03:55:00",CULLRGWF,-0.03,"2015/12/18 03:50:04"
D,METER_DATA,GEN_DUID,1,"2015/12/18 03:55:00",ERGT01,0,"2015/12/18 03:50:04"
D,METER_DATA,GEN_DUID,1,"2015/12/18 03:55:00",GB01,0.187096,"2015/12/18 03:50:04"
D,METER_DATA,GEN_DUID,1,"2015/12/18 03:55:00",GERMCRK,35.799999,"2015/12/18 03:50:04"
D,METER_DATA,GEN_DUID,1,"2015/12/18 03:55:00",INVICTA,0,"2015/12/18 03:50:04"
D,METER_DATA,GEN_DUID,1,"2015/12/18 03:55:00",LKBONNY1,5.090634,"2015/12/18 03:50:04"
D,METER_DATA,GEN_DUID,1,"2015/12/18 03:55:00",MBAHNTH,4.800001,"2015/12/18 03:50:04"
D,METER_DATA,GEN_DUID,1,"2015/12/18 03:55:00",MTMILLAR,3.251853,"2015/12/18 03:50:04"
D,METER_DATA,GEN_DUID,1,"2015/12/18 03:55:00",PALOONA,0,"2015/12/18 03:50:04"
D,METER_DATA,GEN_DUID,1,"2015/12/18 03:55:00",PIONEER,0,"2015/12/18 03:50:04"
D,METER_DATA,GEN_DUID,1,"2015/12/18 03:55:00",PORTWF,28.299999,"2015/12/18 03:50:04"
D,METER_DATA,GEN_DUID,1,"2015/12/18 03:55:00",REPULSE,3.658560,"2015/12/18 03:50:04"
D,METER_DATA,GEN_DUID,1,"2015/12/18 03:55:00",ROWALLAN,8.846601,"2015/12/18 03:50:04"
D,METER_DATA,GEN_DUID,1,"2015/12/18 03:55:00",RPCG,9.10,"2015/12/18 03:50:04"
D,METER_DATA,GEN_DUID,1,"2015/12/18 03:55:00",RUBICON,0,"2015/12/18 03:50:04"
D,METER_DATA,GEN_DUID,1,"2015/12/18 03:55:00",STARHLWF,2.099388,"2015/12/18 03:50:04"
D,METER_DATA,GEN_DUID,1,"2015/12/18 03:55:00",WAUBRAWF,82.214996,"2015/12/18 03:50:04"
D,METER_DATA,GEN_DUID,1,"2015/12/18 03:55:00",WOOLNTH1,11.820016,"2015/12/18 03:50:04"
D,METER_DATA,GEN_DUID,1,"2015/12/18 03:55:00",WPWF,40,"2015/12/18 03:50:04"
D,METER_DATA,GEN_DUID,1,"2015/12/18 03:55:00",YAMBUKWF,-0.20,"2015/12/18 03:50:04"
D,METER_DATA,GEN_DUID,1,"2015/12/18 04:00:00",ANGAS1,0,"2015/12/18 03:55:04"
D,METER_DATA,GEN_DUID,1,"2015/12/18 04:00:00",ANGAS2,0,"2015/12/18 03:55:04"
D,METER_DATA,GEN_DUID,1,"2015/12/18 04:00:00",BUTLERSG,-0.000002,"2015/12/18 03:55:04"
D,METER_DATA,GEN_DUID,1,"2015/12/18 04:00:00",CALL_A_4,0,"2015/12/18 03:55:04"
D,METER_DATA,GEN_DUID,1,"2015/12/18 04:00:00",CAPTL_WF,0,"2015/12/18 03:55:04"
D,METER_DATA,GEN_DUID,1,"2015/12/18 04:00:00",CATHROCK,7.59,"2015/12/18 03:55:04"
D,METER_DATA,GEN_DUID,1,"2015/12/18 04:00:00",CHALLHWF,32.700001,"2015/12/18 03:55:04"
D,METER_DATA,GEN_DUID,1,"2015/12/18 04:00:00",CLOVER,-0.01,"2015/12/18 03:55:04"
D,METER_DATA,GEN_DUID,1,"2015/12/18 04:00:00",CLUNY,2.329270,"2015/12/18 03:55:04"
D,METER_DATA,GEN_DUID,1,"2015/12/18 04:00:00",CNUNDAWF,5.406307,"2015/12/18 03:55:04"
D,METER_DATA,GEN_DUID,1,"2015/12/18 04:00:00",CULLRGWF,0,"2015/12/18 03:55:04"
D,METER_DATA,GEN_DUID,1,"2015/12/18 04:00:00",ERGT01,0,"2015/12/18 03:55:04"
D,METER_DATA,GEN_DUID,1,"2015/12/18 04:00:00",GB01,0.187096,"2015/12/18 03:55:04"
D,METER_DATA,GEN_DUID,1,"2015/12/18 04:00:00",GERMCRK,35.299999,"2015/12/18 03:55:04"
D,METER_DATA,GEN_DUID,1,"2015/12/18 04:00:00",INVICTA,0,"2015/12/18 03:55:04"
D,METER_DATA,GEN_DUID,1,"2015/12/18 04:00:00",LKBONNY1,4.465468,"2015/12/18 03:55:04"
D,METER_DATA,GEN_DUID,1,"2015/12/18 04:00:00",MBAHNTH,4.800001,"2015/12/18 03:55:04"
D,METER_DATA,GEN_DUID,1,"2015/12/18 04:00:00",MTMILLAR,2.909553,"2015/12/18 03:55:04"
D,METER_DATA,GEN_DUID,1,"2015/12/18 04:00:00",PALOONA,0,"2015/12/18 03:55:04"
D,METER_DATA,GEN_DUID,1,"2015/12/18 04:00:00",PIONEER,0,"2015/12/18 03:55:04"
D,METER_DATA,GEN_DUID,1,"2015/12/18 04:00:00",PORTWF,27,"2015/12/18 03:55:04"
D,METER_DATA,GEN_DUID,1,"2015/12/18 04:00:00",REPULSE,3.963440,"2015/12/18 03:55:04"
D,METER_DATA,GEN_DUID,1,"2015/12/18 04:00:00",ROWALLAN,8.9673,"2015/12/18 03:55:04"
D,METER_DATA,GEN_DUID,1,"2015/12/18 04:00:00",RPCG,8,"2015/12/18 03:55:04"
D,METER_DATA,GEN_DUID,1,"2015/12/18 04:00:00",RUBICON,0,"2015/12/18 03:55:04"
D,METER_DATA,GEN_DUID,1,"2015/12/18 04:00:00",STARHLWF,1.699504,"2015/12/18 03:55:04"
D,METER_DATA,GEN_DUID,1,"2015/12/18 04:00:00",WAUBRAWF,79.452003,"2015/12/18 03:55:04"
D,METER_DATA,GEN_DUID,1,"2015/12/18 04:00:00",WOOLNTH1,9.220016,"2015/12/18 03:55:04"
D,METER_DATA,GEN_DUID,1,"2015/12/18 04:00:00",WPWF,41,"2015/12/18 03:55:04"
D,METER_DATA,GEN_DUID,1,"2015/12/18 04:00:00",YAMBUKWF,-0.30,"2015/12/18 03:55:04"
C,"END OF REPORT",8848
